1.79,129.0,SE
2.68,148.0,SE
3.57,159.0,SE
5.36,181.0,SE
6.25,138.0,SE
7.14,109.0,SE
8.93,105.0,SE
10.72,124.0,SE
12.51,120.0,SE
14.3,132.0,SE
17.43,140.0,SE
20.56,152.0,SE
23.69,148.0,SE
27.71,164.0,SE
31.73,158.0,SE
35.75,154.0,SE
37.54,159.0,SE
39.33,164.0,SE
42.46,170.0,SE
44.25,149.0,SE
46.04,154.0,SE
49.17,164.0,SE
52.3,156.0,SE
55.43,126.0,SE
58.56,90.0,SE
61.69,63.0,SE
65.71,65.0,SE
68.84,55.0,SE
72.86,65.0,SE
76.88,83.0,SE
80.9,91.0,SE
84.92,86.0,SE
89.84,82.0,SE
93.86,86.0,SE
97.88,78.0,SE
102.8,98.0,SE
105.93,107.0,SE
111.74,90.0,SE
116.66,96.0,SE
121.58,95.0,SE
124.71,86.0,SE
127.84,70.0,SE
0.89,61.0,cv
1.78,53.0,cv
4.02,71.0,NW
7.15,72.0,NW
11.17,76.0,NW
14.3,73.0,NW
16.09,79.0,NW
21.9,58.0,NW
29.95,25.0,NW
39.78,26.0,NW
48.72,28.0,NW
55.87,26.0,NW
64.81,20.0,NW
73.75,29.0,NW
80.9,26.0,NW
90.73,27.0,NW
100.56,27.0,NW
108.61,25.0,NW
117.55,29.0,NW
127.38,32.0,NW
136.32,28.0,NW
145.26,29.0,NW
152.41,30.0,NW
159.56,30.0,NW
165.37,28.0,NW
171.18,26.0,NW
180.12,31.0,NW
187.27,33.0,NW
195.32,29.0,NW
198.45,31.0,NW
201.58,30.0,NW
205.6,34.0,NW
208.73,27.0,NW
213.65,25.0,NW
218.57,28.0,NW
4.92,28.0,NE
8.05,27.0,NE
13.86,27.0,NE
18.78,27.0,NE
24.59,29.0,NE
29.51,36.0,NE
34.43,30.0,NE
39.35,27.0,NE
41.14,39.0,NE
0.89,41.0,cv
1.79,33.0,NW
3.58,50.0,NW
5.37,56.0,NW
7.16,59.0,NW
10.29,60.0,NW
13.42,84.0,NW
16.55,106.0,NW
20.57,66.0,NW
23.7,50.0,NW
26.83,56.0,NW
4.02,77.0,NE
8.04,50.0,NE
13.85,44.0,NE
17.87,27.0,NE
23.68,28.0,NE
28.6,21.0,NE
33.52,25.0,NE
39.33,20.0,NE
44.25,29.0,NE
50.06,34.0,NE
54.98,42.0,NE
59.0,28.0,NE
4.02,36.0,NW
5.81,48.0,NW
0.89,49.0,cv
1.79,52.0,NW
3.58,56.0,NW
5.37,96.0,NW
0.89,75.0,cv
1.79,105.0,NW
3.58,132.0,NW
5.37,93.0,NW
7.16,131.0,NW
8.95,127.0,NW
0.45,130.0,cv
1.34,43.0,cv
4.02,37.0,NW
7.15,30.0,NW
10.28,28.0,NW
14.3,24.0,NW
4.92,23.0,NE
4.02,24.0,NW
8.94,27.0,NW
12.96,40.0,NW
16.09,42.0,NW
19.22,42.0,NW
21.01,55.0,NW
22.8,52.0,NW
24.59,51.0,NW
26.38,57.0,NW
28.17,50.0,NW
0.89,54.0,NE
1.79,67.0,NW
1.79,106.0,NE
0.45,159.0,cv
1.34,198.0,cv
2.23,190.0,cv
1.79,210.0,NW
3.58,195.0,NW
0.89,275.0,NE
0.89,164.0,SE
0.45,110.0,cv
1.34,100.0,cv
1.79,81.0,NW
0.89,71.0,NE
0.89,66.0,SE
1.78,92.0,SE
0.89,135.0,NE
0.89,155.0,cv
3.13,198.0,SE
4.92,250.0,SE
0.89,200.0,cv
1.78,231.0,cv
2.67,250.0,cv
0.89,212.0,SE
0.45,219.0,cv
1.34,227.0,cv
1.79,226.0,cv
1.79,225.0,NW
4.92,168.0,NW
6.71,169.0,NW
0.89,165.0,cv
3.13,159.0,NW
4.92,167.0,NW
8.05,196.0,NW
9.84,169.0,NW
13.86,155.0,NW
17.88,119.0,NW
21.9,106.0,NW
25.92,93.0,NW
5.81,84.0,NE
11.62,73.0,NE
17.43,66.0,NE
23.24,40.0,NE
28.16,49.0,NE
33.08,50.0,NE
37.1,49.0,NE
38.89,41.0,NE
1.79,37.0,NW
3.13,45.0,NE
3.13,44.0,NW
4.92,54.0,NW
3.13,50.0,NE
0.45,47.0,cv
0.9,66.0,cv
0.89,75.0,NW
1.78,82.0,NW
4.91,66.0,NW
8.04,83.0,NW
9.83,62.0,NW
12.96,40.0,NW
16.09,23.0,NW
19.22,25.0,NW
22.35,27.0,NW
24.14,35.0,NW
4.02,50.0,NE
3.13,70.0,NW
6.26,75.0,NW
9.39,58.0,NW
12.52,70.0,NW
14.31,68.0,NW
16.1,71.0,NW
19.23,88.0,NW
23.25,84.0,NW
27.27,83.0,NW
30.4,66.0,NW
35.32,27.0,NW
44.26,24.0,NW
52.31,22.0,NW
60.36,23.0,NW
0.89,27.0,cv
4.02,23.0,NW
8.94,17.0,NW
4.02,17.0,NE
3.13,16.0,NW
4.92,16.0,NE
5.81,20.0,NW
13.86,20.0,NW
21.91,18.0,NW
29.06,25.0,NW
33.08,26.0,NW
42.02,27.0,NW
50.96,28.0,NW
59.01,15.0,NW
66.16,24.0,NW
71.97,13.0,NW
76.89,13.0,NW
81.81,13.0,NW
85.83,17.0,NW
89.85,20.0,NW
91.64,27.0,NW
93.43,20.0,NW
0.89,15.0,cv
1.78,21.0,cv
1.79,21.0,NE
0.89,37.0,NW
1.79,26.0,NE
3.58,15.0,NE
3.13,9.0,NW
7.15,11.0,NW
12.96,11.0,NW
16.98,16.0,NW
21.0,13.0,NW
26.81,15.0,NW
35.75,21.0,NW
47.82,24.0,NW
63.02,22.0,NW
75.98,22.0,NW
88.05,22.0,NW
101.01,19.0,NW
109.06,23.0,NW
118.0,25.0,NW
126.05,25.0,NW
134.1,31.0,NW
142.15,25.0,NW
150.2,22.0,NW
160.03,22.0,NW
169.86,15.0,NW
178.8,16.0,NW
189.98,11.0,NW
198.03,11.0,NW
205.18,12.0,NW
215.01,11.0,NW
226.19,12.0,NW
235.13,27.0,NW
243.18,28.0,NW
252.12,34.0,NW
257.93,33.0,NW
263.74,36.0,NW
270.89,26.0,NW
278.94,49.0,NW
286.99,52.0,NW
294.14,47.0,NW
299.06,47.0,NW
1.79,39.0,SE
0.45,59.0,cv
1.34,76.0,cv
1.79,96.0,SE
0.89,95.0,cv
1.78,68.0,cv
0.89,65.0,NE
1.78,75.0,NE
2.67,257.0,NE
0.89,174.0,NW
1.78,164.0,NW
3.57,161.0,NW
6.7,137.0,NW
10.72,92.0,NW
13.85,64.0,NW
15.64,87.0,NW
18.77,87.0,NW
22.79,84.0,NW
24.58,95.0,NW
26.37,79.0,NW
28.16,75.0,NW
29.95,79.0,NW
33.08,86.0,NW
0.89,72.0,cv
1.79,89.0,SE
5.81,94.0,NW
11.62,69.0,NW
20.56,49.0,NW
24.58,33.0,NW
3.13,27.0,NE
8.05,20.0,NE
13.86,36.0,NE
5.81,37.0,NW
11.62,30.0,NW
14.75,18.0,NW
19.67,21.0,NW
7.15,13.0,NE
12.96,23.0,NE
18.77,26.0,NE
22.79,27.0,NE
28.6,30.0,NE
35.75,28.0,NE
41.56,26.0,NE
45.58,26.0,NE
1.79,31.0,NW
0.89,35.0,cv
1.78,36.0,cv
2.23,37.0,cv
0.89,64.0,SE
0.89,83.0,cv
1.78,91.0,cv
1.79,90.0,SE
3.58,102.0,SE
0.89,94.0,cv
1.78,87.0,cv
2.67,141.0,cv
0.89,211.0,NE
0.89,242.0,cv
0.89,271.0,NE
1.78,249.0,NE
1.79,200.0,NW
2.68,147.0,NW
4.47,114.0,NW
6.26,102.0,NW
8.05,108.0,NW
9.84,135.0,NW
0.89,120.0,cv
1.79,148.0,NW
0.89,127.0,cv
1.78,128.0,cv
2.67,140.0,cv
3.56,148.0,cv
0.89,150.0,NE
0.89,154.0,cv
1.78,197.0,cv
2.23,235.0,cv
3.12,261.0,cv
0.89,269.0,NW
2.68,266.0,NW
5.81,263.0,NW
0.45,241.0,cv
1.34,205.0,cv
1.79,160.0,NW
3.58,150.0,NW
6.71,148.0,NW
9.84,208.0,NW
11.63,209.0,NW
14.76,183.0,NW
17.89,161.0,NW
0.45,182.0,cv
1.34,230.0,cv
2.23,170.0,cv
3.12,172.0,cv
4.01,154.0,cv
4.46,166.0,cv
0.89,177.0,SE
1.78,191.0,SE
2.67,212.0,SE
0.89,250.0,NE
0.45,268.0,cv
0.9,317.0,cv
1.35,291.0,cv
0.89,313.0,NE
0.89,282.0,cv
3.13,282.0,NW
4.92,303.0,NW
6.71,349.0,NW
7.6,407.0,NW
1.79,361.0,NE
0.89,234.0,NW
4.02,149.0,NW
5.81,147.0,NW
9.83,184.0,NW
11.62,161.0,NW
13.41,137.0,NW
15.2,146.0,NW
16.99,144.0,NW
1.79,154.0,NE
0.89,173.0,cv
0.89,188.0,SE
2.68,203.0,SE
0.89,233.0,cv
0.89,408.0,SE
0.89,435.0,cv
1.79,403.0,NW
3.58,360.0,NW
0.89,402.0,cv
1.79,358.0,NW
4.92,383.0,NW
6.71,332.0,NW
8.5,274.0,NW
10.29,256.0,NW
11.18,302.0,NW
12.07,330.0,NW
13.86,367.0,NW
0.89,297.0,cv
1.79,331.0,NW
0.89,323.0,cv
1.79,339.0,NW
0.89,301.0,cv
1.34,310.0,cv
0.89,305.0,NE
0.45,313.0,cv
1.34,336.0,cv
0.89,357.0,NE
0.89,485.0,cv
1.79,426.0,NW
4.92,403.0,NW
6.71,374.0,NW
8.5,333.0,NW
11.63,343.0,NW
14.76,364.0,NW
16.55,389.0,NW
19.68,368.0,NW
25.49,267.0,NW
28.62,71.0,NW
31.75,81.0,NW
36.67,51.0,NW
41.59,49.0,NW
48.74,44.0,NW
55.89,45.0,NW
63.04,35.0,NW
71.09,29.0,NW
78.24,27.0,NW
8.05,29.0,NE
7.15,16.0,NW
5.81,23.0,NE
5.81,28.0,NW
12.96,22.0,NW
21.01,11.0,NW
28.16,25.0,NW
37.99,16.0,NW
46.93,20.0,NW
55.87,20.0,NW
65.7,18.0,NW
75.53,18.0,NW
85.36,17.0,NW
95.19,17.0,NW
103.24,17.0,NW
111.29,15.0,NW
118.44,19.0,NW
128.27,16.0,NW
138.1,18.0,NW
147.04,18.0,NW
155.98,18.0,NW
160.9,26.0,NW
3.13,26.0,NE
4.02,25.0,NW
3.13,24.0,NE
1.79,15.0,SE
1.79,17.0,NE
4.92,15.0,NW
10.73,21.0,NW
15.65,40.0,NW
21.46,51.0,NW
25.48,45.0,NW
0.89,61.0,NE
1.79,72.0,NW
3.58,38.0,NW
7.6,35.0,NW
17.43,29.0,NW
27.26,26.0,NW
35.31,18.0,NW
42.46,15.0,NW
48.27,15.0,NW
54.08,22.0,NW
59.0,21.0,NW
63.92,19.0,NW
67.94,22.0,NW
75.09,25.0,NW
84.03,22.0,NW
95.21,26.0,NW
105.04,32.0,NW
114.87,30.0,NW
124.7,32.0,NW
133.64,30.0,NW
139.45,32.0,NW
144.37,37.0,NW
149.29,49.0,NW
153.31,47.0,NW
159.12,39.0,NW
164.04,35.0,NW
168.06,48.0,NW
172.08,49.0,NW
0.89,24.0,cv
4.92,23.0,NW
8.05,20.0,NW
12.97,19.0,NW
16.1,16.0,NW
20.12,22.0,NW
24.14,24.0,NW
25.93,24.0,NW
30.85,41.0,NW
38.9,23.0,NW
46.95,19.0,NW
55.0,15.0,NW
63.05,19.0,NW
71.1,17.0,NW
79.15,17.0,NW
86.3,22.0,NW
1.79,88.0,SE
3.58,85.0,SE
0.89,90.0,cv
1.79,127.0,SE
4.92,144.0,SE
5.81,203.0,SE
6.7,199.0,SE
0.89,231.0,cv
0.89,274.0,NE
1.79,340.0,NW
0.89,298.0,cv
1.79,268.0,NW
3.58,299.0,NW
5.37,300.0,NW
7.16,240.0,NW
10.29,213.0,NW
12.08,171.0,NW
15.21,153.0,NW
17.0,153.0,NW
18.79,140.0,NW
3.13,147.0,NE
6.26,158.0,NE
9.39,153.0,NE
1.79,154.0,NW
4.92,143.0,NW
8.05,90.0,NW
16.1,55.0,NW
24.15,52.0,NW
32.2,41.0,NW
39.35,29.0,NW
47.4,37.0,NW
52.32,49.0,NW
56.34,56.0,NW
62.15,38.0,NW
67.96,37.0,NW
71.98,28.0,NW
76.9,20.0,NW
7.15,22.0,NE
12.07,27.0,NE
16.09,34.0,NE
21.01,27.0,NE
25.03,32.0,NE
3.13,28.0,NW
8.05,28.0,NW
12.97,18.0,NW
20.12,17.0,NW
25.93,16.0,NW
35.76,18.0,NW
44.7,16.0,NW
53.64,12.0,NW
62.58,13.0,NW
72.41,23.0,NW
82.24,21.0,NW
91.18,13.0,NW
99.23,14.0,NW
103.25,23.0,NW
105.04,16.0,NW
0.89,25.0,NE
4.02,20.0,NW
7.15,25.0,NW
12.07,19.0,NW
15.2,24.0,NW
0.89,25.0,cv
1.79,20.0,NE
0.89,24.0,cv
1.79,17.0,NW
0.89,10.0,cv
4.02,11.0,NW
9.83,16.0,NW
17.88,20.0,NW
26.82,13.0,NW
33.97,12.0,NW
42.02,12.0,NW
50.07,12.0,NW
57.22,12.0,NW
65.27,31.0,NW
72.42,36.0,NW
78.23,42.0,NW
84.04,52.0,NW
89.85,26.0,NW
93.87,24.0,NW
97.89,25.0,NW
101.02,43.0,NW
105.94,47.0,NW
109.96,61.0,NW
114.88,66.0,NW
1.79,65.0,cv
0.89,70.0,NW
4.02,36.0,NW
8.94,37.0,NW
0.89,22.0,cv
3.13,24.0,NW
0.89,29.0,cv
4.02,35.0,NW
8.04,35.0,NW
12.96,33.0,NW
18.77,32.0,NW
25.92,25.0,NW
35.75,16.0,NW
45.58,26.0,NW
52.73,32.0,NW
58.54,36.0,NW
64.35,37.0,NW
70.16,45.0,NW
74.18,71.0,NW
78.2,67.0,NW
81.33,69.0,NW
84.46,94.0,NW
87.59,85.0,NW
90.72,35.0,NW
93.85,26.0,NW
95.64,24.0,NW
99.66,20.0,NW
105.47,16.0,NW
109.49,18.0,NW
113.51,19.0,NW
116.64,22.0,NW
120.66,17.0,NW
129.6,18.0,NW
138.54,11.0,NW
145.69,11.0,NW
4.02,16.0,NE
7.15,18.0,NE
0.89,17.0,cv
1.79,19.0,SE
3.58,26.0,SE
1.79,24.0,NE
2.68,54.0,NE
0.89,71.0,cv
5.81,129.0,SE
10.73,145.0,SE
13.86,101.0,SE
15.65,65.0,SE
0.89,70.0,NE
1.78,67.0,NE
0.89,76.0,cv
0.89,76.0,SE
0.89,68.0,cv
0.89,73.0,SE
0.89,73.0,cv
0.89,64.0,NE
1.79,53.0,SE
0.89,72.0,cv
1.79,78.0,SE
6.71,72.0,SE
10.73,56.0,SE
14.75,54.0,SE
16.54,40.0,SE
19.67,49.0,SE
21.46,63.0,SE
23.25,66.0,SE
26.38,64.0,SE
30.4,63.0,SE
34.42,65.0,SE
39.34,64.0,SE
41.13,64.0,SE
42.92,62.0,SE
0.89,56.0,cv
1.34,87.0,cv
1.79,72.0,NE
0.89,104.0,cv
0.89,97.0,NE
0.89,96.0,cv
0.89,86.0,SE
1.79,85.0,NW
4.92,92.0,NE
10.73,55.0,NE
14.75,36.0,NE
16.54,27.0,NE
18.33,25.0,NE
1.79,28.0,cv
2.68,32.0,cv
3.57,35.0,cv
1.79,43.0,NE
3.13,70.0,NW
4.02,83.0,NW
0.89,66.0,cv
0.89,70.0,NE
1.79,80.0,NW
4.92,88.0,NW
8.05,69.0,NW
0.89,71.0,cv
0.89,62.0,NE
0.89,73.0,cv
0.89,107.0,SE
1.79,94.0,NW
4.92,121.0,NW
0.89,132.0,cv
1.34,161.0,cv
1.79,120.0,NW
3.13,72.0,NE
4.92,58.0,NW
12.07,34.0,NW
19.22,14.0,NW
28.16,17.0,NW
37.1,15.0,NW
46.93,23.0,NW
54.08,34.0,NW
59.0,96.0,NW
63.02,87.0,NW
0.89,87.0,cv
1.79,95.0,NW
4.92,105.0,NW
0.45,114.0,cv
1.79,103.0,NW
4.92,99.0,NW
0.89,102.0,cv
1.34,104.0,cv
1.79,78.0,NW
0.89,33.0,cv
0.89,29.0,SE
4.02,27.0,NW
8.04,27.0,NW
12.06,26.0,NW
15.19,33.0,NW
4.02,29.0,NE
3.13,31.0,NW
7.15,28.0,NW
1.79,28.0,NE
4.92,61.0,NE
6.71,64.0,NE
8.5,80.0,NE
11.63,91.0,NE
14.76,79.0,NE
15.65,48.0,NE
1.79,59.0,NW
0.89,82.0,cv
1.79,63.0,NE
4.92,48.0,NE
8.05,54.0,NE
0.89,42.0,cv
1.79,47.0,NE
1.79,87.0,SE
0.89,105.0,NE
0.89,90.0,cv
1.78,101.0,cv
3.13,126.0,NE
4.92,114.0,NE
1.79,103.0,cv
1.79,114.0,SE
3.58,100.0,SE
6.71,72.0,SE
1.79,68.0,cv
1.79,72.0,SE
3.58,71.0,SE
5.37,80.0,SE
6.26,70.0,SE
8.05,63.0,SE
8.94,67.0,SE
9.83,62.0,SE
11.62,69.0,SE
13.41,58.0,SE
15.2,51.0,SE
16.99,51.0,SE
18.78,54.0,SE
20.57,45.0,SE
23.7,47.0,SE
25.49,85.0,SE
27.28,78.0,SE
29.07,68.0,SE
0.89,64.0,cv
1.79,65.0,SE
4.92,80.0,SE
8.05,74.0,SE
11.18,93.0,SE
15.2,77.0,SE
19.22,67.0,SE
22.35,84.0,SE
25.48,77.0,SE
29.5,83.0,SE
33.52,82.0,SE
35.31,100.0,SE
37.1,189.0,SE
38.89,99.0,SE
42.02,71.0,SE
45.15,43.0,SE
46.94,64.0,SE
48.73,68.0,SE
0.89,69.0,cv
1.78,65.0,cv
0.89,71.0,NW
0.89,77.0,cv
0.89,81.0,NW
1.78,88.0,NW
1.79,90.0,NE
1.79,92.0,NW
3.58,88.0,NW
0.89,80.0,cv
1.78,100.0,cv
2.67,105.0,cv
3.56,118.0,cv
1.79,125.0,SE
3.58,141.0,SE
5.37,152.0,SE
0.89,164.0,cv
0.89,147.0,SE
1.78,162.0,SE
2.67,157.0,SE
0.89,156.0,cv
1.79,160.0,NE
0.89,178.0,cv
1.34,187.0,cv
0.89,181.0,SE
0.89,185.0,NE
0.89,197.0,cv
1.79,180.0,NE
1.79,172.0,NW
4.92,166.0,NW
8.05,136.0,NW
12.07,133.0,NW
15.2,140.0,NW
0.89,159.0,cv
2.68,169.0,cv
1.79,170.0,NW
0.89,184.0,cv
1.79,163.0,SE
4.92,140.0,SE
6.71,144.0,SE
0.89,166.0,cv
0.89,196.0,SE
0.89,227.0,cv
1.78,210.0,cv
2.23,233.0,cv
3.12,258.0,cv
1.79,247.0,NW
0.89,230.0,SE
0.89,273.0,cv
0.89,253.0,NW
2.68,254.0,NW
5.81,241.0,NW
0.89,229.0,cv
1.34,199.0,cv
2.23,193.0,cv
4.02,207.0,NW
8.04,176.0,NW
3.13,91.0,NE
4.92,58.0,NE
0.89,39.0,cv
1.78,50.0,cv
1.79,51.0,SE
0.89,49.0,cv
1.79,54.0,SE
3.58,153.0,SE
6.71,181.0,SE
0.89,181.0,cv
3.13,182.0,NE
8.05,156.0,NE
12.07,27.0,NE
16.09,16.0,NE
21.01,22.0,NE
25.03,21.0,NE
29.95,6.0,NE
34.87,8.0,NE
39.79,8.0,NE
45.6,8.0,NE
51.41,10.0,NE
58.56,9.0,NE
65.71,20.0,NE
71.52,14.0,NE
77.33,16.0,NE
83.14,14.0,NE
5.81,10.0,NW
5.81,7.0,NE
11.62,8.0,NE
17.43,12.0,NE
24.58,15.0,NE
31.73,8.0,NE
38.88,11.0,NE
44.69,18.0,NE
50.5,16.0,NE
56.31,11.0,NE
61.23,10.0,NE
67.04,11.0,NE
72.85,10.0,NE
77.77,10.0,NE
82.69,12.0,NE
89.84,12.0,NE
95.65,10.0,NE
5.81,10.0,NW
9.83,9.0,NW
14.75,9.0,NW
19.67,11.0,NW
25.48,12.0,NW
5.81,12.0,NE
11.62,12.0,NE
4.92,21.0,NW
4.02,18.0,NE
7.15,13.0,NE
4.02,18.0,NW
4.92,17.0,NE
8.05,19.0,NE
11.18,22.0,NE
3.13,20.0,NW
8.05,24.0,NW
11.18,19.0,NW
4.02,13.0,NE
9.83,17.0,NE
14.75,22.0,NE
18.77,16.0,NE
22.79,16.0,NE
3.13,11.0,NW
7.15,10.0,NW
11.17,9.0,NW
14.3,11.0,NW
17.43,14.0,NW
4.02,21.0,NE
7.15,26.0,NE
3.13,21.0,NW
3.13,19.0,cv
3.13,13.0,NW
6.26,13.0,NW
1.79,13.0,cv
1.79,13.0,NE
3.58,11.0,NE
5.37,19.0,NE
0.89,22.0,SE
0.89,50.0,cv
1.34,58.0,cv
1.79,60.0,cv
0.89,69.0,NE
3.13,108.0,NW
6.26,51.0,NW
8.05,54.0,NW
11.18,38.0,NW
14.31,27.0,NW
16.1,23.0,NW
19.23,27.0,NW
21.02,28.0,NW
24.15,24.0,NW
0.89,26.0,cv
1.78,23.0,cv
1.79,37.0,SE
0.89,46.0,cv
1.79,49.0,SE
1.79,53.0,cv
3.13,57.0,SE
7.15,51.0,SE
11.17,64.0,SE
15.19,100.0,SE
18.32,113.0,SE
22.34,136.0,SE
0.89,213.0,cv
1.78,259.0,cv
2.67,267.0,cv
0.89,351.0,NE
0.89,980.0,cv
6.26,599.0,NW
10.28,39.0,NW
15.2,7.0,NW
4.02,8.0,NE
4.02,7.0,NW
8.94,7.0,NW
14.75,7.0,NW
20.56,16.0,NW
5.81,19.0,NE
4.92,15.0,NW
4.92,21.0,NE
9.84,18.0,NE
13.86,16.0,NE
17.88,15.0,NE
21.9,16.0,NE
23.69,16.0,NE
0.89,21.0,cv
1.79,36.0,NW
4.92,51.0,NW
8.05,67.0,NW
11.18,46.0,NW
4.02,45.0,NE
8.04,27.0,NE
12.96,24.0,NE
0.89,18.0,cv
1.78,15.0,cv
3.13,17.0,NE
7.15,11.0,NE
4.02,16.0,NW
7.15,16.0,NW
10.28,39.0,NW
12.07,25.0,NW
15.2,17.0,NW
16.99,8.0,NW
18.78,11.0,NW
4.02,14.0,NE
1.79,15.0,cv
2.68,15.0,cv
3.57,13.0,cv
1.79,13.0,SE
2.68,26.0,SE
0.89,50.0,cv
0.89,73.0,NE
0.89,96.0,cv
1.79,116.0,NW
4.92,146.0,NW
8.05,113.0,NW
11.18,91.0,NW
12.07,70.0,NW
0.45,65.0,cv
0.89,51.0,NW
4.02,29.0,NW
8.04,30.0,NW
9.83,26.0,NW
12.96,26.0,NW
0.89,24.0,cv
1.78,21.0,cv
1.79,24.0,NW
0.89,39.0,cv
4.02,79.0,SE
8.04,99.0,SE
12.06,118.0,SE
15.19,140.0,SE
18.32,159.0,SE
20.11,161.0,SE
21.0,167.0,SE
0.89,178.0,cv
1.78,192.0,cv
0.89,198.0,NE
0.89,207.0,cv
1.78,237.0,cv
3.13,247.0,NW
7.15,227.0,NW
11.17,176.0,NW
19.22,113.0,NW
28.16,46.0,NW
35.31,18.0,NW
42.46,13.0,NW
54.53,22.0,NW
63.47,15.0,NW
74.65,18.0,NW
86.72,18.0,NW
97.9,12.0,NW
107.73,11.0,NW
118.91,11.0,NW
130.09,12.0,NW
139.03,9.0,NW
1.79,9.0,NE
0.89,27.0,SE
2.68,31.0,SE
4.47,39.0,SE
6.26,49.0,SE
9.39,48.0,SE
0.45,50.0,cv
0.89,38.0,NW
0.89,36.0,NE
0.89,41.0,cv
0.89,80.0,NE
0.89,70.0,NW
1.79,74.0,NE
0.89,77.0,cv
1.78,87.0,cv
3.13,107.0,NW
0.89,54.0,cv
1.78,36.0,cv
2.67,34.0,cv
5.81,19.0,NW
11.62,26.0,NW
13.41,27.0,NW
5.81,27.0,SE
9.83,29.0,SE
4.02,41.0,cv
4.92,47.0,SE
8.94,115.0,SE
12.96,265.0,SE
14.75,236.0,SE
0.89,296.0,cv
1.78,159.0,cv
2.67,119.0,cv
3.56,115.0,cv
4.45,168.0,cv
4.9,177.0,cv
5.79,191.0,cv
1.79,185.0,NW
3.58,157.0,NW
0.89,114.0,NE
2.68,117.0,NE
4.47,112.0,NE
0.89,107.0,cv
1.78,96.0,cv
4.02,99.0,SE
5.81,82.0,SE
8.94,58.0,SE
3.13,40.0,cv
3.13,45.0,SE
6.26,44.0,SE
10.28,49.0,SE
0.89,65.0,cv
1.78,101.0,cv
2.67,146.0,cv
3.56,165.0,cv
4.45,205.0,cv
5.34,191.0,cv
0.89,204.0,NW
1.78,190.0,NW
3.57,174.0,NW
5.36,144.0,NW
0.89,120.0,SE
1.79,122.0,NW
0.89,152.0,cv
1.79,158.0,NE
1.79,178.0,SE
3.58,184.0,SE
5.37,184.0,SE
8.5,185.0,SE
11.63,175.0,SE
14.76,165.0,SE
0.89,150.0,cv
1.78,163.0,cv
3.13,172.0,NW
4.92,184.0,NW
1.79,178.0,NE
0.89,211.0,SE
0.45,213.0,cv
1.34,282.0,cv
2.23,261.0,cv
2.68,215.0,cv
3.57,233.0,cv
0.89,235.0,NW
2.68,214.0,NW
4.47,205.0,NW
7.6,206.0,NW
9.39,220.0,NW
12.52,191.0,NW
17.44,189.0,NW
22.36,109.0,NW
25.49,65.0,NW
31.3,35.0,NW
36.22,35.0,NW
42.03,27.0,NW
47.84,36.0,NW
51.86,30.0,NW
3.13,23.0,NE
0.89,20.0,cv
1.78,30.0,cv
2.67,69.0,cv
1.79,99.0,SE
7.6,117.0,SE
11.62,154.0,SE
0.89,154.0,cv
1.34,136.0,cv
1.79,143.0,SE
4.92,132.0,SE
6.71,100.0,SE
8.5,89.0,SE
10.29,90.0,SE
12.08,90.0,SE
15.21,99.0,SE
19.23,92.0,SE
23.25,80.0,SE
26.38,56.0,SE
31.3,60.0,SE
34.43,72.0,SE
38.45,76.0,SE
42.47,79.0,SE
45.6,84.0,SE
48.73,92.0,SE
49.62,100.0,SE
51.41,95.0,SE
0.89,81.0,cv
3.13,95.0,SE
4.92,87.0,SE
0.89,86.0,cv
0.89,90.0,NE
0.89,111.0,SE
0.89,104.0,cv
1.78,129.0,cv
2.23,117.0,cv
0.89,105.0,NE
1.79,112.0,NW
3.58,130.0,NW
0.89,134.0,cv
1.78,136.0,cv
1.79,142.0,NW
0.89,150.0,cv
1.78,148.0,cv
1.79,160.0,SE
0.89,179.0,cv
1.78,183.0,cv
1.79,191.0,SE
3.58,195.0,SE
4.47,196.0,SE
0.89,218.0,cv
1.79,246.0,NW
0.89,264.0,SE
0.45,274.0,cv
1.34,282.0,cv
1.79,283.0,NW
3.58,242.0,NW
0.89,227.0,cv
1.78,223.0,cv
1.79,227.0,NW
3.58,227.0,NW
6.71,237.0,NW
9.84,243.0,NW
12.97,262.0,NW
16.99,296.0,NW
21.01,301.0,NW
25.03,302.0,NW
29.05,311.0,NW
33.97,307.0,NW
37.1,312.0,NW
0.89,298.0,cv
1.78,292.0,cv
1.79,299.0,SE
4.92,353.0,SE
0.89,368.0,cv
1.79,309.0,SE
3.58,284.0,SE
6.71,244.0,SE
0.89,218.0,cv
1.78,164.0,cv
2.67,153.0,cv
3.12,135.0,cv
4.01,134.0,cv
0.89,139.0,NE
0.89,148.0,NW
2.68,210.0,NW
4.47,218.0,NW
1.79,253.0,SE
2.68,266.0,SE
6.7,241.0,SE
11.62,235.0,SE
16.54,237.0,SE
21.46,248.0,SE
26.38,180.0,SE
30.4,176.0,SE
35.32,165.0,SE
39.34,138.0,SE
42.47,136.0,SE
45.6,136.0,SE
47.39,130.0,SE
54.54,118.0,SE
59.46,56.0,SE
63.48,55.0,SE
66.61,52.0,SE
69.74,46.0,SE
71.53,46.0,SE
73.32,45.0,SE
75.11,51.0,SE
76.9,53.0,SE
78.69,50.0,SE
79.58,46.0,SE
81.37,58.0,SE
0.89,75.0,cv
1.79,72.0,SE
0.89,82.0,cv
1.78,81.0,cv
3.57,91.0,cv
4.02,93.0,SE
8.04,90.0,SE
12.06,79.0,SE
15.19,79.0,SE
16.08,70.0,SE
16.97,70.0,SE
17.86,84.0,SE
21.88,103.0,SE
25.9,95.0,SE
29.92,66.0,SE
33.05,38.0,SE
37.07,35.0,SE
40.2,30.0,SE
44.22,29.0,SE
47.35,31.0,SE
51.37,29.0,SE
53.16,31.0,SE
54.95,34.0,SE
0.89,52.0,cv
1.79,65.0,SE
0.89,89.0,cv
1.78,138.0,cv
2.67,77.0,cv
1.79,88.0,SE
3.58,95.0,SE
6.71,105.0,SE
9.84,101.0,SE
12.97,102.0,SE
14.76,103.0,SE
16.55,105.0,SE
0.89,98.0,cv
1.79,124.0,SE
0.45,112.0,cv
0.89,123.0,SE
0.89,126.0,NE
0.45,114.0,cv
1.34,115.0,cv
0.89,128.0,NE
0.89,138.0,cv
1.79,145.0,NW
5.81,139.0,NW
9.83,119.0,NW
13.85,114.0,NW
5.81,78.0,NE
12.96,80.0,NE
21.01,37.0,NE
26.82,20.0,NE
33.97,20.0,NE
42.02,14.0,NE
7.15,13.0,NW
16.09,16.0,NW
21.9,15.0,NW
26.82,21.0,NW
29.95,72.0,NW
33.08,85.0,NW
34.87,108.0,NW
0.89,128.0,cv
3.13,161.0,SE
7.15,69.0,SE
12.07,59.0,SE
15.2,42.0,SE
18.33,35.0,SE
20.12,35.0,SE
23.25,29.0,SE
25.04,25.0,SE
28.17,23.0,SE
29.96,17.0,SE
33.09,25.0,SE
36.22,39.0,SE
38.01,44.0,SE
39.8,51.0,SE
42.93,61.0,SE
46.06,70.0,SE
50.08,70.0,SE
53.21,65.0,SE
58.13,75.0,SE
63.05,86.0,SE
67.07,91.0,SE
70.2,95.0,SE
73.33,89.0,SE
77.35,96.0,SE
80.48,99.0,SE
82.27,101.0,SE
0.89,101.0,cv
0.89,108.0,SE
0.89,108.0,cv
1.78,115.0,cv
1.79,111.0,NW
0.89,120.0,cv
1.78,125.0,cv
1.79,138.0,NW
4.92,164.0,NW
12.07,169.0,NW
20.12,82.0,NW
28.17,63.0,NW
36.22,37.0,NW
44.27,37.0,NW
52.32,36.0,NW
60.37,30.0,NW
65.29,27.0,NW
69.31,28.0,NW
72.44,34.0,NW
0.89,44.0,cv
1.79,116.0,NW
3.13,139.0,SE
0.89,129.0,cv
1.79,109.0,NW
0.89,97.0,SE
0.89,92.0,cv
4.02,158.0,SE
8.94,178.0,SE
12.96,135.0,SE
16.98,111.0,SE
0.89,114.0,cv
0.89,121.0,SE
0.89,126.0,cv
3.13,133.0,SE
6.26,146.0,SE
9.39,165.0,SE
12.52,202.0,SE
15.65,230.0,SE
18.78,247.0,SE
20.57,236.0,SE
24.59,227.0,SE
0.89,224.0,cv
1.79,187.0,SE
3.58,150.0,SE
0.89,144.0,cv
1.78,123.0,cv
1.79,134.0,SE
4.92,98.0,SE
6.71,101.0,SE
9.84,108.0,SE
12.97,126.0,SE
0.89,125.0,cv
1.79,121.0,NE
1.79,123.0,SE
3.58,126.0,SE
4.47,131.0,SE
7.6,126.0,SE
9.39,156.0,SE
12.52,187.0,SE
14.31,220.0,SE
17.44,237.0,SE
19.23,252.0,SE
22.36,226.0,SE
3.13,231.0,NW
8.05,222.0,NW
0.89,246.0,cv
1.78,261.0,cv
1.79,256.0,NW
4.92,255.0,NW
8.05,263.0,NW
12.07,269.0,NW
16.99,248.0,NW
22.8,89.0,NW
26.82,15.0,NW
35.76,19.0,NW
45.59,15.0,NW
53.64,13.0,NW
62.58,16.0,NW
71.52,19.0,NW
81.35,19.0,NW
95.21,24.0,NW
105.04,24.0,NW
110.85,17.0,NW
116.66,11.0,NW
123.81,17.0,NW
130.96,14.0,NW
4.92,16.0,NE
1.79,16.0,cv
3.13,18.0,NE
6.26,22.0,NE
9.39,30.0,NE
12.52,27.0,NE
17.44,29.0,NE
23.25,20.0,NE
29.06,14.0,NE
34.87,19.0,NE
40.68,16.0,NE
44.7,12.0,NE
49.62,13.0,NE
55.43,15.0,NE
61.24,11.0,NE
66.16,19.0,NE
71.97,16.0,NE
76.89,27.0,NE
80.91,23.0,NE
82.7,29.0,NE
1.79,26.0,NW
1.79,39.0,SE
3.13,52.0,cv
4.92,65.0,cv
4.02,91.0,SE
1.79,103.0,cv
3.13,99.0,SE
6.26,99.0,SE
9.39,103.0,SE
11.18,96.0,SE
12.07,76.0,SE
13.86,69.0,SE
18.78,83.0,SE
21.91,62.0,SE
25.04,51.0,SE
28.17,53.0,SE
31.3,68.0,SE
34.43,71.0,SE
37.56,62.0,SE
39.35,58.0,SE
0.45,69.0,cv
0.9,74.0,cv
1.79,67.0,SE
4.92,57.0,SE
8.05,69.0,SE
11.18,83.0,SE
1.79,92.0,cv
3.58,100.0,cv
3.13,108.0,SE
6.26,132.0,SE
8.05,132.0,SE
0.89,134.0,cv
1.79,128.0,SE
0.89,124.0,cv
1.78,116.0,cv
2.67,114.0,cv
3.56,70.0,cv
1.79,76.0,SE
3.58,68.0,SE
5.37,74.0,SE
7.16,75.0,SE
10.29,63.0,SE
12.08,73.0,SE
13.87,61.0,SE
15.66,63.0,SE
18.79,65.0,SE
22.81,43.0,SE
24.6,29.0,SE
26.39,28.0,SE
28.18,26.0,SE
0.45,29.0,cv
1.34,32.0,cv
2.23,33.0,cv
1.79,43.0,NW
4.92,50.0,NW
8.05,56.0,NW
12.97,63.0,NW
17.89,47.0,NW
25.04,27.0,NW
33.09,20.0,NW
40.24,16.0,NW
46.05,5.0,NW
53.2,7.0,NW
60.35,8.0,NW
67.5,10.0,NW
73.31,13.0,NW
80.46,11.0,NW
84.48,13.0,NW
88.5,20.0,NW
92.52,18.0,NW
98.33,18.0,NW
105.48,14.0,NW
112.63,20.0,NW
119.78,19.0,NW
127.83,20.0,NW
136.77,20.0,NW
145.71,23.0,NW
154.65,21.0,NW
164.48,14.0,NW
170.29,16.0,NW
175.21,16.0,NW
179.23,26.0,NW
0.89,22.0,cv
1.78,27.0,cv
1.79,51.0,SE
2.68,46.0,SE
1.79,51.0,NW
2.68,48.0,NW
3.57,61.0,NW
5.36,58.0,NW
7.15,85.0,NW
10.28,84.0,NW
0.89,87.0,cv
1.78,111.0,cv
2.67,105.0,cv
3.13,70.0,NW
6.26,53.0,NW
3.13,48.0,cv
3.13,44.0,SE
7.15,33.0,SE
10.28,37.0,SE
14.3,40.0,SE
17.43,34.0,SE
21.45,32.0,SE
24.58,33.0,SE
27.71,51.0,SE
29.5,62.0,SE
32.63,68.0,SE
35.76,89.0,SE
0.89,101.0,cv
0.89,106.0,SE
0.45,144.0,cv
1.79,142.0,NW
0.89,140.0,cv
1.79,158.0,NW
0.89,135.0,cv
1.78,145.0,cv
2.67,161.0,cv
0.89,183.0,SE
0.89,199.0,cv
3.13,224.0,SE
6.26,193.0,SE
9.39,167.0,SE
12.52,162.0,SE
16.54,163.0,SE
1.79,163.0,cv
2.68,154.0,cv
1.79,189.0,SE
4.02,210.0,NW
5.81,222.0,NW
7.6,216.0,NW
10.73,219.0,NW
11.62,223.0,NW
16.54,213.0,NW
31.74,314.0,NW
39.79,59.0,NW
47.84,38.0,NW
57.67,29.0,NW
64.82,27.0,NW
73.76,20.0,NW
82.7,18.0,NW
88.51,19.0,NW
3.13,14.0,NE
8.05,19.0,NW
12.97,23.0,NW
20.12,14.0,NW
25.93,12.0,NW
30.85,12.0,NW
3.13,16.0,NE
3.13,16.0,SE
3.13,17.0,NE
1.79,19.0,SE
2.68,32.0,SE
0.89,53.0,cv
0.89,54.0,NE
4.02,52.0,SE
8.04,91.0,SE
12.06,79.0,SE
16.08,71.0,SE
19.21,47.0,SE
0.89,40.0,cv
3.13,41.0,SE
6.26,41.0,SE
8.05,38.0,SE
0.89,50.0,cv
1.79,69.0,SE
5.81,82.0,SE
9.83,79.0,SE
12.96,76.0,SE
16.98,78.0,SE
21.0,71.0,SE
25.02,73.0,SE
29.04,68.0,SE
33.96,58.0,SE
37.98,61.0,SE
42.0,58.0,SE
47.81,75.0,SE
51.83,78.0,SE
56.75,64.0,SE
60.77,53.0,SE
0.89,41.0,cv
3.13,37.0,SE
4.92,44.0,SE
6.71,65.0,SE
0.89,68.0,cv
0.89,75.0,SE
0.45,80.0,cv
3.13,80.0,NW
6.26,105.0,NW
9.39,86.0,NW
11.18,93.0,NW
14.31,90.0,NW
16.1,73.0,NW
20.12,68.0,NW
23.25,68.0,NW
26.38,78.0,NW
28.17,83.0,NW
29.96,86.0,NW
0.45,94.0,cv
0.89,112.0,NE
1.79,108.0,NW
4.92,116.0,NW
8.94,105.0,NW
12.07,112.0,NW
13.86,87.0,NW
17.88,103.0,NW
21.01,129.0,NW
26.82,153.0,NW
1.79,220.0,SE
4.02,175.0,NW
11.17,132.0,NW
16.98,69.0,NW
22.79,60.0,NW
26.81,50.0,NW
33.96,43.0,NW
41.11,36.0,NW
50.05,26.0,NW
62.12,21.0,NW
73.3,27.0,NW
83.13,21.0,NW
94.31,22.0,NW
106.38,22.0,NW
116.21,17.0,NW
124.26,25.0,NW
129.18,52.0,NW
132.31,30.0,NW
134.1,33.0,NW
135.89,38.0,NW
0.89,44.0,cv
0.89,61.0,NW
0.89,63.0,cv
1.78,72.0,cv
2.67,67.0,cv
0.89,55.0,SE
0.89,50.0,cv
1.78,55.0,cv
0.89,71.0,NE
1.79,79.0,NW
3.58,72.0,NW
6.71,73.0,NW
8.5,73.0,NW
1.79,53.0,NE
3.58,56.0,NE
5.37,60.0,NE
1.79,64.0,NW
3.58,53.0,NW
6.71,45.0,NW
8.5,54.0,NW
11.63,62.0,NW
14.76,63.0,NW
1.79,67.0,NE
3.13,85.0,NW
3.13,89.0,NE
3.13,76.0,NW
1.79,41.0,SE
1.79,83.0,NE
6.71,85.0,NE
9.84,41.0,NE
13.86,18.0,NE
19.67,27.0,NE
26.82,33.0,NE
33.97,34.0,NE
39.78,28.0,NE
44.7,27.0,NE
49.62,23.0,NE
54.54,22.0,NE
58.56,26.0,NE
3.13,20.0,SE
3.13,21.0,NE
1.79,24.0,cv
2.68,23.0,cv
0.89,28.0,SE
0.89,39.0,cv
0.89,51.0,SE
0.45,67.0,cv
0.89,66.0,NE
4.92,76.0,SE
9.84,71.0,SE
13.86,89.0,SE
17.88,96.0,SE
19.67,91.0,SE
0.89,86.0,cv
1.78,83.0,cv
2.67,80.0,cv
3.56,90.0,cv
1.79,110.0,SE
3.58,135.0,SE
5.37,144.0,SE
0.89,166.0,cv
1.79,179.0,SE
3.58,201.0,SE
0.89,227.0,cv
3.13,219.0,NW
3.13,208.0,NE
4.02,202.0,NW
5.81,205.0,NW
7.6,206.0,NW
0.89,209.0,cv
0.89,226.0,NE
1.78,222.0,NE
0.89,239.0,cv
1.78,241.0,cv
2.67,249.0,cv
3.56,248.0,cv
1.79,247.0,SE
0.89,228.0,cv
0.89,225.0,NW
1.78,222.0,NW
3.57,221.0,NW
5.36,214.0,NW
8.49,217.0,NW
10.28,231.0,NW
0.89,249.0,cv
1.79,245.0,NE
0.89,250.0,cv
1.78,232.0,cv
1.79,243.0,SE
0.89,239.0,cv
1.78,234.0,cv
2.67,240.0,cv
1.79,224.0,SE
5.81,206.0,SE
8.94,217.0,SE
0.89,180.0,cv
1.79,180.0,SE
0.89,183.0,cv
1.79,180.0,NE
1.79,216.0,SE
1.79,215.0,NW
4.92,700.0,NW
23.25,473.0,NW
35.32,201.0,NW
46.5,274.0,NW
58.57,381.0,NW
69.75,343.0,NW
84.95,156.0,NW
98.81,64.0,NW
114.01,51.0,NW
129.21,47.0,NW
140.39,37.0,NW
149.33,26.0,NW
158.27,22.0,NW
163.19,19.0,NW
166.32,23.0,NW
171.24,21.0,NW
177.05,27.0,NW
181.97,41.0,NW
185.1,46.0,NW
0.89,55.0,cv
1.78,46.0,cv
1.79,60.0,SE
3.58,47.0,SE
5.37,50.0,SE
0.89,51.0,cv
1.78,41.0,cv
1.79,48.0,SE
4.92,50.0,SE
8.94,55.0,SE
12.96,56.0,SE
18.77,52.0,SE
3.13,49.0,cv
4.92,53.0,SE
10.73,73.0,SE
13.86,82.0,SE
17.88,90.0,SE
21.9,106.0,SE
25.92,113.0,SE
30.84,121.0,SE
34.86,116.0,SE
37.99,111.0,SE
3.13,83.0,cv
1.79,85.0,SE
3.13,87.0,NW
0.89,90.0,NE
0.89,90.0,cv
1.78,100.0,cv
0.89,95.0,NE
1.79,96.0,SE
2.68,102.0,SE
0.89,112.0,cv
3.13,315.0,NW
11.18,784.0,NW
18.33,761.0,NW
28.16,204.0,NW
37.99,122.0,NW
47.82,158.0,NW
57.65,226.0,NW
67.48,128.0,NW
77.31,49.0,NW
84.46,47.0,NW
92.51,27.0,NW
97.43,25.0,NW
103.24,27.0,NW
110.39,18.0,NW
4.02,28.0,NW
1.79,16.0,NE
7.6,24.0,NE
4.02,24.0,NW
0.89,25.0,cv
0.89,46.0,NE
0.89,54.0,NW
0.89,60.0,cv
0.89,86.0,NW
3.13,58.0,SE
8.94,63.0,SE
14.75,59.0,SE
21.9,59.0,SE
29.05,54.0,SE
34.86,53.0,SE
40.67,55.0,SE
46.48,60.0,SE
52.29,55.0,SE
59.44,64.0,SE
64.36,64.0,SE
67.49,55.0,SE
71.51,57.0,SE
75.53,63.0,SE
79.55,69.0,SE
83.57,70.0,SE
86.7,72.0,SE
89.83,71.0,SE
3.13,73.0,NE
1.79,71.0,SE
1.79,70.0,NE
1.79,68.0,NW
4.92,63.0,NW
10.73,67.0,NW
16.54,76.0,NW
7.15,65.0,NE
14.3,44.0,NE
19.22,36.0,NE
24.14,29.0,NE
4.02,20.0,SE
8.04,53.0,SE
12.96,92.0,SE
18.77,134.0,SE
23.69,97.0,SE
27.71,64.0,SE
4.92,52.0,NW
3.13,63.0,NE
4.02,36.0,SE
7.15,22.0,SE
10.28,48.0,SE
14.3,52.0,SE
16.09,43.0,SE
17.88,44.0,SE
19.67,51.0,SE
1.79,69.0,NW
5.81,54.0,NW
12.96,10.0,NW
21.01,12.0,NW
28.16,10.0,NW
37.99,9.0,NW
46.93,12.0,NW
51.85,12.0,NW
1.79,18.0,cv
4.02,16.0,NW
9.83,20.0,NW
13.85,20.0,NW
3.13,18.0,SE
4.92,30.0,SE
0.89,27.0,cv
1.79,29.0,SE
0.89,33.0,cv
1.78,34.0,cv
2.67,59.0,cv
0.89,63.0,SE
0.89,67.0,cv
3.13,62.0,NW
0.45,72.0,cv
0.9,48.0,cv
0.89,70.0,SE
0.89,57.0,cv
0.89,61.0,SE
0.89,38.0,cv
1.78,44.0,cv
3.13,37.0,SE
7.15,43.0,SE
12.96,50.0,SE
17.88,64.0,SE
22.8,64.0,SE
26.82,72.0,SE
31.74,70.0,SE
36.66,65.0,SE
39.79,72.0,SE
0.89,84.0,cv
1.79,85.0,NW
3.13,98.0,NE
4.02,142.0,NW
7.15,97.0,NW
10.28,106.0,NW
4.02,89.0,NE
8.94,61.0,NE
10.73,46.0,NE
4.92,127.0,SE
8.94,134.0,SE
12.07,99.0,SE
13.86,85.0,SE
16.99,75.0,SE
21.01,79.0,SE
24.14,81.0,SE
28.16,74.0,SE
31.29,62.0,SE
35.31,71.0,SE
39.33,58.0,SE
3.13,48.0,cv
3.13,50.0,SE
6.26,54.0,SE
9.39,61.0,SE
12.52,59.0,SE
17.44,62.0,SE
20.57,54.0,SE
24.59,57.0,SE
28.61,44.0,SE
30.4,41.0,SE
32.19,48.0,SE
33.98,44.0,SE
0.89,56.0,cv
0.89,59.0,SE
0.89,67.0,NE
0.89,68.0,SE
0.45,99.0,cv
1.79,88.0,SE
1.79,74.0,NW
3.58,86.0,NW
5.37,93.0,NW
1.79,96.0,cv
4.92,120.0,cv
4.02,99.0,SE
8.94,100.0,SE
13.86,63.0,SE
18.78,57.0,SE
22.8,46.0,SE
25.93,48.0,SE
30.85,60.0,SE
32.64,57.0,SE
34.43,72.0,SE
35.32,82.0,SE
37.11,92.0,SE
38.9,100.0,SE
40.69,117.0,SE
42.48,129.0,SE
43.37,132.0,SE
0.89,142.0,cv
1.78,147.0,cv
0.89,169.0,NE
1.79,208.0,SE
4.92,198.0,SE
8.05,203.0,SE
11.18,218.0,SE
14.31,220.0,SE
0.89,222.0,cv
1.78,237.0,cv
4.02,245.0,SE
5.81,260.0,SE
0.89,259.0,cv
0.89,275.0,NE
1.79,280.0,SE
3.58,296.0,SE
4.47,366.0,SE
0.89,317.0,NE
0.89,297.0,cv
0.89,288.0,SE
2.68,288.0,SE
4.47,254.0,SE
6.26,254.0,SE
8.05,248.0,SE
9.84,271.0,SE
28.17,195.0,SE
1.79,124.0,NW
0.89,129.0,cv
12.07,200.0,NW
19.22,187.0,NW
26.37,149.0,NW
33.52,113.0,NW
39.33,85.0,NW
46.48,71.0,NW
53.63,42.0,NW
63.46,31.0,NW
73.29,39.0,NW
81.34,49.0,NW
85.36,35.0,NW
89.38,31.0,NW
92.51,26.0,NW
95.64,24.0,NW
99.66,22.0,NW
104.58,30.0,NW
111.73,25.0,NW
120.67,21.0,NW
147.94,35.0,NW
159.12,31.0,NW
171.19,15.0,NW
183.26,16.0,NW
193.09,18.0,NW
201.14,15.0,NW
208.29,17.0,NW
211.42,24.0,NW
213.21,20.0,NW
0.89,54.0,cv
1.78,39.0,cv
0.89,27.0,SE
0.45,52.0,cv
0.89,41.0,NW
4.02,35.0,NW
7.15,44.0,NW
10.28,45.0,NW
13.41,40.0,NW
17.43,27.0,NW
23.24,27.0,NW
35.31,21.0,NW
44.25,14.0,NW
53.19,14.0,NW
62.13,17.0,NW
69.28,13.0,NW
76.43,17.0,NW
83.58,16.0,NW
92.52,18.0,NW
101.46,12.0,NW
108.61,12.0,NW
110.4,21.0,NW
0.89,30.0,SE
1.78,69.0,SE
3.57,77.0,SE
5.36,49.0,SE
1.79,48.0,NW
0.89,53.0,cv
1.78,52.0,cv
2.67,53.0,cv
3.12,58.0,cv
4.01,56.0,cv
4.46,60.0,cv
5.35,100.0,cv
1.79,133.0,SE
4.92,138.0,SE
8.05,67.0,SE
12.07,59.0,SE
16.99,82.0,SE
21.91,89.0,SE
25.93,110.0,SE
29.06,128.0,SE
33.98,132.0,SE
38.9,136.0,SE
42.03,132.0,SE
45.16,119.0,SE
49.18,131.0,SE
53.2,161.0,SE
57.22,168.0,SE
62.14,164.0,SE
0.89,184.0,cv
1.79,178.0,NE
0.89,194.0,SE
0.89,206.0,NE
0.89,191.0,cv
1.78,180.0,cv
3.13,200.0,NW
4.92,170.0,NW
1.79,197.0,NE
4.92,184.0,NE
8.94,167.0,NE
1.79,111.0,cv
4.02,92.0,NW
7.15,44.0,NW
1.79,41.0,cv
1.79,34.0,SE
3.58,27.0,SE
6.71,32.0,SE
10.73,43.0,SE
14.75,61.0,SE
16.54,70.0,SE
19.67,87.0,SE
24.59,98.0,SE
28.61,173.0,SE
31.74,199.0,SE
34.87,177.0,SE
39.79,169.0,SE
0.89,187.0,cv
1.78,166.0,cv
1.79,161.0,SE
3.58,169.0,SE
0.89,180.0,cv
1.78,166.0,cv
1.79,185.0,NW
1.79,166.0,cv
1.79,171.0,SE
5.81,176.0,SE
10.73,186.0,SE
15.65,142.0,SE
20.57,121.0,SE
26.38,130.0,SE
29.51,132.0,SE
8.05,126.0,NE
3.13,47.0,SE
3.13,25.0,NE
3.13,23.0,SE
0.89,20.0,cv
1.79,18.0,SE
0.89,30.0,cv
3.13,14.0,NW
7.15,12.0,NW
10.28,18.0,NW
14.3,19.0,NW
19.22,33.0,NW
24.14,26.0,NW
29.95,24.0,NW
37.1,28.0,NW
45.15,27.0,NW
54.98,19.0,NW
62.13,16.0,NW
1.79,15.0,cv
4.92,16.0,NE
5.81,16.0,NW
12.96,15.0,NW
18.77,17.0,NW
22.79,12.0,NW
25.92,15.0,NW
0.45,17.0,cv
3.13,23.0,NW
1.79,19.0,NE
0.89,24.0,cv
1.78,34.0,cv
0.89,52.0,NE
0.45,55.0,cv
1.34,69.0,cv
0.89,87.0,NE
0.89,102.0,cv
0.89,79.0,NE
1.79,75.0,NW
0.89,68.0,NE
0.89,78.0,cv
1.79,101.0,SE
1.79,114.0,cv
3.13,135.0,SE
8.05,140.0,SE
15.2,118.0,SE
24.14,108.0,SE
33.97,103.0,SE
42.91,94.0,SE
50.96,90.0,SE
59.01,87.0,SE
63.93,80.0,SE
68.85,84.0,SE
74.66,96.0,SE
81.81,110.0,SE
88.96,104.0,SE
94.77,97.0,SE
98.79,84.0,SE
102.81,74.0,SE
105.94,74.0,SE
109.96,67.0,SE
113.09,69.0,SE
116.22,69.0,SE
119.35,75.0,SE
123.37,78.0,SE
126.5,91.0,SE
129.63,107.0,SE
134.55,107.0,SE
138.57,127.0,SE
143.49,132.0,SE
148.41,128.0,SE
152.43,122.0,SE
159.58,113.0,SE
165.39,105.0,SE
168.52,127.0,SE
170.31,144.0,SE
0.89,158.0,cv
1.79,141.0,NW
1.79,124.0,SE
1.79,131.0,cv
3.13,150.0,NE
7.15,137.0,NE
10.28,128.0,NE
16.09,103.0,NE
4.92,60.0,NW
4.92,50.0,NE
10.73,63.0,NE
16.54,77.0,NE
22.35,62.0,NE
26.37,58.0,NE
8.05,77.0,SE
15.2,131.0,SE
24.14,121.0,SE
29.06,81.0,SE
33.98,77.0,SE
38.0,67.0,SE
42.02,66.0,SE
45.15,60.0,SE
48.28,71.0,SE
50.07,94.0,SE
1.79,90.0,NE
0.89,85.0,cv
0.89,75.0,NE
0.89,79.0,NW
2.68,91.0,NW
5.81,89.0,NW
7.6,102.0,NW
11.62,49.0,NW
5.81,14.0,NE
10.73,14.0,NE
15.65,16.0,NE
21.46,14.0,NE
26.38,22.0,NE
3.13,17.0,NW
1.79,16.0,cv
4.02,19.0,NW
5.81,19.0,NW
7.6,24.0,NW
3.13,22.0,SE
7.15,22.0,SE
14.3,32.0,SE
20.11,30.0,SE
25.92,24.0,SE
30.84,29.0,SE
37.99,56.0,SE
46.04,58.0,SE
51.85,53.0,SE
55.87,37.0,SE
59.89,39.0,SE
63.91,40.0,SE
67.93,44.0,SE
71.06,48.0,SE
75.98,54.0,SE
79.11,73.0,SE
82.24,89.0,SE
85.37,80.0,SE
89.39,84.0,SE
91.18,91.0,SE
92.97,68.0,SE
96.99,67.0,SE
100.12,75.0,SE
104.14,68.0,SE
0.89,63.0,cv
1.78,57.0,cv
1.79,50.0,NW
1.79,63.0,NE
3.58,81.0,NE
1.79,78.0,NW
3.58,79.0,NW
1.79,87.0,NE
1.79,86.0,NW
3.58,86.0,NW
0.45,87.0,cv
0.9,84.0,cv
1.79,86.0,NW
3.58,108.0,NW
5.37,116.0,NW
7.16,105.0,NW
8.95,95.0,NW
12.08,44.0,NW
17.0,33.0,NW
21.02,23.0,NW
29.07,22.0,NW
34.88,42.0,NW
44.71,88.0,NW
57.67,40.0,NW
70.63,25.0,NW
84.49,29.0,NW
98.35,31.0,NW
109.53,23.0,NW
118.47,14.0,NW
128.3,14.0,NW
136.35,12.0,NW
143.5,11.0,NW
150.65,8.0,NW
156.46,7.0,NW
162.27,8.0,NW
170.32,11.0,NW
175.24,14.0,NW
180.16,13.0,NW
183.29,13.0,NW
187.31,16.0,NW
190.44,14.0,NW
194.46,14.0,NW
199.38,19.0,NW
209.21,12.0,NW
218.15,13.0,NW
229.33,15.0,NW
239.16,14.0,NW
251.23,13.0,NW
262.41,12.0,NW
272.24,11.0,NW
280.29,13.0,NW
285.21,13.0,NW
288.34,13.0,NW
1.79,17.0,NE
1.79,31.0,SE
3.58,47.0,SE
5.37,68.0,SE
0.89,69.0,cv
1.78,100.0,cv
1.79,81.0,NW
0.89,55.0,cv
0.89,48.0,NE
0.89,42.0,cv
0.89,39.0,NW
2.68,26.0,NW
4.47,24.0,NW
3.13,25.0,NE
4.92,30.0,NE
6.71,43.0,NE
8.5,42.0,NE
1.79,57.0,NW
1.79,38.0,cv
3.58,41.0,cv
3.13,54.0,SE
3.13,50.0,cv
4.92,81.0,SE
9.84,96.0,SE
15.65,94.0,SE
22.8,84.0,SE
28.61,67.0,SE
34.42,70.0,SE
39.34,76.0,SE
47.39,79.0,SE
53.2,81.0,SE
59.01,84.0,SE
63.03,97.0,SE
66.16,106.0,SE
69.29,121.0,SE
72.42,130.0,SE
76.44,142.0,SE
79.57,171.0,SE
82.7,196.0,SE
84.49,198.0,SE
87.62,206.0,SE
90.75,203.0,SE
93.88,204.0,SE
97.01,199.0,SE
98.8,193.0,SE
0.89,194.0,cv
1.78,202.0,cv
1.79,200.0,NE
1.79,206.0,NW
1.79,212.0,NE
2.68,220.0,NE
3.57,237.0,NE
0.89,225.0,cv
1.34,235.0,cv
1.79,239.0,NW
3.58,244.0,NW
5.37,255.0,NW
6.26,247.0,NW
7.15,253.0,NW
8.94,242.0,NW
9.83,244.0,NW
12.96,235.0,NW
16.09,249.0,NW
3.13,254.0,NE
6.26,266.0,NE
1.79,286.0,SE
5.81,289.0,SE
9.83,285.0,SE
13.85,215.0,SE
17.87,185.0,SE
21.89,151.0,SE
26.81,134.0,SE
32.62,143.0,SE
38.43,123.0,SE
42.45,102.0,SE
47.37,96.0,SE
52.29,92.0,SE
56.31,91.0,SE
59.44,107.0,SE
61.23,103.0,SE
63.02,129.0,SE
64.81,130.0,SE
66.6,116.0,SE
68.39,128.0,SE
71.52,152.0,SE
75.54,154.0,SE
78.67,151.0,SE
81.8,165.0,SE
84.93,149.0,SE
88.06,162.0,SE
91.19,170.0,SE
95.21,143.0,SE
98.34,144.0,SE
101.47,156.0,SE
103.26,161.0,SE
105.05,140.0,SE
108.18,134.0,SE
109.97,138.0,SE
0.89,184.0,cv
1.79,223.0,NW
3.58,212.0,NW
0.89,206.0,cv
1.79,212.0,SE
0.89,209.0,NW
2.68,198.0,NW
4.47,192.0,NW
6.26,184.0,NW
0.89,177.0,NE
0.45,183.0,cv
0.9,184.0,cv
1.79,195.0,cv
1.79,209.0,NW
1.79,200.0,cv
2.68,207.0,cv
1.79,215.0,SE
1.79,229.0,cv
3.13,248.0,SE
6.26,255.0,SE
9.39,268.0,SE
12.52,264.0,SE
0.45,257.0,cv
0.89,300.0,SE
2.68,309.0,SE
4.47,331.0,SE
6.26,351.0,SE
7.15,389.0,SE
0.89,385.0,NE
2.68,382.0,NE
1.79,382.0,NW
3.58,369.0,NW
5.37,343.0,NW
8.5,342.0,NW
10.29,324.0,NW
4.92,307.0,NE
10.73,272.0,NE
17.88,131.0,NE
23.69,36.0,NE
29.5,22.0,NE
33.52,17.0,NE
36.65,17.0,NE
4.02,27.0,SE
8.94,170.0,SE
14.75,175.0,SE
19.67,121.0,SE
23.69,198.0,SE
26.82,184.0,SE
29.95,167.0,SE
33.97,155.0,SE
35.76,152.0,SE
37.55,110.0,SE
38.44,94.0,SE
0.89,100.0,cv
1.79,100.0,SE
3.58,94.0,SE
4.47,87.0,SE
5.36,82.0,SE
8.49,83.0,SE
0.89,94.0,cv
1.79,92.0,SE
0.89,84.0,cv
2.68,69.0,cv
4.47,83.0,cv
6.26,90.0,cv
3.13,95.0,SE
1.79,73.0,cv
4.92,66.0,cv
4.02,77.0,SE
7.15,80.0,SE
10.28,76.0,SE
0.89,80.0,cv
4.92,71.0,SE
9.84,55.0,SE
13.86,53.0,SE
16.99,48.0,SE
17.88,52.0,SE
19.67,46.0,SE
0.89,38.0,cv
0.89,30.0,NW
4.91,26.0,NW
1.79,27.0,NE
4.02,47.0,NW
9.83,50.0,NW
16.98,51.0,NW
22.79,48.0,NW
28.6,51.0,NW
35.75,49.0,NW
42.9,51.0,NW
50.95,39.0,NW
4.92,23.0,NE
5.81,16.0,NW
11.62,26.0,NW
15.64,32.0,NW
1.79,35.0,NE
4.92,34.0,NE
8.05,46.0,NE
11.18,44.0,NE
14.31,41.0,NE
3.13,34.0,NW
1.79,31.0,NE
3.58,49.0,NE
3.13,37.0,NW
4.92,27.0,NW
8.05,37.0,NW
11.18,45.0,NW
14.31,44.0,NW
18.33,53.0,NW
21.46,48.0,NW
23.25,47.0,NW
25.04,46.0,NW
29.06,42.0,NW
33.08,40.0,NW
38.0,38.0,NW
42.92,30.0,NW
0.89,34.0,cv
3.13,35.0,NW
6.26,35.0,NW
3.13,26.0,SE
4.92,33.0,SE
3.13,47.0,NW
7.15,41.0,NW
10.28,47.0,NW
0.45,37.0,cv
0.89,41.0,NW
0.89,60.0,cv
3.13,62.0,NW
6.26,36.0,NW
8.05,31.0,NW
9.84,24.0,NW
11.63,65.0,NW
14.76,51.0,NW
17.89,41.0,NW
1.79,39.0,cv
3.13,31.0,NW
7.15,19.0,NW
3.13,19.0,cv
5.81,18.0,NW
12.96,10.0,NW
21.01,16.0,NW
25.03,23.0,NW
28.16,21.0,NW
31.29,20.0,NW
4.92,23.0,SE
8.94,32.0,SE
13.86,39.0,SE
17.88,38.0,SE
22.8,45.0,SE
24.59,53.0,SE
27.72,56.0,SE
30.85,54.0,SE
32.64,65.0,SE
35.77,73.0,SE
37.56,70.0,SE
0.45,81.0,cv
1.79,90.0,SE
3.58,86.0,SE
6.71,107.0,SE
11.63,122.0,SE
18.78,114.0,SE
26.83,111.0,SE
32.64,112.0,SE
40.69,111.0,SE
48.74,117.0,SE
54.55,103.0,SE
59.47,85.0,SE
62.6,79.0,SE
65.73,78.0,SE
70.65,83.0,SE
75.57,89.0,SE
81.38,93.0,SE
86.3,98.0,SE
90.32,93.0,SE
94.34,96.0,SE
98.36,92.0,SE
101.49,106.0,SE
104.62,98.0,SE
108.64,110.0,SE
111.77,129.0,SE
115.79,141.0,SE
119.81,140.0,SE
124.73,142.0,SE
131.88,134.0,SE
139.03,133.0,SE
146.18,128.0,SE
153.33,110.0,SE
159.14,120.0,SE
7.15,135.0,NW
16.98,22.0,NW
25.92,15.0,NW
29.94,19.0,NW
0.89,16.0,cv
4.92,9.0,NW
9.84,7.0,NW
14.76,7.0,NW
4.02,10.0,NE
3.13,8.0,NW
8.94,5.0,NW
14.75,9.0,NW
19.67,20.0,NW
25.48,8.0,NW
31.29,7.0,NW
37.1,6.0,NW
42.02,16.0,NW
46.94,10.0,NW
50.07,11.0,NW
1.79,11.0,cv
3.13,18.0,SE
6.26,26.0,SE
11.18,25.0,SE
16.1,20.0,SE
24.15,24.0,SE
11.18,15.0,NW
19.23,10.0,NW
27.28,10.0,NW
34.43,14.0,NW
42.48,11.0,NW
51.42,11.0,NW
61.25,16.0,NW
71.08,13.0,NW
82.26,16.0,NW
90.31,15.0,NW
95.23,17.0,NW
98.36,18.0,NW
100.15,22.0,NW
104.17,19.0,NW
109.98,22.0,NW
114.9,27.0,NW
119.82,31.0,NW
123.84,42.0,NW
129.65,46.0,NW
136.8,50.0,NW
140.82,45.0,NW
146.63,47.0,NW
155.57,30.0,NW
164.51,31.0,NW
172.56,16.0,NW
180.61,14.0,NW
187.76,17.0,NW
193.57,15.0,NW
199.38,14.0,NW
204.3,14.0,NW
211.45,11.0,NW
217.26,24.0,NW
225.31,27.0,NW
231.12,15.0,NW
239.17,13.0,NW
246.32,11.0,NW
254.37,11.0,NW
259.29,13.0,NW
266.44,13.0,NW
273.59,14.0,NW
281.64,15.0,NW
292.82,14.0,NW
304.0,19.0,NW
315.18,14.0,NW
328.14,13.0,NW
342.0,15.0,NW
355.86,11.0,NW
368.82,20.0,NW
380.0,16.0,NW
389.83,14.0,NW
398.77,17.0,NW
410.84,16.0,NW
417.99,15.0,NW
426.04,38.0,NW
431.85,15.0,NW
434.98,18.0,NW
1.79,16.0,SE
1.79,19.0,NW
0.89,18.0,cv
4.92,20.0,NW
9.84,19.0,NW
12.97,17.0,NW
20.12,21.0,NW
28.17,20.0,NW
38.0,19.0,NW
47.83,17.0,NW
57.66,16.0,NW
67.49,15.0,NW
79.56,17.0,NW
93.42,22.0,NW
107.28,19.0,NW
117.11,17.0,NW
128.29,18.0,NW
139.47,27.0,NW
147.52,22.0,NW
153.33,18.0,NW
156.46,19.0,NW
161.38,15.0,NW
166.3,19.0,NW
171.22,27.0,NW
174.35,21.0,NW
178.37,24.0,NW
182.39,32.0,NW
187.31,40.0,NW
191.33,36.0,NW
196.25,20.0,NW
201.17,32.0,NW
206.09,28.0,NW
211.9,21.0,NW
216.82,20.0,NW
221.74,19.0,NW
227.55,19.0,NW
234.7,16.0,NW
241.85,20.0,NW
249.9,15.0,NW
257.95,20.0,NW
266.0,20.0,NW
4.92,23.0,SE
12.07,37.0,SE
20.12,34.0,SE
28.17,39.0,SE
36.22,45.0,SE
39.35,54.0,SE
0.89,62.0,cv
0.89,70.0,SE
0.89,66.0,cv
1.78,70.0,cv
0.89,82.0,NW
1.78,97.0,NW
3.57,86.0,NW
5.36,94.0,NW
0.89,89.0,cv
1.79,90.0,NW
3.58,86.0,NW
0.89,70.0,cv
2.68,79.0,cv
4.02,80.0,SE
9.83,69.0,SE
15.64,52.0,SE
22.79,48.0,SE
29.94,35.0,SE
37.09,31.0,SE
42.9,37.0,SE
48.71,63.0,SE
53.63,61.0,SE
57.65,74.0,SE
62.57,74.0,SE
66.59,75.0,SE
68.38,68.0,SE
71.51,77.0,SE
73.3,93.0,SE
1.79,102.0,NE
0.89,111.0,cv
0.89,127.0,NE
1.79,132.0,NW
1.79,146.0,NE
3.58,151.0,NE
3.13,142.0,NW
1.79,115.0,NE
0.89,59.0,cv
4.92,63.0,SE
4.02,65.0,NW
7.15,57.0,NW
16.09,55.0,NW
25.03,45.0,NW
33.08,39.0,NW
38.0,32.0,NW
43.81,32.0,NW
3.13,31.0,SE
0.89,32.0,cv
1.79,24.0,NE
0.89,36.0,cv
1.78,56.0,cv
2.23,43.0,cv
3.12,69.0,cv
1.79,45.0,NW
3.58,44.0,NW
0.45,64.0,cv
1.79,80.0,NW
3.58,53.0,NW
0.89,102.0,cv
4.02,133.0,SE
7.15,151.0,SE
8.94,149.0,SE
12.07,141.0,SE
15.2,146.0,SE
18.33,150.0,SE
3.13,150.0,NE
0.89,151.0,cv
1.79,142.0,NE
4.02,138.0,NW
8.04,142.0,NW
0.89,142.0,cv
4.02,150.0,SE
1.79,160.0,cv
4.02,118.0,SE
0.89,114.0,cv
0.89,111.0,SE
4.02,113.0,SE
0.89,120.0,cv
0.89,129.0,NW
0.89,133.0,SE
1.79,118.0,NW
0.89,119.0,cv
1.79,118.0,SE
3.58,132.0,SE
1.79,128.0,cv
3.58,135.0,cv
4.02,123.0,SE
7.15,118.0,SE
11.17,104.0,SE
16.98,121.0,SE
21.9,136.0,SE
26.82,172.0,SE
29.95,208.0,SE
31.74,228.0,SE
35.76,201.0,SE
39.78,142.0,SE
44.7,154.0,SE
49.62,165.0,SE
53.64,182.0,SE
57.66,158.0,SE
59.45,181.0,SE
63.47,202.0,SE
65.26,202.0,SE
67.05,198.0,SE
68.84,215.0,SE
71.97,216.0,SE
73.76,261.0,SE
76.89,283.0,SE
78.68,282.0,SE
3.13,260.0,cv
12.07,70.0,NW
21.9,32.0,NW
33.08,13.0,NW
46.94,9.0,NW
59.01,7.0,NW
71.08,11.0,NW
84.04,14.0,NW
97.0,14.0,NW
113.09,14.0,NW
124.27,12.0,NW
134.1,10.0,NW
143.04,16.0,NW
151.98,9.0,NW
153.77,10.0,NW
3.13,10.0,NE
4.02,11.0,NW
8.04,13.0,NW
11.17,12.0,NW
18.32,17.0,NW
25.47,15.0,NW
32.62,19.0,NW
39.77,20.0,NW
45.58,16.0,NW
52.73,20.0,NW
59.88,17.0,NW
67.03,14.0,NW
75.08,18.0,NW
80.89,16.0,NW
88.04,16.0,NW
93.85,18.0,NW
97.87,25.0,NW
4.92,32.0,SE
9.84,35.0,SE
13.86,35.0,SE
22.8,41.0,SE
26.82,48.0,SE
30.84,50.0,SE
33.97,52.0,SE
37.99,57.0,SE
41.12,64.0,SE
0.89,66.0,cv
1.79,73.0,NE
0.89,72.0,cv
1.79,81.0,SE
3.58,85.0,SE
1.79,87.0,cv
8.94,165.0,NW
18.77,219.0,NW
26.82,228.0,NW
38.0,204.0,NW
47.83,173.0,NW
57.66,126.0,NW
66.6,130.0,NW
73.75,115.0,NW
76.88,58.0,NW
78.67,45.0,NW
80.46,30.0,NW
85.38,38.0,NW
89.4,48.0,NW
90.29,50.0,NW
1.79,71.0,NE
0.89,49.0,cv
1.79,67.0,NE
1.79,59.0,SE
0.89,78.0,cv
1.78,140.0,cv
2.67,159.0,cv
1.79,191.0,NW
1.79,201.0,SE
3.58,203.0,SE
1.79,202.0,cv
4.92,163.0,SE
9.84,135.0,SE
13.86,119.0,SE
17.88,107.0,SE
23.69,110.0,SE
28.61,114.0,SE
33.53,132.0,SE
38.45,150.0,SE
42.47,154.0,SE
45.6,148.0,SE
48.73,144.0,SE
0.89,133.0,cv
1.79,139.0,NW
1.79,129.0,SE
4.02,122.0,NW
8.94,120.0,NW
14.75,129.0,NW
19.67,294.0,NW
27.72,100.0,NW
35.77,55.0,NW
47.84,32.0,NW
59.02,19.0,NW
67.96,18.0,NW
73.77,14.0,NW
81.82,20.0,NW
93.0,27.0,NW
100.15,31.0,NW
5.81,39.0,NE
5.81,28.0,NW
16.99,56.0,NW
24.14,53.0,NW
32.19,59.0,NW
37.11,82.0,NW
38.9,108.0,NW
0.89,117.0,cv
1.79,126.0,SE
4.92,132.0,SE
6.71,125.0,SE
0.89,96.0,cv
1.79,40.0,SE
3.58,46.0,SE
0.89,50.0,cv
1.78,58.0,cv
1.79,55.0,NE
3.58,50.0,NE
1.79,55.0,cv
7.15,45.0,NW
20.11,43.0,NW
35.31,63.0,NW
48.27,62.0,NW
61.23,58.0,NW
73.3,28.0,NW
82.24,32.0,NW
92.07,21.0,NW
101.9,15.0,NW
113.97,15.0,NW
122.02,8.0,NW
129.17,20.0,NW
138.11,11.0,NW
146.16,11.0,NW
154.21,10.0,NW
159.13,8.0,NW
166.28,7.0,NW
172.09,5.0,NW
177.01,5.0,NW
180.14,5.0,NW
183.27,4.0,NW
186.4,6.0,NW
3.13,10.0,NE
3.13,13.0,NW
1.79,12.0,NE
4.92,12.0,NW
4.92,16.0,NE
9.84,16.0,NE
4.02,18.0,NW
4.02,16.0,NE
1.79,11.0,SE
3.13,20.0,NE
1.79,20.0,SE
1.79,19.0,NE
2.68,24.0,NE
0.89,39.0,cv
5.81,35.0,SE
10.73,54.0,SE
15.65,49.0,SE
17.44,43.0,SE
19.23,40.0,SE
22.36,37.0,SE
0.89,38.0,cv
0.89,33.0,SE
1.78,31.0,SE
0.45,55.0,cv
1.79,51.0,SE
0.89,55.0,cv
1.79,49.0,SE
1.79,42.0,cv
4.92,44.0,SE
1.79,44.0,cv
4.92,40.0,SE
8.05,43.0,SE
12.97,45.0,SE
17.89,41.0,SE
22.81,43.0,SE
26.83,38.0,SE
30.85,44.0,SE
34.87,43.0,SE
38.0,46.0,SE
41.13,54.0,SE
42.92,52.0,SE
0.89,54.0,cv
0.89,60.0,SE
0.89,69.0,cv
1.79,75.0,SE
4.92,73.0,SE
0.89,72.0,cv
1.79,78.0,SE
3.58,83.0,SE
5.37,83.0,SE
0.89,82.0,cv
2.68,74.0,cv
4.47,60.0,cv
4.92,43.0,SE
8.94,41.0,SE
12.96,57.0,SE
16.09,66.0,SE
19.22,68.0,SE
22.35,78.0,SE
25.48,83.0,SE
29.5,68.0,SE
33.52,64.0,SE
36.65,69.0,SE
39.78,64.0,SE
41.57,60.0,SE
1.79,65.0,NE
0.89,61.0,cv
1.79,83.0,SE
2.68,112.0,SE
5.81,99.0,SE
7.6,108.0,SE
9.39,123.0,SE
12.52,117.0,SE
14.31,130.0,SE
16.1,130.0,SE
19.23,138.0,SE
22.36,147.0,SE
24.15,157.0,SE
25.94,140.0,SE
1.79,140.0,NW
3.13,159.0,SE
3.13,158.0,NW
6.26,168.0,NW
1.79,173.0,NE
2.68,181.0,NE
0.89,193.0,cv
0.89,209.0,NE
0.89,216.0,cv
0.89,219.0,NE
0.89,224.0,cv
0.89,231.0,NW
2.68,237.0,NW
4.47,238.0,NW
6.26,235.0,NW
8.05,222.0,NW
9.84,221.0,NW
11.63,223.0,NW
13.42,203.0,NW
15.21,191.0,NW
0.89,185.0,cv
4.02,181.0,cv
4.91,162.0,cv
1.79,185.0,SE
0.89,188.0,cv
3.13,170.0,SE
7.15,142.0,SE
11.17,126.0,SE
14.3,117.0,SE
16.09,113.0,SE
17.88,122.0,SE
21.9,114.0,SE
25.92,113.0,SE
27.71,107.0,SE
30.84,105.0,SE
33.97,98.0,SE
35.76,115.0,SE
38.89,121.0,SE
42.02,144.0,SE
43.81,185.0,SE
47.83,182.0,SE
51.85,178.0,SE
54.98,185.0,SE
56.77,163.0,SE
58.56,145.0,SE
61.69,137.0,SE
65.71,136.0,SE
70.63,100.0,SE
73.76,81.0,SE
78.68,56.0,SE
82.7,33.0,SE
88.51,70.0,SE
90.3,87.0,SE
93.43,69.0,SE
95.22,47.0,SE
97.01,48.0,SE
98.8,47.0,SE
101.93,51.0,SE
103.72,49.0,SE
0.89,36.0,cv
1.79,44.0,SE
3.58,41.0,SE
0.89,50.0,cv
1.78,51.0,cv
2.67,48.0,cv
1.79,53.0,SE
3.58,77.0,SE
5.37,74.0,SE
7.16,82.0,SE
10.29,75.0,SE
13.42,76.0,SE
16.55,79.0,SE
1.79,84.0,cv
3.13,89.0,SE
3.13,90.0,SE
7.15,83.0,SE
10.28,96.0,SE
13.41,74.0,SE
18.33,84.0,SE
22.35,86.0,SE
25.48,86.0,SE
27.27,94.0,SE
29.06,105.0,SE
3.13,89.0,NW
10.28,79.0,NW
16.09,13.0,NW
21.9,12.0,NW
29.95,17.0,NW
33.97,13.0,NW
39.78,16.0,NW
45.59,37.0,NW
48.72,53.0,NW
59.9,72.0,NW
7.15,64.0,SE
12.07,60.0,SE
5.81,54.0,NW
3.13,29.0,SE
0.89,41.0,cv
3.13,56.0,SE
7.15,33.0,NW
11.17,31.0,NW
1.79,41.0,cv
1.79,58.0,NW
0.89,49.0,cv
1.78,38.0,cv
3.13,41.0,SE
6.26,34.0,SE
1.79,27.0,NE
0.89,23.0,cv
0.89,34.0,NW
0.89,34.0,cv
1.79,43.0,NW
4.02,50.0,SE
8.94,47.0,SE
5.81,44.0,NW
4.92,36.0,SE
9.83,29.0,NW
21.01,27.0,NW
30.84,30.0,NW
39.78,30.0,NW
47.83,21.0,NW
54.98,19.0,NW
62.13,21.0,NW
4.02,28.0,SE
8.04,32.0,SE
3.13,33.0,NW
6.26,44.0,NW
3.13,61.0,SE
4.92,65.0,SE
0.89,66.0,cv
1.79,89.0,NW
0.89,103.0,cv
1.78,113.0,cv
2.67,104.0,cv
3.56,103.0,cv
1.79,75.0,NE
1.79,65.0,NW
0.89,67.0,cv
2.68,53.0,cv
1.79,51.0,SE
5.81,58.0,SE
8.94,39.0,SE
13.86,36.0,SE
19.67,36.0,SE
25.48,34.0,SE
29.5,37.0,SE
33.52,40.0,SE
36.65,43.0,SE
40.67,54.0,SE
43.8,68.0,SE
46.93,78.0,SE
50.06,93.0,SE
51.85,91.0,SE
53.64,96.0,SE
55.43,106.0,SE
57.22,101.0,SE
0.45,90.0,cv
1.34,95.0,cv
2.23,105.0,cv
0.89,110.0,SE
2.68,116.0,SE
4.47,129.0,SE
6.26,134.0,SE
8.05,120.0,SE
9.84,78.0,SE
13.86,72.0,SE
17.88,79.0,SE
21.01,86.0,SE
22.8,77.0,SE
25.93,82.0,SE
27.72,65.0,SE
29.51,93.0,SE
0.89,148.0,cv
1.78,197.0,cv
0.89,234.0,SE
1.79,229.0,NW
0.89,214.0,NE
1.78,229.0,NE
1.79,198.0,NW
2.68,163.0,NW
3.57,119.0,NW
5.36,124.0,NW
8.49,131.0,NW
0.89,157.0,cv
1.78,178.0,cv
2.67,187.0,cv
4.46,182.0,cv
1.79,174.0,SE
3.13,167.0,cv
3.13,128.0,SE
6.26,108.0,SE
12.07,121.0,SE
16.09,127.0,SE
20.11,118.0,SE
24.13,116.0,SE
27.26,115.0,SE
29.05,123.0,SE
0.89,106.0,cv
1.78,118.0,cv
2.67,149.0,cv
3.56,163.0,cv
0.89,155.0,SE
2.68,150.0,SE
1.79,155.0,NW
3.58,176.0,NW
0.89,165.0,cv
3.13,138.0,NW
6.26,139.0,NW
8.05,140.0,NW
11.18,139.0,NW
12.97,135.0,NW
0.89,115.0,cv
4.02,100.0,cv
4.02,104.0,NW
1.79,70.0,SE
1.79,63.0,cv
3.13,53.0,SE
6.26,79.0,SE
13.41,72.0,SE
16.54,165.0,SE
20.56,149.0,SE
24.58,139.0,SE
27.71,93.0,SE
0.89,100.0,cv
1.78,78.0,cv
0.89,78.0,SE
1.79,73.0,NE
0.89,85.0,cv
1.79,98.0,NW
4.02,47.0,NE
1.79,45.0,NW
9.84,40.0,NW
17.89,35.0,NW
25.04,30.0,NW
30.85,31.0,NW
38.9,24.0,NW
46.05,42.0,NW
51.86,28.0,NW
56.78,23.0,NW
60.8,28.0,NW
64.82,26.0,NW
69.74,23.0,NW
72.87,30.0,NW
1.79,44.0,NE
4.02,45.0,NW
7.15,28.0,NW
10.28,18.0,NW
0.89,20.0,cv
4.92,24.0,NW
8.05,18.0,NW
9.84,28.0,NW
13.86,16.0,NW
15.65,14.0,NW
19.67,14.0,NW
3.13,24.0,NE
4.02,29.0,NW
8.94,45.0,NW
12.07,33.0,NW
16.99,46.0,NW
3.13,39.0,cv
3.13,28.0,NW
7.15,55.0,NW
1.79,45.0,cv
1.79,27.0,SE
3.58,48.0,SE
5.37,57.0,SE
7.16,33.0,SE
11.18,43.0,SE
15.2,35.0,SE
18.33,37.0,SE
1.79,39.0,NW
1.79,47.0,SE
0.89,105.0,cv
1.78,104.0,cv
0.89,139.0,NW
2.68,92.0,NW
1.79,86.0,NE
1.79,81.0,NW
0.89,65.0,cv
1.78,131.0,cv
4.92,137.0,SE
10.73,118.0,SE
16.54,115.0,SE
21.46,80.0,SE
25.48,79.0,SE
30.4,62.0,SE
35.32,58.0,SE
40.24,63.0,SE
45.16,72.0,SE
49.18,59.0,SE
52.31,48.0,SE
57.23,40.0,SE
61.25,48.0,SE
64.38,59.0,SE
1.79,78.0,NW
0.89,90.0,cv
3.13,91.0,SE
4.92,98.0,SE
0.89,92.0,NE
0.89,81.0,cv
1.79,74.0,SE
0.89,80.0,cv
1.79,67.0,NW
3.58,108.0,NW
6.71,92.0,NW
9.84,71.0,NW
0.89,92.0,cv
1.78,84.0,cv
2.67,85.0,cv
1.79,83.0,NW
4.92,96.0,NW
8.05,70.0,NW
11.18,72.0,NW
14.31,85.0,NW
0.89,90.0,NE
0.89,89.0,NW
0.89,100.0,cv
3.13,86.0,SE
1.79,83.0,NE
1.79,94.0,NW
0.89,111.0,cv
3.13,133.0,SE
6.26,127.0,SE
8.05,152.0,SE
11.18,157.0,SE
15.2,142.0,SE
1.79,127.0,NW
3.13,132.0,SE
1.79,117.0,cv
4.02,111.0,NW
1.79,108.0,cv
4.02,107.0,NE
7.15,142.0,NE
3.13,180.0,SE
0.89,206.0,cv
1.79,193.0,SE
4.92,186.0,SE
8.05,168.0,SE
1.79,175.0,NE
0.89,181.0,cv
1.78,174.0,cv
0.89,205.0,SE
4.02,219.0,SE
0.89,214.0,cv
1.78,230.0,cv
2.67,242.0,cv
3.56,251.0,cv
1.79,234.0,NE
0.89,187.0,cv
1.78,220.0,cv
2.67,92.0,cv
4.92,28.0,NW
12.07,65.0,NW
17.88,16.0,NW
22.8,19.0,NW
26.82,20.0,NW
29.95,17.0,NW
0.89,22.0,SE
0.89,34.0,cv
1.78,214.0,cv
1.79,314.0,NE
6.71,71.0,NE
4.02,33.0,NW
8.04,26.0,NW
11.17,30.0,NW
16.98,33.0,NW
24.13,22.0,NW
29.05,17.0,NW
3.13,25.0,NE
3.13,29.0,NW
8.05,18.0,NW
12.07,19.0,NW
16.99,23.0,NW
21.01,54.0,NW
4.02,41.0,NE
3.13,26.0,NW
6.26,18.0,NW
5.81,37.0,NE
9.83,39.0,NE
12.96,29.0,NE
4.02,59.0,NW
5.81,97.0,NW
7.6,30.0,NW
0.89,65.0,cv
3.13,83.0,SE
7.15,94.0,SE
8.94,77.0,SE
10.73,69.0,SE
12.52,59.0,SE
14.31,75.0,SE
16.1,88.0,SE
17.89,91.0,SE
0.89,98.0,cv
1.79,118.0,NE
2.68,105.0,NE
1.79,103.0,NW
1.79,77.0,cv
1.79,76.0,NE
3.13,85.0,cv
4.92,69.0,cv
8.05,50.0,cv
8.94,39.0,cv
3.13,45.0,SE
7.15,99.0,SE
11.17,92.0,SE
15.19,79.0,SE
0.89,61.0,cv
4.92,60.0,SE
9.84,132.0,SE
12.97,179.0,SE
16.1,189.0,SE
0.89,177.0,cv
1.79,112.0,SE
3.58,94.0,SE
4.47,87.0,SE
6.26,92.0,SE
0.89,86.0,cv
1.78,87.0,cv
2.67,98.0,cv
3.56,87.0,cv
4.45,106.0,cv
1.79,107.0,SE
4.92,110.0,SE
8.05,120.0,SE
9.84,103.0,SE
3.13,98.0,cv
7.15,178.0,SE
10.28,80.0,SE
4.02,100.0,NE
7.15,115.0,SE
8.94,92.0,SE
6.26,74.0,SE
8.05,97.0,SE
9.84,119.0,SE
0.89,128.0,cv
1.78,129.0,cv
2.67,141.0,cv
1.79,159.0,SE
3.58,190.0,SE
4.47,154.0,SE
5.36,156.0,SE
6.25,134.0,SE
8.04,133.0,SE
8.93,94.0,SE
0.89,109.0,NE
0.89,140.0,cv
1.78,152.0,cv
2.67,127.0,cv
3.56,114.0,cv
4.45,121.0,cv
5.34,122.0,cv
1.79,113.0,SE
1.79,104.0,cv
3.13,108.0,SE
6.26,101.0,SE
9.39,92.0,SE
13.41,82.0,SE
16.54,83.0,SE
19.67,85.0,SE
21.46,90.0,SE
23.25,81.0,SE
24.14,86.0,SE
25.93,79.0,SE
27.72,71.0,SE
28.61,64.0,SE
30.4,63.0,SE
0.89,76.0,cv
0.89,89.0,SE
0.89,101.0,cv
1.78,95.0,cv
2.67,82.0,cv
3.56,85.0,cv
4.45,79.0,cv
5.34,76.0,cv
3.13,151.0,SE
8.05,129.0,SE
13.86,107.0,SE
19.67,112.0,SE
24.59,109.0,SE
29.51,113.0,SE
33.53,108.0,SE
37.55,172.0,SE
41.57,157.0,SE
44.7,142.0,SE
47.83,148.0,SE
50.96,131.0,SE
54.09,128.0,SE
57.22,148.0,SE
0.89,176.0,cv
0.89,191.0,NE
7.15,70.0,SE
11.17,60.0,SE
15.19,41.0,SE
19.21,40.0,SE
22.34,32.0,SE
24.13,51.0,SE
0.89,42.0,cv
1.79,42.0,SE
2.68,38.0,SE
4.47,43.0,SE
5.36,63.0,SE
0.89,63.0,cv
3.13,62.0,NW
4.92,60.0,NW
8.05,46.0,NW
12.07,41.0,NW
15.2,42.0,NW
20.12,39.0,NW
24.14,36.0,NW
25.93,34.0,NW
29.06,47.0,NW
3.13,36.0,NE
3.13,40.0,SE
6.26,35.0,SE
9.39,38.0,SE
14.31,46.0,SE
18.33,77.0,SE
20.12,53.0,SE
21.91,58.0,SE
23.7,78.0,SE
24.59,80.0,SE
25.48,88.0,SE
0.89,97.0,NE
0.45,77.0,cv
1.34,72.0,cv
0.89,78.0,SE
1.78,81.0,SE
0.89,97.0,cv
1.79,72.0,SE
3.58,78.0,SE
0.89,71.0,cv
1.79,74.0,SE
3.58,73.0,SE
5.37,85.0,SE
1.79,92.0,cv
1.79,100.0,SE
4.92,95.0,SE
6.71,98.0,SE
9.84,89.0,SE
11.63,95.0,SE
15.65,93.0,SE
18.78,93.0,SE
20.57,93.0,SE
21.46,94.0,SE
0.89,99.0,cv
1.79,101.0,SE
3.58,144.0,SE
4.47,160.0,SE
6.26,142.0,SE
8.05,105.0,SE
8.94,97.0,SE
12.07,94.0,SE
13.86,90.0,SE
15.65,91.0,SE
17.44,98.0,SE
0.89,104.0,cv
1.78,115.0,cv
3.57,100.0,cv
3.13,115.0,SE
1.79,111.0,cv
4.02,84.0,SE
7.15,89.0,SE
11.17,104.0,SE
15.19,96.0,SE
3.13,119.0,NE
3.13,129.0,SE
4.92,125.0,SE
4.92,127.0,NW
14.75,104.0,NW
3.13,13.0,SE
4.92,19.0,SE
8.94,23.0,SE
12.96,153.0,SE
16.09,126.0,SE
17.88,140.0,SE
19.67,131.0,SE
22.8,141.0,SE
25.93,149.0,SE
29.95,137.0,SE
33.08,137.0,SE
34.87,154.0,SE
38.0,147.0,SE
41.13,143.0,SE
42.92,151.0,SE
44.71,165.0,SE
47.84,174.0,SE
51.86,173.0,SE
53.65,157.0,SE
9.83,198.0,NW
4.02,37.0,NE
7.15,35.0,SE
3.13,42.0,NW
0.89,38.0,SE
1.79,57.0,NE
3.58,68.0,NE
0.89,63.0,cv
1.79,80.0,NW
4.92,63.0,NW
0.89,74.0,cv
1.78,77.0,cv
1.79,67.0,SE
0.89,78.0,cv
1.78,82.0,cv
3.57,68.0,cv
4.46,56.0,cv
1.79,65.0,NE
1.79,68.0,cv
3.13,67.0,SE
7.15,77.0,SE
11.17,82.0,SE
16.09,85.0,SE
19.22,95.0,SE
22.35,100.0,SE
26.37,118.0,SE
28.16,142.0,SE
29.95,137.0,SE
31.74,139.0,SE
34.87,151.0,SE
0.89,191.0,cv
1.79,216.0,SE
1.79,229.0,NE
1.79,198.0,SE
0.89,175.0,cv
1.78,159.0,cv
0.89,196.0,NW
0.89,199.0,cv
1.79,150.0,NW
0.89,128.0,cv
1.79,139.0,NW
1.79,148.0,cv
1.79,136.0,NE
0.89,117.0,cv
1.79,108.0,SE
3.58,75.0,SE
0.89,66.0,cv
1.79,89.0,SE
0.89,118.0,cv
1.79,152.0,NE
7.15,183.0,NW
0.89,99.0,NE
4.02,91.0,NW
0.89,105.0,cv
1.79,139.0,NE
0.89,129.0,cv
0.89,149.0,NW
1.78,139.0,NW
3.57,155.0,NW
3.13,86.0,NE
0.89,67.0,cv
1.78,62.0,cv
3.13,63.0,SE
6.26,81.0,SE
10.28,95.0,SE
3.13,109.0,NE
4.92,120.0,SE
9.84,125.0,SE
14.76,130.0,SE
19.68,133.0,SE
23.7,139.0,SE
9.83,109.0,NW
14.75,20.0,NW
3.13,20.0,NE
1.79,22.0,NW
0.89,27.0,cv
3.13,30.0,NW
4.02,33.0,NE
1.79,37.0,NW
1.79,45.0,NE
3.58,50.0,NE
4.02,46.0,NW
7.15,42.0,NW
11.17,35.0,NW
16.09,51.0,NW
4.02,44.0,SE
4.92,43.0,NW
1.79,30.0,NE
3.58,27.0,NE
1.79,19.0,SE
0.89,35.0,cv
1.79,21.0,NE
1.79,16.0,NW
0.89,26.0,cv
4.92,36.0,NW
3.13,29.0,NE
1.79,40.0,SE
0.89,37.0,cv
1.78,39.0,cv
2.67,50.0,cv
3.13,49.0,NW
6.26,41.0,NW
8.05,34.0,NW
0.89,58.0,cv
1.79,57.0,NW
0.89,39.0,cv
1.78,40.0,cv
1.79,41.0,NW
4.92,44.0,NW
8.05,49.0,NW
11.18,61.0,NW
1.79,74.0,NE
0.89,93.0,cv
1.78,96.0,cv
2.67,81.0,cv
4.46,74.0,cv
1.79,79.0,SE
4.92,63.0,SE
8.94,69.0,SE
12.07,95.0,SE
15.2,100.0,SE
16.99,100.0,SE
18.78,88.0,SE
0.89,65.0,cv
0.89,69.0,SE
0.89,70.0,cv
1.34,89.0,cv
0.89,98.0,SE
0.89,96.0,cv
0.89,98.0,SE
0.89,96.0,cv
1.34,90.0,cv
1.79,92.0,cv
2.68,99.0,cv
1.79,106.0,NE
0.89,120.0,cv
2.68,109.0,cv
1.79,74.0,SE
3.58,87.0,SE
5.37,93.0,SE
8.5,99.0,SE
12.52,82.0,SE
16.54,80.0,SE
19.67,78.0,SE
21.46,83.0,SE
23.25,92.0,SE
0.89,104.0,cv
1.78,116.0,cv
2.67,117.0,cv
3.56,205.0,cv
0.89,202.0,NE
1.79,227.0,NW
4.92,240.0,NW
8.05,124.0,NW
9.84,77.0,NW
12.97,95.0,NW
16.99,99.0,NW
4.92,48.0,NE
3.13,21.0,NW
4.92,15.0,NW
0.89,11.0,cv
3.13,11.0,NW
1.79,10.0,cv
3.58,10.0,cv
5.81,49.0,SE
10.73,49.0,SE
16.54,41.0,SE
21.46,71.0,SE
26.38,62.0,SE
31.3,48.0,SE
36.22,70.0,SE
40.24,61.0,SE
43.37,62.0,SE
0.89,66.0,cv
1.78,63.0,cv
2.67,55.0,cv
3.56,42.0,cv
0.89,48.0,NW
0.89,52.0,cv
1.79,59.0,SE
3.58,63.0,SE
5.37,64.0,SE
1.79,86.0,NE
0.89,85.0,cv
1.78,91.0,cv
3.13,85.0,SE
1.79,89.0,cv
4.02,78.0,SE
5.81,64.0,SE
3.13,69.0,NW
1.79,92.0,SE
1.79,89.0,cv
3.58,79.0,cv
4.92,107.0,SE
6.71,132.0,SE
1.79,124.0,cv
1.79,117.0,NE
1.79,122.0,cv
1.79,121.0,SE
4.92,135.0,SE
1.79,140.0,NE
0.45,122.0,cv
1.34,131.0,cv
2.23,135.0,cv
4.02,136.0,cv
4.45,136.0,cv
4.02,48.0,SE
7.15,48.0,SE
11.17,42.0,SE
15.19,39.0,SE
19.21,35.0,SE
23.23,40.0,SE
26.36,48.0,SE
29.49,55.0,SE
31.28,62.0,SE
0.89,61.0,cv
3.13,66.0,SE
6.26,68.0,SE
11.18,69.0,SE
14.31,54.0,SE
16.1,78.0,SE
19.23,63.0,SE
21.02,69.0,SE
22.81,76.0,SE
0.89,68.0,NW
0.45,100.0,cv
1.34,109.0,cv
2.23,120.0,cv
3.12,104.0,cv
1.79,104.0,SE
4.92,106.0,SE
8.05,96.0,SE
11.18,70.0,SE
14.31,49.0,SE
18.33,49.0,SE
22.35,38.0,SE
1.79,48.0,cv
4.02,57.0,SE
7.15,60.0,SE
10.28,64.0,SE
13.41,81.0,SE
15.2,83.0,SE
0.89,98.0,cv
1.79,114.0,SE
3.58,169.0,SE
5.37,231.0,SE
7.16,214.0,SE
0.45,188.0,cv
0.89,165.0,NE
0.45,191.0,cv
1.34,149.0,cv
2.23,140.0,cv
1.79,149.0,SE
3.58,151.0,SE
1.79,159.0,cv
3.58,166.0,cv
5.37,136.0,cv
3.13,116.0,SE
7.15,118.0,SE
11.17,107.0,SE
14.3,171.0,SE
16.09,170.0,SE
19.22,150.0,SE
22.35,131.0,SE
25.48,195.0,SE
27.27,215.0,SE
29.06,227.0,SE
0.89,190.0,cv
1.78,207.0,cv
0.89,204.0,SE
4.02,251.0,SE
5.81,252.0,SE
7.6,238.0,SE
8.49,224.0,SE
0.89,211.0,cv
1.78,205.0,cv
1.79,209.0,SE
1.79,205.0,cv
1.79,184.0,SE
4.92,160.0,SE
8.05,150.0,SE
3.13,160.0,cv
3.13,152.0,SE
6.26,149.0,SE
9.39,133.0,SE
13.41,115.0,SE
16.54,127.0,SE
19.67,119.0,SE
23.69,124.0,SE
26.82,102.0,SE
28.61,91.0,SE
30.4,92.0,SE
32.19,97.0,SE
33.98,100.0,SE
35.77,97.0,SE
37.56,80.0,SE
0.45,94.0,cv
3.13,121.0,SE
0.89,153.0,cv
1.78,133.0,cv
3.13,163.0,SE
0.89,153.0,cv
2.68,139.0,cv
1.79,131.0,SE
1.79,120.0,cv
3.13,118.0,SE
8.05,117.0,SE
12.97,111.0,SE
16.99,117.0,SE
4.92,116.0,NE
4.92,131.0,SE
8.05,118.0,NW
4.92,121.0,NE
4.92,112.0,SE
8.05,97.0,SE
0.89,111.0,cv
1.79,126.0,SE
1.79,151.0,NE
0.89,140.0,cv
1.79,134.0,NE
3.13,118.0,NW
4.92,124.0,NW
8.05,112.0,NW
9.84,101.0,NW
0.89,131.0,cv
1.78,137.0,cv
3.57,166.0,cv
3.13,152.0,SE
6.26,153.0,SE
10.28,164.0,SE
14.3,174.0,SE
18.32,159.0,SE
22.34,174.0,SE
25.47,189.0,SE
28.6,198.0,SE
31.73,184.0,SE
33.52,194.0,SE
35.31,200.0,SE
38.44,190.0,SE
40.23,196.0,SE
42.02,228.0,SE
43.81,199.0,SE
45.6,201.0,SE
0.45,215.0,cv
0.89,247.0,SE
1.78,249.0,SE
0.89,198.0,cv
1.78,201.0,cv
2.67,211.0,cv
3.56,181.0,cv
5.35,184.0,cv
3.13,172.0,SE
6.26,134.0,SE
9.39,153.0,SE
12.52,170.0,SE
16.54,194.0,SE
19.67,196.0,SE
21.46,175.0,SE
23.25,166.0,SE
26.38,174.0,SE
0.89,158.0,cv
0.89,153.0,SE
4.02,170.0,SE
7.15,188.0,SE
8.94,155.0,SE
10.73,158.0,SE
12.52,154.0,SE
0.89,160.0,cv
1.34,175.0,cv
0.89,172.0,SE
0.89,197.0,cv
1.79,205.0,SE
3.58,195.0,SE
5.37,164.0,SE
0.89,159.0,cv
1.78,156.0,cv
3.13,162.0,SE
6.26,152.0,SE
8.05,150.0,SE
11.18,159.0,SE
12.97,154.0,SE
14.76,174.0,SE
15.65,184.0,SE
17.44,230.0,SE
19.23,235.0,SE
21.02,203.0,SE
0.89,219.0,cv
1.79,209.0,SE
3.58,198.0,SE
5.37,203.0,SE
7.16,241.0,SE
8.95,239.0,SE
12.08,225.0,SE
15.21,204.0,SE
0.89,163.0,cv
1.79,174.0,SE
3.58,154.0,SE
0.89,150.0,cv
3.13,126.0,NW
0.89,121.0,cv
3.13,124.0,NW
7.15,121.0,NW
11.17,92.0,NW
3.13,38.0,NE
7.15,28.0,NE
4.02,46.0,NW
7.15,32.0,NW
11.17,40.0,NW
1.79,36.0,NE
3.13,27.0,NW
4.92,37.0,NW
8.05,46.0,NW
12.07,43.0,NW
16.09,37.0,NW
19.22,40.0,NW
23.24,45.0,NW
28.16,17.0,NW
29.95,11.0,NW
31.74,17.0,NW
35.76,20.0,NW
3.13,29.0,NE
0.89,34.0,cv
2.68,40.0,cv
4.47,23.0,cv
6.26,17.0,cv
8.05,14.0,cv
3.13,12.0,SE
1.79,13.0,cv
4.92,14.0,cv
5.81,15.0,cv
4.92,31.0,SE
8.94,34.0,SE
12.07,35.0,SE
0.89,33.0,cv
1.78,41.0,cv
0.89,34.0,NE
0.89,43.0,cv
1.78,54.0,cv
0.89,73.0,NW
0.89,94.0,cv
0.89,90.0,NE
0.89,55.0,cv
1.78,50.0,cv
2.67,73.0,cv
1.79,77.0,SE
1.79,89.0,cv
1.79,93.0,NE
1.79,100.0,cv
3.13,95.0,SE
6.26,88.0,SE
9.39,85.0,SE
13.41,68.0,SE
17.43,72.0,SE
20.56,57.0,SE
22.35,48.0,SE
23.24,37.0,SE
25.03,67.0,SE
26.82,54.0,SE
30.84,59.0,SE
34.86,79.0,SE
0.89,94.0,cv
1.79,127.0,SE
1.79,153.0,NE
0.89,168.0,cv
1.78,161.0,cv
0.89,145.0,NW
0.89,127.0,cv
1.79,119.0,NW
5.81,103.0,NW
7.6,100.0,NW
0.89,78.0,cv
1.78,77.0,cv
3.13,58.0,SE
6.26,47.0,SE
3.13,43.0,cv
5.81,66.0,SE
10.73,56.0,SE
15.65,51.0,SE
18.78,60.0,SE
21.91,61.0,SE
23.7,66.0,SE
25.49,77.0,SE
27.28,87.0,SE
0.89,105.0,cv
1.78,117.0,cv
0.89,122.0,NE
0.89,132.0,NW
2.68,114.0,NW
5.81,104.0,NW
9.83,78.0,NW
12.96,59.0,NW
16.98,35.0,NW
21.0,31.0,NW
22.79,15.0,NW
1.79,15.0,cv
3.13,13.0,NW
8.05,11.0,NW
12.07,8.0,NW
20.12,10.0,NW
28.17,13.0,NW
33.09,12.0,NW
34.88,9.0,NW
38.01,21.0,NW
39.8,20.0,NW
41.59,34.0,NW
0.45,32.0,cv
1.34,44.0,cv
3.13,62.0,NE
3.13,34.0,NW
7.15,24.0,NW
11.17,25.0,NW
12.96,28.0,NW
0.89,28.0,NE
3.13,24.0,NW
7.15,22.0,NW
10.28,21.0,NW
3.13,27.0,NE
1.79,19.0,NW
1.79,4.0,cv
3.58,2.0,cv
6.71,3.0,cv
3.13,9.0,SE
7.15,7.0,SE
12.96,21.0,SE
18.77,23.0,SE
23.69,17.0,SE
27.71,25.0,SE
33.52,36.0,SE
35.31,50.0,SE
42.46,44.0,SE
49.61,59.0,SE
55.42,47.0,SE
58.55,24.0,SE
0.89,29.0,cv
1.78,35.0,cv
0.89,45.0,NW
0.89,52.0,cv
1.34,46.0,cv
1.79,46.0,SE
4.92,49.0,SE
8.94,39.0,SE
10.73,54.0,SE
12.52,57.0,SE
15.65,59.0,SE
17.44,69.0,SE
0.89,79.0,cv
1.79,79.0,SE
1.79,61.0,NE
1.79,65.0,cv
1.79,68.0,SE
0.89,76.0,cv
1.79,79.0,NE
4.02,80.0,SE
8.94,67.0,SE
10.73,61.0,SE
12.52,52.0,SE
16.54,55.0,SE
19.67,45.0,SE
21.46,50.0,SE
23.25,52.0,SE
0.89,52.0,cv
1.34,46.0,cv
2.23,63.0,cv
1.79,74.0,NE
3.58,77.0,NE
3.13,71.0,NW
6.26,49.0,NW
1.79,31.0,SE
3.58,28.0,SE
1.79,21.0,cv
4.92,21.0,cv
3.13,14.0,SE
1.79,23.0,cv
3.13,31.0,SE
8.94,32.0,SE
12.07,32.0,SE
16.99,33.0,SE
20.12,70.0,SE
25.04,73.0,SE
29.06,69.0,SE
33.08,86.0,SE
37.1,81.0,SE
40.23,67.0,SE
1.79,69.0,NW
0.89,69.0,cv
1.78,79.0,cv
2.67,84.0,cv
1.79,79.0,SE
4.92,86.0,SE
8.05,96.0,SE
11.18,90.0,SE
15.2,90.0,SE
18.33,97.0,SE
20.12,112.0,SE
21.91,119.0,SE
23.7,123.0,SE
0.89,105.0,cv
4.02,70.0,SE
5.81,83.0,SE
8.94,91.0,SE
0.89,91.0,cv
4.02,74.0,SE
0.89,58.0,cv
1.79,31.0,NW
1.79,40.0,SE
1.79,43.0,NE
1.79,68.0,SE
3.58,73.0,SE
6.71,88.0,SE
9.84,108.0,SE
12.97,106.0,SE
16.1,98.0,SE
17.89,84.0,SE
21.02,79.0,SE
24.15,83.0,SE
25.94,100.0,SE
27.73,116.0,SE
29.52,117.0,SE
0.89,92.0,cv
1.79,72.0,SE
4.92,83.0,SE
8.05,88.0,SE
11.18,77.0,SE
14.31,72.0,SE
17.44,80.0,SE
20.57,71.0,SE
23.7,72.0,SE
27.72,77.0,SE
29.51,99.0,SE
31.3,107.0,SE
34.43,107.0,SE
37.56,110.0,SE
39.35,110.0,SE
41.14,130.0,SE
42.93,165.0,SE
44.72,168.0,SE
46.51,155.0,SE
48.3,181.0,SE
50.09,164.0,SE
51.88,154.0,SE
1.79,178.0,NE
3.58,193.0,NE
0.89,186.0,cv
1.79,192.0,NE
0.89,223.0,cv
1.79,220.0,NE
1.79,193.0,SE
3.58,231.0,SE
6.71,219.0,SE
3.13,211.0,NE
3.13,161.0,SE
4.92,164.0,SE
6.71,60.0,SE
0.89,42.0,cv
1.79,45.0,NE
0.89,45.0,cv
1.78,49.0,cv
2.67,87.0,cv
1.79,92.0,NW
3.58,69.0,NW
5.37,83.0,NW
7.16,86.0,NW
0.89,111.0,cv
1.79,100.0,SE
3.58,104.0,SE
1.79,188.0,NE
3.58,122.0,NE
1.79,155.0,SE
3.58,184.0,SE
1.79,181.0,NE
0.89,211.0,cv
0.89,181.0,NE
1.79,185.0,NW
0.89,186.0,NE
0.89,173.0,cv
0.89,189.0,SE
0.89,148.0,cv
1.79,145.0,SE
3.58,206.0,SE
5.37,107.0,SE
7.16,62.0,SE
0.89,51.0,cv
3.13,58.0,NW
6.26,61.0,NW
8.05,72.0,NW
1.79,85.0,NE
0.89,105.0,cv
1.78,84.0,cv
3.13,92.0,NW
6.26,99.0,NW
9.39,96.0,NW
12.52,107.0,NW
15.65,110.0,NW
19.67,114.0,NW
22.8,121.0,NW
25.93,110.0,NW
29.06,99.0,NW
0.89,117.0,NE
0.89,112.0,cv
0.89,122.0,SE
0.89,139.0,cv
1.78,141.0,cv
1.79,111.0,NW
2.68,120.0,NW
0.89,103.0,NE
0.89,118.0,NW
2.68,118.0,NW
0.89,124.0,cv
1.78,120.0,cv
1.79,134.0,SE
0.89,143.0,cv
1.79,161.0,SE
3.58,116.0,SE
5.37,95.0,SE
8.5,131.0,SE
9.39,105.0,SE
11.18,102.0,SE
12.97,118.0,SE
13.86,130.0,SE
0.89,150.0,cv
1.34,167.0,cv
0.89,174.0,SE
1.78,161.0,SE
2.67,168.0,SE
0.89,176.0,cv
1.78,152.0,cv
1.79,126.0,SE
3.58,162.0,SE
5.37,141.0,SE
0.89,167.0,cv
1.78,163.0,cv
2.67,175.0,cv
1.79,208.0,SE
3.58,216.0,SE
5.37,193.0,SE
7.16,167.0,SE
8.95,193.0,SE
10.74,196.0,SE
0.89,172.0,NE
2.68,211.0,NE
3.13,183.0,SE
6.26,220.0,SE
9.39,262.0,SE
11.18,235.0,SE
12.97,286.0,SE
1.79,264.0,NE
3.13,266.0,SE
4.92,213.0,SE
6.71,196.0,SE
0.89,185.0,cv
1.78,199.0,cv
2.67,225.0,cv
1.79,231.0,SE
3.58,209.0,SE
5.37,231.0,SE
7.16,259.0,SE
8.95,310.0,SE
10.74,304.0,SE
0.89,290.0,cv
1.79,283.0,SE
3.58,212.0,SE
7.6,185.0,SE
10.73,195.0,SE
14.75,188.0,SE
17.88,169.0,SE
21.01,178.0,SE
22.8,161.0,SE
23.69,139.0,SE
25.48,116.0,SE
3.13,127.0,cv
1.79,61.0,NW
3.13,50.0,NE
1.79,57.0,SE
0.89,55.0,cv
1.79,47.0,NW
3.58,53.0,NW
0.89,68.0,cv
1.79,60.0,SE
0.89,73.0,cv
1.79,100.0,SE
3.58,196.0,SE
5.37,154.0,SE
7.16,172.0,SE
8.95,186.0,SE
1.79,176.0,NE
3.13,177.0,SE
6.26,120.0,SE
10.28,98.0,SE
13.41,90.0,SE
16.54,91.0,SE
19.67,130.0,SE
21.46,111.0,SE
24.59,143.0,SE
27.72,145.0,SE
29.51,176.0,SE
31.3,219.0,SE
33.09,245.0,SE
34.88,267.0,SE
39.8,203.0,SE
41.59,140.0,SE
1.79,164.0,NW
2.68,122.0,NW
1.79,98.0,SE
0.89,83.0,cv
1.78,123.0,cv
2.67,167.0,cv
3.56,153.0,cv
1.79,149.0,SE
4.92,140.0,SE
8.05,158.0,SE
11.18,122.0,SE
15.2,113.0,SE
19.22,164.0,SE
23.24,177.0,SE
27.26,165.0,SE
29.05,148.0,SE
30.84,142.0,SE
32.63,142.0,SE
35.76,141.0,SE
38.89,147.0,SE
42.02,161.0,SE
45.15,188.0,SE
46.94,227.0,SE
48.73,236.0,SE
50.52,275.0,SE
52.31,258.0,SE
54.1,250.0,SE
57.23,241.0,SE
59.02,232.0,SE
60.81,246.0,SE
63.94,263.0,SE
65.73,270.0,SE
67.52,286.0,SE
73.33,212.0,SE
0.89,75.0,cv
4.02,78.0,SE
1.79,76.0,NW
3.58,47.0,NW
1.79,56.0,NE
4.92,55.0,NE
1.79,63.0,NW
3.58,36.0,NW
1.79,50.0,NE
0.45,63.0,cv
4.02,60.0,NW
1.79,53.0,NE
0.89,54.0,NW
4.91,58.0,NW
8.04,46.0,NW
9.83,49.0,NW
12.96,35.0,NW
16.09,43.0,NW
17.88,35.0,NW
19.67,46.0,NW
23.69,34.0,NW
26.82,34.0,NW
0.89,27.0,cv
3.13,34.0,SE
6.26,47.0,SE
12.07,45.0,SE
17.88,36.0,SE
21.9,40.0,SE
25.92,31.0,SE
29.05,39.0,SE
30.84,44.0,SE
32.63,49.0,SE
33.52,34.0,SE
34.41,47.0,SE
35.3,77.0,SE
36.19,75.0,SE
37.98,109.0,SE
0.89,101.0,cv
0.89,92.0,NW
1.79,99.0,NE
0.89,88.0,NW
0.89,96.0,cv
1.79,81.0,NW
0.89,70.0,cv
1.78,59.0,cv
1.79,60.0,SE
4.92,54.0,SE
8.05,47.0,SE
12.07,54.0,SE
16.09,42.0,SE
20.11,53.0,SE
24.13,51.0,SE
27.26,62.0,SE
30.39,70.0,SE
33.52,70.0,SE
0.89,79.0,cv
0.89,64.0,SE
2.68,67.0,SE
3.57,73.0,SE
5.36,91.0,SE
7.15,121.0,SE
8.94,147.0,SE
12.07,202.0,SE
0.89,209.0,cv
0.89,227.0,NE
0.89,227.0,cv
1.78,202.0,cv
2.67,197.0,cv
1.79,202.0,SE
1.79,206.0,cv
3.13,201.0,SE
4.92,153.0,SE
8.05,130.0,SE
11.18,130.0,SE
14.31,137.0,SE
16.1,139.0,SE
17.89,153.0,SE
21.02,194.0,SE
24.15,176.0,SE
27.28,170.0,SE
29.07,169.0,SE
30.86,189.0,SE
32.65,207.0,SE
34.44,202.0,SE
0.89,172.0,NE
1.78,247.0,NE
0.89,233.0,cv
1.78,227.0,cv
2.67,255.0,cv
3.12,245.0,cv
4.01,222.0,cv
4.9,226.0,cv
5.79,239.0,cv
1.79,201.0,SE
4.92,154.0,SE
9.84,144.0,SE
14.76,122.0,SE
20.57,132.0,SE
24.59,114.0,SE
28.61,102.0,SE
31.74,110.0,SE
34.87,117.0,SE
38.0,99.0,SE
41.13,101.0,SE
44.26,105.0,SE
46.05,84.0,SE
47.84,84.0,SE
49.63,85.0,SE
51.42,101.0,SE
53.21,105.0,SE
54.1,114.0,SE
0.89,116.0,NE
1.79,118.0,SE
3.58,114.0,SE
5.37,125.0,SE
7.16,104.0,SE
1.79,85.0,cv
3.13,88.0,SE
7.15,82.0,SE
10.28,77.0,SE
14.3,71.0,SE
19.22,77.0,SE
24.14,60.0,SE
28.16,64.0,SE
31.29,71.0,SE
33.08,81.0,SE
34.87,96.0,SE
36.66,111.0,SE
37.55,145.0,SE
41.57,165.0,SE
43.36,196.0,SE
46.49,211.0,SE
49.62,204.0,SE
51.41,201.0,SE
52.3,201.0,SE
0.89,201.0,cv
1.79,204.0,NE
0.89,228.0,cv
1.78,231.0,cv
1.79,199.0,SE
1.79,201.0,cv
3.58,137.0,cv
4.02,113.0,SE
8.94,106.0,SE
13.86,96.0,SE
17.88,111.0,SE
22.8,118.0,SE
27.72,128.0,SE
31.74,125.0,SE
34.87,131.0,SE
36.66,138.0,SE
38.45,150.0,SE
39.34,146.0,SE
41.13,161.0,SE
42.92,159.0,SE
44.71,173.0,SE
0.89,186.0,cv
1.78,204.0,cv
1.79,211.0,SE
0.89,225.0,cv
1.78,215.0,cv
3.13,227.0,SE
4.92,244.0,SE
1.79,251.0,NE
3.58,245.0,NE
1.79,249.0,SE
4.92,234.0,SE
6.71,262.0,SE
9.84,269.0,SE
12.97,240.0,SE
16.1,194.0,SE
19.23,174.0,SE
0.89,202.0,cv
1.78,196.0,cv
0.89,171.0,SE
1.78,195.0,SE
3.57,174.0,SE
5.36,178.0,SE
7.15,193.0,SE
8.94,196.0,SE
10.73,220.0,SE
12.52,208.0,SE
13.41,225.0,SE
15.2,224.0,SE
16.09,243.0,SE
17.88,230.0,SE
0.89,210.0,cv
3.13,201.0,SE
7.15,199.0,SE
11.17,176.0,SE
16.09,192.0,SE
21.01,189.0,SE
26.82,173.0,SE
32.63,171.0,SE
37.55,161.0,SE
42.47,148.0,SE
45.6,140.0,SE
47.39,130.0,SE
52.31,126.0,SE
55.44,139.0,SE
57.23,138.0,SE
60.36,152.0,SE
63.49,150.0,SE
65.28,157.0,SE
68.41,147.0,SE
71.54,154.0,SE
73.33,185.0,SE
75.12,189.0,SE
76.91,198.0,SE
80.04,179.0,SE
81.83,180.0,SE
83.62,180.0,SE
85.41,178.0,SE
89.43,181.0,SE
3.13,177.0,cv
4.02,165.0,SE
8.04,198.0,SE
12.06,193.0,SE
16.98,183.0,SE
21.0,189.0,SE
22.79,184.0,SE
25.92,194.0,SE
27.71,169.0,SE
29.5,172.0,SE
32.63,188.0,SE
35.76,159.0,SE
38.89,151.0,SE
40.68,149.0,SE
43.81,151.0,SE
45.6,131.0,SE
47.39,142.0,SE
49.18,149.0,SE
50.97,155.0,SE
52.76,156.0,SE
1.79,169.0,cv
1.79,171.0,SE
4.92,192.0,SE
8.05,215.0,SE
11.18,204.0,SE
14.31,178.0,SE
18.33,197.0,SE
21.46,210.0,SE
3.13,244.0,NE
7.15,278.0,NE
1.79,257.0,SE
3.58,277.0,SE
1.79,276.0,NW
0.89,246.0,cv
4.02,285.0,SE
8.94,246.0,SE
12.96,230.0,SE
16.98,224.0,SE
20.11,210.0,SE
23.24,216.0,SE
25.03,199.0,SE
1.79,179.0,NE
4.02,190.0,SE
0.89,206.0,cv
0.89,215.0,NW
0.89,204.0,NE
0.89,229.0,SE
0.89,219.0,NE
0.89,227.0,cv
1.79,192.0,SE
3.58,240.0,SE
5.37,280.0,SE
7.16,302.0,SE
1.79,267.0,NE
0.89,205.0,cv
1.78,188.0,cv
0.89,165.0,NE
1.78,170.0,NE
3.57,155.0,NE
0.89,185.0,cv
1.78,201.0,cv
1.79,197.0,NW
0.89,201.0,cv
1.78,208.0,cv
2.23,242.0,cv
1.79,259.0,NW
0.89,234.0,cv
1.78,248.0,cv
2.67,281.0,cv
5.81,306.0,NE
9.83,182.0,NE
15.64,46.0,NE
22.79,22.0,NE
29.94,22.0,NE
35.75,20.0,NE
41.56,21.0,NE
47.37,18.0,NE
53.18,18.0,NE
57.2,13.0,NE
3.13,13.0,NW
0.89,13.0,cv
1.79,30.0,SE
3.58,34.0,SE
5.37,44.0,SE
7.16,22.0,SE
8.05,35.0,SE
9.84,53.0,SE
10.73,46.0,SE
12.52,48.0,SE
0.45,33.0,cv
1.34,45.0,cv
1.79,53.0,NE
1.79,57.0,NW
3.58,66.0,NW
0.89,45.0,cv
2.68,47.0,cv
4.02,49.0,SE
8.04,27.0,SE
12.06,30.0,SE
16.98,26.0,SE
20.11,22.0,SE
23.24,25.0,SE
26.37,28.0,SE
28.16,23.0,SE
29.95,37.0,SE
31.74,66.0,SE
33.53,70.0,SE
35.32,85.0,SE
37.11,105.0,SE
0.89,78.0,cv
0.89,64.0,NE
1.78,38.0,NE
2.67,41.0,NE
0.89,91.0,cv
1.78,90.0,cv
2.67,100.0,cv
3.56,114.0,cv
4.45,117.0,cv
5.34,90.0,cv
1.79,100.0,SE
1.79,71.0,cv
1.79,65.0,SE
0.89,44.0,cv
3.13,36.0,SE
6.26,29.0,SE
10.28,38.0,SE
13.41,41.0,SE
15.2,48.0,SE
16.99,50.0,SE
18.78,52.0,SE
20.57,64.0,SE
22.36,74.0,SE
24.15,71.0,SE
27.28,83.0,SE
29.07,94.0,SE
30.86,85.0,SE
32.65,96.0,SE
1.79,154.0,NE
3.58,121.0,NE
1.79,142.0,SE
0.89,179.0,cv
3.13,184.0,NW
4.92,166.0,NW
1.79,163.0,NE
1.79,144.0,SE
0.89,139.0,cv
1.79,161.0,SE
3.58,165.0,SE
5.37,174.0,SE
7.16,195.0,SE
8.95,176.0,SE
0.89,171.0,cv
0.89,174.0,NE
0.89,199.0,cv
1.78,198.0,cv
0.89,198.0,NE
1.78,202.0,NE
3.57,199.0,NE
4.46,202.0,NE
0.45,178.0,cv
0.89,203.0,NE
0.89,178.0,cv
1.78,155.0,cv
2.67,159.0,cv
0.89,170.0,NE
0.45,205.0,cv
4.02,202.0,NW
9.83,137.0,NW
13.85,86.0,NW
17.87,69.0,NW
22.79,35.0,NW
27.71,35.0,NW
32.63,41.0,NW
35.76,33.0,NW
38.89,36.0,NW
42.91,38.0,NW
46.04,41.0,NW
47.83,37.0,NW
3.13,43.0,NE
4.92,45.0,NE
6.71,36.0,NE
3.13,28.0,NW
6.26,19.0,NW
9.39,31.0,NW
13.41,35.0,NW
16.54,32.0,NW
19.67,28.0,NW
22.8,33.0,NW
30.85,24.0,NW
40.68,23.0,NW
51.86,15.0,NW
59.91,13.0,NW
67.96,30.0,NW
73.77,11.0,NW
79.58,13.0,NW
85.39,16.0,NW
94.33,24.0,NW
101.48,20.0,NW
108.63,9.0,NW
114.44,18.0,NW
118.46,12.0,NW
123.38,12.0,NW
128.3,11.0,NW
132.32,11.0,NW
135.45,12.0,NW
138.58,10.0,NW
140.37,15.0,NW
142.16,16.0,NW
145.29,14.0,NW
148.42,13.0,NW
152.44,25.0,NW
155.57,21.0,NW
159.59,23.0,NW
4.02,16.0,NE
7.15,12.0,NE
3.13,10.0,SE
6.26,11.0,SE
9.39,18.0,SE
12.52,18.0,SE
14.31,16.0,SE
16.1,20.0,SE
19.23,19.0,SE
21.02,18.0,SE
24.15,27.0,SE
27.28,46.0,SE
29.07,38.0,SE
30.86,48.0,SE
32.65,62.0,SE
0.89,65.0,cv
1.78,78.0,cv
2.67,85.0,cv
3.56,76.0,cv
4.45,79.0,cv
0.89,92.0,SE
0.89,105.0,cv
1.79,90.0,SE
3.58,108.0,SE
5.37,105.0,SE
8.5,106.0,SE
11.63,106.0,SE
15.65,107.0,SE
19.67,119.0,SE
23.69,108.0,SE
28.61,101.0,SE
33.53,91.0,SE
37.55,38.0,SE
41.57,39.0,SE
44.7,42.0,SE
47.83,39.0,SE
0.89,38.0,NE
0.89,38.0,cv
3.13,45.0,NW
0.89,40.0,cv
3.13,44.0,NW
0.45,44.0,cv
1.34,55.0,cv
2.23,62.0,cv
2.68,63.0,cv
3.13,56.0,NW
7.15,68.0,NW
10.28,57.0,NW
12.07,71.0,NW
0.89,66.0,cv
3.13,75.0,SE
4.92,81.0,SE
6.71,98.0,SE
8.5,114.0,SE
10.29,119.0,SE
14.31,125.0,SE
17.44,115.0,SE
20.57,124.0,SE
23.7,141.0,SE
25.49,157.0,SE
28.62,187.0,SE
0.89,221.0,cv
1.79,221.0,NE
0.89,221.0,cv
3.13,218.0,NE
0.89,231.0,cv
3.13,231.0,NW
1.79,231.0,SE
0.89,208.0,cv
1.78,211.0,cv
1.79,255.0,SE
3.58,258.0,SE
5.37,246.0,SE
1.79,239.0,cv
1.79,207.0,SE
3.58,224.0,SE
6.71,245.0,SE
8.5,221.0,SE
11.63,208.0,SE
14.76,209.0,SE
17.89,224.0,SE
21.02,270.0,SE
0.89,271.0,cv
1.79,297.0,SE
0.89,275.0,cv
1.79,295.0,SE
2.68,336.0,SE
1.79,360.0,NE
0.89,263.0,cv
1.79,271.0,NE
3.13,284.0,NW
4.92,145.0,NW
8.05,123.0,NW
12.07,65.0,NW
16.99,32.0,NW
21.01,34.0,NW
4.02,45.0,NE
1.79,17.0,SE
0.89,40.0,cv
3.13,60.0,SE
6.26,83.0,SE
8.05,110.0,SE
11.18,121.0,SE
16.1,155.0,SE
19.23,168.0,SE
23.25,154.0,SE
26.38,160.0,SE
28.17,175.0,SE
29.96,172.0,SE
31.75,183.0,SE
0.89,182.0,cv
1.79,194.0,SE
3.58,132.0,SE
5.37,141.0,SE
7.16,122.0,SE
8.95,101.0,SE
10.74,100.0,SE
12.53,92.0,SE
14.32,94.0,SE
17.45,120.0,SE
20.58,166.0,SE
23.71,223.0,SE
27.73,181.0,SE
31.75,128.0,SE
35.77,117.0,SE
38.9,97.0,SE
42.92,96.0,SE
46.94,79.0,SE
50.96,61.0,SE
54.09,66.0,SE
57.22,69.0,SE
1.79,76.0,cv
1.79,81.0,SE
3.58,70.0,SE
5.37,83.0,SE
0.89,81.0,cv
1.34,74.0,cv
0.89,70.0,NE
0.45,74.0,cv
0.89,94.0,SE
1.79,111.0,NW
0.45,115.0,cv
1.79,117.0,NE
0.89,110.0,cv
1.79,96.0,NW
0.89,93.0,cv
1.78,113.0,cv
1.79,111.0,SE
1.79,115.0,cv
1.79,105.0,SE
5.81,94.0,SE
9.83,99.0,SE
13.85,71.0,SE
16.98,53.0,SE
18.77,47.0,SE
20.56,83.0,SE
0.89,96.0,cv
3.13,111.0,SE
6.26,100.0,SE
8.05,84.0,SE
9.84,88.0,SE
11.63,79.0,SE
13.42,75.0,SE
15.21,88.0,SE
16.1,87.0,SE
0.89,96.0,NE
0.89,96.0,SE
0.89,132.0,cv
1.78,141.0,cv
1.79,174.0,SE
3.58,167.0,SE
0.89,184.0,cv
3.13,194.0,SE
7.15,190.0,SE
11.17,146.0,SE
12.96,183.0,SE
16.09,157.0,SE
19.22,144.0,SE
12.96,112.0,SE
17.88,68.0,SE
21.9,45.0,SE
25.92,69.0,SE
29.94,68.0,SE
33.96,92.0,SE
37.09,79.0,SE
38.88,68.0,SE
40.67,76.0,SE
42.46,81.0,SE
44.25,97.0,SE
46.04,114.0,SE
47.83,140.0,SE
0.89,158.0,cv
1.78,158.0,cv
2.67,182.0,cv
3.13,166.0,SE
6.26,188.0,SE
9.39,194.0,SE
14.31,174.0,SE
20.12,173.0,SE
25.04,121.0,SE
30.85,125.0,SE
36.66,122.0,SE
41.58,118.0,SE
47.39,123.0,SE
52.31,127.0,SE
56.33,152.0,SE
59.46,144.0,SE
62.59,145.0,SE
65.72,156.0,SE
67.51,171.0,SE
69.3,199.0,SE
71.09,249.0,SE
72.88,300.0,SE
76.01,285.0,SE
79.14,281.0,SE
80.93,318.0,SE
84.06,326.0,SE
87.19,337.0,SE
90.32,312.0,SE
93.45,311.0,SE
95.24,291.0,SE
0.89,230.0,cv
1.79,246.0,SE
3.58,309.0,SE
6.71,283.0,SE
8.5,237.0,SE
10.29,164.0,SE
12.08,140.0,SE
12.97,140.0,SE
14.76,152.0,SE
1.79,173.0,cv
3.13,136.0,NW
6.26,90.0,NW
10.28,103.0,NW
14.3,104.0,NW
0.89,106.0,cv
1.79,89.0,NW
3.58,85.0,NW
6.71,84.0,NW
9.84,88.0,NW
12.97,97.0,NW
16.1,102.0,NW
17.89,93.0,NW
21.02,102.0,NW
22.81,100.0,NW
25.94,100.0,NW
27.73,78.0,NW
0.89,75.0,cv
1.79,93.0,SE
3.58,123.0,SE
6.71,124.0,SE
8.5,116.0,SE
10.29,129.0,SE
0.89,121.0,NE
0.89,134.0,cv
0.89,137.0,NE
1.79,154.0,SE
0.89,210.0,cv
1.79,195.0,SE
0.89,154.0,cv
0.89,152.0,NE
0.89,164.0,NW
0.89,165.0,cv
1.79,126.0,NW
4.92,121.0,NW
8.05,132.0,NW
9.84,119.0,NW
12.97,88.0,NW
16.99,79.0,NW
1.79,65.0,cv
2.68,63.0,cv
1.79,79.0,SE
3.58,93.0,SE
5.37,116.0,SE
9.39,146.0,SE
13.41,138.0,SE
17.43,144.0,SE
20.56,151.0,SE
23.69,132.0,SE
26.82,113.0,SE
28.61,63.0,SE
30.4,64.0,SE
32.19,45.0,SE
33.98,62.0,SE
35.77,60.0,SE
37.56,39.0,SE
0.89,47.0,cv
1.78,45.0,cv
2.67,52.0,cv
3.56,52.0,cv
1.79,53.0,NW
4.92,50.0,NW
12.07,35.0,NW
16.99,46.0,NW
21.91,51.0,NW
27.72,38.0,NW
32.64,34.0,NW
37.56,44.0,NW
4.02,19.0,NE
8.04,21.0,NE
4.92,12.0,NW
8.05,26.0,NW
9.84,46.0,NW
13.86,29.0,NW
4.02,13.0,NE
7.15,9.0,NE
10.28,9.0,NE
4.02,9.0,NW
4.02,17.0,NE
8.04,4.0,NE
12.96,8.0,NE
1.79,15.0,NW
4.92,23.0,NW
3.13,11.0,NE
4.92,23.0,NE
6.71,32.0,NE
3.13,30.0,NW
7.15,12.0,NW
4.02,11.0,NE
7.15,17.0,NE
3.13,18.0,SE
7.15,21.0,SE
10.28,15.0,SE
13.41,11.0,SE
17.43,24.0,SE
20.56,38.0,SE
22.35,45.0,SE
24.14,44.0,SE
27.27,48.0,SE
28.16,42.0,SE
0.89,49.0,cv
1.78,61.0,cv
2.67,57.0,cv
0.89,56.0,NE
1.78,61.0,NE
0.45,64.0,cv
1.79,83.0,NW
2.68,82.0,NW
4.47,76.0,NW
7.6,61.0,NW
9.39,66.0,NW
11.18,62.0,NW
0.89,70.0,cv
1.78,63.0,cv
2.67,57.0,cv
3.13,65.0,SE
4.92,84.0,SE
6.71,76.0,SE
10.73,59.0,SE
12.52,70.0,SE
14.31,108.0,SE
16.1,149.0,SE
17.89,169.0,SE
19.68,157.0,SE
22.81,186.0,SE
24.6,166.0,SE
26.39,173.0,SE
0.89,178.0,cv
1.78,190.0,cv
0.89,211.0,SE
0.89,177.0,cv
1.78,182.0,cv
1.79,159.0,NE
0.89,181.0,cv
1.79,169.0,SE
3.58,157.0,SE
6.71,202.0,SE
9.84,186.0,SE
13.86,127.0,SE
18.78,117.0,SE
24.59,87.0,SE
31.74,70.0,SE
37.55,60.0,SE
42.47,34.0,SE
47.39,34.0,SE
51.41,47.0,SE
0.89,45.0,cv
0.89,39.0,SE
2.68,61.0,SE
4.47,72.0,SE
6.26,73.0,SE
7.15,77.0,SE
0.89,69.0,cv
0.89,83.0,NE
1.78,76.0,NE
0.89,93.0,cv
3.13,97.0,NW
0.89,100.0,cv
3.13,74.0,NE
0.89,81.0,cv
2.68,77.0,cv
3.57,82.0,cv
1.79,75.0,SE
3.58,97.0,SE
5.37,73.0,SE
8.5,71.0,SE
10.29,70.0,SE
11.18,81.0,SE
0.89,90.0,cv
1.78,132.0,cv
2.67,184.0,cv
0.89,115.0,SE
1.79,122.0,NE
0.89,124.0,cv
0.89,133.0,NW
2.68,98.0,NW
4.47,70.0,NW
7.6,62.0,NW
12.52,81.0,NW
15.65,81.0,NW
19.67,71.0,NW
24.59,57.0,NW
29.51,60.0,NW
4.02,44.0,NE
4.02,42.0,NW
0.89,31.0,cv
3.13,41.0,NE
4.92,27.0,NE
0.89,33.0,cv
1.79,35.0,SE
2.68,45.0,SE
4.47,102.0,SE
3.13,101.0,NW
6.26,26.0,NW
9.39,22.0,NW
13.41,25.0,NW
16.54,33.0,NW
19.67,33.0,NW
21.46,36.0,NW
24.59,33.0,NW
27.72,43.0,NW
31.74,46.0,NW
34.87,35.0,NW
38.0,42.0,NW
41.13,64.0,NW
42.92,41.0,NW
46.05,40.0,NW
4.92,46.0,NE
9.84,35.0,NE
12.97,26.0,NE
0.89,31.0,cv
1.78,24.0,cv
2.67,17.0,cv
1.79,26.0,SE
3.58,30.0,SE
5.37,42.0,SE
8.5,59.0,SE
11.63,66.0,SE
1.79,54.0,NW
0.89,44.0,cv
1.78,44.0,cv
0.89,94.0,SE
0.89,127.0,NE
1.79,48.0,NW
3.58,69.0,NW
6.71,73.0,NW
9.84,51.0,NW
13.86,33.0,NW
17.88,47.0,NW
21.9,24.0,NW
25.92,37.0,NW
29.05,20.0,NW
30.84,24.0,NW
1.79,17.0,SE
0.89,22.0,cv
1.79,16.0,SE
4.92,11.0,SE
8.05,35.0,SE
11.18,42.0,SE
12.97,44.0,SE
14.76,55.0,SE
15.65,49.0,SE
19.67,65.0,SE
21.46,97.0,SE
23.25,132.0,SE
0.89,110.0,cv
0.89,136.0,NW
1.79,168.0,SE
3.58,157.0,SE
0.89,191.0,NE
0.89,160.0,cv
1.79,195.0,NW
4.92,135.0,NW
8.05,121.0,NW
1.79,102.0,SE
1.79,82.0,cv
1.79,98.0,SE
3.58,110.0,SE
5.37,138.0,SE
9.39,79.0,SE
14.31,60.0,SE
18.33,54.0,SE
22.35,62.0,SE
25.48,91.0,SE
28.61,99.0,SE
30.4,93.0,SE
32.19,88.0,SE
0.89,95.0,NE
2.68,102.0,NE
0.89,145.0,cv
0.89,107.0,NE
1.79,100.0,NW
1.79,103.0,NE
1.79,114.0,NW
3.58,130.0,NW
0.89,111.0,cv
1.79,77.0,NE
3.58,67.0,NE
6.71,95.0,NE
9.84,83.0,NE
0.45,54.0,cv
1.79,61.0,SE
0.89,77.0,cv
3.13,58.0,SE
6.26,88.0,SE
8.05,74.0,SE
9.84,70.0,SE
11.63,128.0,SE
13.42,217.0,SE
16.55,224.0,SE
18.34,176.0,SE
22.36,165.0,SE
4.02,116.0,NW
0.89,73.0,cv
1.78,60.0,cv
1.79,59.0,NE
0.89,45.0,cv
0.89,65.0,NW
2.68,72.0,NW
0.89,112.0,cv
2.68,105.0,cv
1.79,93.0,SE
4.92,81.0,SE
6.71,92.0,SE
9.84,102.0,SE
11.63,92.0,SE
13.42,89.0,SE
15.21,103.0,SE
17.0,80.0,SE
18.79,101.0,SE
1.79,95.0,NE
2.68,85.0,NE
0.89,89.0,SE
0.89,107.0,cv
1.79,115.0,NE
0.89,100.0,SE
0.89,99.0,cv
0.89,105.0,NE
0.89,108.0,NW
1.79,116.0,SE
4.02,95.0,NE
1.79,79.0,NW
0.89,82.0,cv
1.78,90.0,cv
3.13,78.0,NW
6.26,76.0,NW
11.18,44.0,NW
14.31,61.0,NW
17.44,52.0,NW
20.57,45.0,NW
23.7,55.0,NW
26.83,44.0,NW
29.96,55.0,NW
33.09,43.0,NW
37.11,37.0,NW
38.9,59.0,NW
0.89,59.0,NE
3.13,53.0,NW
0.89,73.0,cv
1.78,81.0,cv
1.79,82.0,SE
0.89,81.0,cv
1.79,105.0,NW
2.68,105.0,NW
5.81,85.0,NW
7.6,49.0,NW
10.73,45.0,NW
1.79,36.0,NE
3.13,46.0,NW
6.26,59.0,NW
9.39,51.0,NW
12.52,50.0,NW
14.31,39.0,NW
0.89,39.0,cv
2.68,46.0,cv
4.47,77.0,cv
1.79,104.0,SE
3.58,80.0,SE
4.47,112.0,SE
5.36,143.0,SE
6.25,191.0,SE
7.14,211.0,SE
8.03,224.0,SE
0.89,249.0,NW
0.89,254.0,NE
0.89,284.0,NW
1.78,228.0,NW
3.57,135.0,NW
4.46,94.0,NW
0.45,101.0,cv
1.34,93.0,cv
1.79,97.0,NW
6.71,100.0,NW
12.52,95.0,NW
16.54,56.0,NW
19.67,52.0,NW
23.69,52.0,NW
26.82,51.0,NW
1.79,46.0,NE
0.89,62.0,cv
1.78,70.0,cv
2.67,79.0,cv
1.79,90.0,NE
0.89,103.0,cv
1.34,103.0,cv
2.23,118.0,cv
3.12,142.0,cv
0.89,157.0,SE
1.78,155.0,SE
2.67,159.0,SE
1.79,82.0,NE
0.45,81.0,cv
0.89,105.0,SE
1.79,101.0,NE
0.89,93.0,NW
0.45,92.0,cv
1.79,81.0,NW
3.58,58.0,NW
5.37,72.0,NW
1.79,74.0,cv
2.68,81.0,cv
1.79,86.0,SE
1.79,77.0,cv
3.13,71.0,SE
6.26,78.0,SE
9.39,80.0,SE
11.18,88.0,SE
12.97,89.0,SE
14.76,93.0,SE
16.55,90.0,SE
0.89,135.0,cv
1.78,125.0,cv
1.79,112.0,SE
2.68,88.0,SE
0.89,92.0,cv
0.89,91.0,NE
0.89,103.0,cv
1.78,100.0,cv
2.67,91.0,cv
3.56,161.0,cv
4.45,185.0,cv
5.34,170.0,cv
6.23,146.0,cv
7.12,133.0,cv
8.91,125.0,cv
1.79,131.0,SE
1.79,123.0,cv
3.13,89.0,SE
6.26,96.0,SE
9.39,87.0,SE
11.18,95.0,SE
15.2,97.0,SE
19.22,117.0,SE
22.35,128.0,SE
24.14,144.0,SE
0.89,147.0,cv
1.78,129.0,cv
1.79,148.0,SE
0.89,163.0,cv
1.78,168.0,cv
0.89,152.0,NE
1.78,177.0,NE
0.45,182.0,cv
1.79,177.0,NW
0.89,151.0,cv
1.79,150.0,NW
3.13,131.0,NE
7.15,135.0,NE
1.79,117.0,NW
0.89,103.0,cv
1.79,103.0,SE
3.58,95.0,SE
5.37,99.0,SE
6.26,104.0,SE
7.15,128.0,SE
8.04,182.0,SE
8.93,224.0,SE
0.89,232.0,cv
0.89,216.0,NE
0.89,229.0,SE
1.79,226.0,NE
3.58,250.0,NE
0.89,278.0,NW
1.78,249.0,NW
0.89,201.0,cv
1.34,161.0,cv
0.89,203.0,SE
0.89,222.0,cv
1.78,226.0,cv
2.67,197.0,cv
1.79,210.0,NE
4.92,148.0,NE
8.94,56.0,NE
12.96,52.0,NE
16.98,38.0,NE
18.77,41.0,NE
1.79,48.0,SE
2.68,43.0,SE
4.47,54.0,SE
6.26,70.0,SE
8.05,58.0,SE
0.89,61.0,cv
1.78,64.0,cv
2.67,74.0,cv
3.12,103.0,cv
4.01,102.0,cv
4.46,61.0,cv
5.35,69.0,cv
0.89,81.0,NE
1.78,79.0,NE
0.89,129.0,SE
0.89,133.0,NE
1.78,96.0,NE
0.89,81.0,cv
4.02,58.0,SE
5.81,63.0,SE
3.13,67.0,cv
3.13,81.0,SE
6.26,113.0,SE
9.39,97.0,SE
12.52,97.0,SE
15.65,111.0,SE
17.44,102.0,SE
19.23,100.0,SE
0.89,123.0,cv
1.79,125.0,SE
5.81,128.0,SE
6.7,118.0,SE
8.49,115.0,SE
10.28,140.0,SE
12.07,142.0,SE
13.86,122.0,SE
0.89,109.0,cv
1.78,159.0,cv
0.89,154.0,SE
0.89,213.0,NE
0.89,216.0,cv
1.78,227.0,cv
1.79,210.0,SE
0.89,220.0,cv
2.68,216.0,cv
3.13,211.0,SE
7.15,204.0,SE
12.07,122.0,SE
16.99,121.0,SE
21.01,85.0,SE
25.03,114.0,SE
28.16,152.0,SE
29.95,131.0,SE
31.74,144.0,SE
34.87,147.0,SE
36.66,160.0,SE
38.45,175.0,SE
1.79,176.0,NE
2.68,193.0,NE
0.89,200.0,SE
0.89,189.0,cv
0.89,108.0,NW
0.89,50.0,cv
0.89,73.0,NE
4.02,57.0,NW
9.83,57.0,NW
14.75,45.0,NW
18.77,62.0,NW
23.69,62.0,NW
28.61,24.0,NW
33.53,24.0,NW
38.45,27.0,NW
43.37,38.0,NW
48.29,39.0,NW
53.21,27.0,NW
55.0,66.0,NW
0.89,111.0,NE
0.45,198.0,cv
1.79,181.0,NW
4.92,212.0,NW
6.71,174.0,NW
9.84,170.0,NW
12.97,133.0,NW
16.1,50.0,NW
17.89,28.0,NW
0.89,18.0,NE
15.65,76.0,SE
0.89,72.0,cv
0.89,72.0,NE
0.89,207.0,SE
0.89,240.0,NW
1.78,221.0,NW
2.67,164.0,NW
3.56,98.0,NW
0.89,69.0,NE
1.79,96.0,NW
3.58,119.0,NW
3.13,110.0,NE
4.92,107.0,NE
6.71,91.0,NE
0.89,71.0,cv
1.78,69.0,cv
1.79,85.0,SE
4.92,87.0,SE
6.71,103.0,SE
9.84,115.0,SE
11.63,123.0,SE
15.65,123.0,SE
17.44,132.0,SE
19.23,120.0,SE
21.02,132.0,SE
1.79,155.0,NE
0.89,142.0,cv
1.78,155.0,cv
2.67,218.0,cv
0.89,261.0,NW
1.78,269.0,NW
0.89,206.0,cv
1.79,117.0,NW
4.92,111.0,NW
6.71,114.0,NW
0.89,120.0,cv
1.78,134.0,cv
2.67,131.0,cv
3.56,141.0,cv
5.35,141.0,cv
7.14,159.0,cv
3.13,129.0,SE
4.92,150.0,SE
8.94,124.0,SE
12.96,121.0,SE
16.98,138.0,SE
21.0,139.0,SE
21.89,180.0,SE
23.68,167.0,SE
1.79,191.0,NE
0.89,209.0,cv
1.78,275.0,cv
2.67,277.0,cv
0.89,310.0,NW
2.68,242.0,NW
4.47,206.0,NW
6.26,136.0,NW
8.05,166.0,NW
11.18,175.0,NW
14.31,160.0,NW
16.1,179.0,NW
1.79,182.0,cv
3.58,177.0,cv
1.79,183.0,SE
3.58,153.0,SE
5.37,128.0,SE
9.39,165.0,SE
12.52,166.0,SE
14.31,152.0,SE
15.2,169.0,SE
16.99,212.0,SE
18.78,225.0,SE
19.67,227.0,SE
0.89,225.0,cv
0.89,321.0,SE
0.89,358.0,cv
0.89,360.0,SE
0.89,411.0,NE
1.78,374.0,NE
0.89,414.0,cv
1.34,349.0,cv
2.23,298.0,cv
3.12,334.0,cv
4.01,333.0,cv
1.79,455.0,SE
3.58,440.0,SE
7.6,313.0,SE
13.41,215.0,SE
18.33,190.0,SE
23.25,236.0,SE
29.06,187.0,SE
33.98,211.0,SE
38.0,196.0,SE
41.13,240.0,SE
42.92,281.0,SE
46.05,297.0,SE
50.07,293.0,SE
54.09,254.0,SE
55.88,203.0,SE
59.01,186.0,SE
60.8,205.0,SE
62.59,200.0,SE
64.38,181.0,SE
66.17,176.0,SE
67.96,188.0,SE
68.85,181.0,SE
70.64,219.0,SE
72.43,226.0,SE
74.22,238.0,SE
77.35,247.0,SE
79.14,225.0,SE
82.27,244.0,SE
84.06,199.0,SE
85.85,157.0,SE
88.98,194.0,SE
93.0,262.0,SE
97.02,224.0,SE
102.83,174.0,SE
108.64,170.0,SE
115.79,153.0,SE
119.81,104.0,SE
124.73,136.0,SE
129.65,117.0,SE
132.78,94.0,SE
137.7,112.0,SE
139.49,71.0,SE
142.62,89.0,SE
144.41,84.0,SE
1.79,70.0,NE
0.89,61.0,cv
1.79,53.0,SE
0.89,34.0,cv
3.13,26.0,NE
6.26,43.0,NE
9.39,21.0,NE
12.52,13.0,NE
16.54,24.0,NE
19.67,33.0,NE
21.46,9.0,NE
1.79,26.0,SE
1.79,30.0,NE
0.89,14.0,cv
1.78,12.0,cv
0.89,8.0,NE
2.68,6.0,NE
4.47,31.0,NE
7.6,26.0,NE
9.39,20.0,NE
0.89,19.0,cv
1.34,16.0,cv
1.79,17.0,NW
1.79,14.0,NE
3.58,12.0,NE
5.37,5.0,NE
8.5,20.0,NE
11.63,5.0,NE
14.76,20.0,NE
3.13,23.0,NW
4.02,33.0,NE
1.79,21.0,NW
1.79,3.0,NE
1.79,6.0,SE
4.92,27.0,SE
8.05,23.0,SE
11.18,35.0,SE
0.89,48.0,cv
1.78,54.0,cv
1.79,44.0,SE
4.92,44.0,SE
6.71,24.0,SE
8.5,34.0,SE
1.79,45.0,NE
2.68,54.0,NE
0.89,55.0,SE
1.79,55.0,NE
1.79,55.0,NW
3.58,55.0,NW
5.37,84.0,NW
8.5,106.0,NW
10.29,73.0,NW
12.08,87.0,NW
0.89,118.0,cv
1.79,138.0,NW
1.79,118.0,cv
3.13,79.0,SE
4.92,70.0,SE
8.05,49.0,SE
12.07,37.0,SE
15.2,47.0,SE
3.58,84.0,SE
4.47,91.0,SE
5.36,82.0,SE
1.79,76.0,NW
0.89,129.0,cv
1.78,147.0,cv
0.89,115.0,NE
1.79,121.0,NW
3.58,109.0,NW
5.37,99.0,NW
7.16,121.0,NW
8.95,119.0,NW
10.74,124.0,NW
13.87,143.0,NW
1.79,128.0,NE
3.13,106.0,NW
4.92,101.0,NE
8.05,57.0,NE
12.07,48.0,NE
13.86,34.0,NE
15.65,35.0,NE
18.78,52.0,NE
22.8,56.0,NE
25.93,49.0,NE
29.06,28.0,NE
34.87,20.0,NE
42.92,11.0,NE
48.73,1.0,NE
55.88,4.0,NE
70.21,45.0,NW
0.89,209.0,cv
1.78,204.0,cv
0.89,222.0,NE
1.78,231.0,NE
0.89,268.0,cv
1.78,258.0,cv
3.13,196.0,NW
4.02,192.0,NW
0.89,165.0,cv
1.79,156.0,NE
2.68,155.0,NE
1.79,162.0,NW
0.89,211.0,cv
1.79,274.0,NW
0.89,266.0,cv
1.79,225.0,SE
0.89,194.0,cv
1.79,203.0,SE
0.89,224.0,cv
1.78,234.0,cv
0.89,259.0,SE
0.89,247.0,cv
1.34,266.0,cv
1.79,237.0,SE
3.58,243.0,SE
3.13,242.0,NW
6.26,256.0,NW
10.28,168.0,NW
3.13,74.0,NE
3.13,67.0,SE
0.89,80.0,cv
1.79,75.0,NW
4.92,54.0,NW
6.71,47.0,NW
9.84,51.0,NW
12.97,47.0,NW
14.76,34.0,NW
22.81,22.0,NW
31.75,9.0,NW
41.58,11.0,NW
51.41,12.0,NW
59.46,11.0,NW
68.4,7.0,NW
78.23,3.0,NW
87.17,5.0,NW
96.11,7.0,NW
104.16,6.0,NW
108.18,10.0,NW
113.1,13.0,NW
114.89,16.0,NW
118.02,12.0,NW
122.04,12.0,NW
125.17,13.0,NW
128.3,12.0,NW
131.43,12.0,NW
138.58,13.0,NW
144.39,12.0,NW
149.31,12.0,NW
156.46,13.0,NW
165.4,10.0,NW
174.34,12.0,NW
184.17,13.0,NW
193.11,12.0,NW
202.94,11.0,NW
211.88,11.0,NW
219.93,10.0,NW
228.87,8.0,NW
237.81,6.0,NW
245.86,5.0,NW
253.91,6.0,NW
261.96,8.0,NW
269.11,7.0,NW
272.24,7.0,NW
275.37,8.0,NW
278.5,7.0,NW
3.13,9.0,NE
0.89,23.0,NW
2.68,21.0,NW
6.7,25.0,NW
9.83,22.0,NW
11.62,14.0,NW
13.41,22.0,NW
15.2,27.0,NW
1.79,22.0,NE
4.92,14.0,NE
0.89,19.0,cv
1.78,15.0,cv
3.57,17.0,cv
4.46,21.0,cv
1.79,24.0,SE
4.92,24.0,SE
8.05,26.0,SE
11.18,24.0,SE
14.31,25.0,SE
0.89,27.0,cv
0.89,38.0,SE
0.89,47.0,cv
0.89,41.0,SE
1.78,42.0,SE
0.89,85.0,cv
0.89,88.0,NE
1.79,90.0,NW
1.79,73.0,NE
1.79,57.0,NW
4.92,50.0,NW
8.05,43.0,NW
9.84,52.0,NW
12.97,52.0,NW
1.79,31.0,NE
1.79,38.0,NW
3.58,44.0,NW
0.89,39.0,cv
1.78,43.0,cv
3.13,55.0,SE
7.15,56.0,SE
10.28,60.0,SE
12.07,72.0,SE
13.86,80.0,SE
0.89,99.0,cv
1.78,133.0,cv
2.67,166.0,cv
1.79,152.0,SE
0.89,192.0,cv
0.89,206.0,NE
0.89,260.0,cv
0.89,217.0,NE
0.89,170.0,cv
1.79,151.0,NW
0.89,136.0,cv
0.89,115.0,NW
2.68,144.0,NW
4.47,154.0,NW
0.89,198.0,cv
1.78,252.0,cv
2.67,263.0,cv
3.56,243.0,cv
1.79,217.0,SE
4.92,256.0,SE
8.05,284.0,SE
11.18,252.0,SE
12.97,264.0,SE
14.76,320.0,SE
0.89,372.0,NE
0.89,435.0,cv
0.89,503.0,SE
0.89,534.0,NE
1.78,506.0,NE
2.67,505.0,NE
0.89,465.0,cv
0.89,468.0,NE
1.78,449.0,NE
0.89,418.0,cv
1.78,405.0,cv
0.89,374.0,NE
1.78,388.0,NE
0.89,384.0,cv
1.79,384.0,NE
0.89,381.0,cv
1.79,359.0,SE
0.89,369.0,cv
1.79,355.0,SE
4.92,348.0,SE
8.05,344.0,SE
11.18,330.0,SE
12.07,279.0,SE
0.89,252.0,cv
1.34,287.0,cv
0.89,327.0,SE
1.78,365.0,SE
0.89,391.0,NE
0.89,423.0,cv
0.89,429.0,NE
0.89,439.0,cv
0.89,458.0,NE
0.45,436.0,cv
0.89,431.0,NW
0.89,408.0,cv
1.34,387.0,cv
0.89,349.0,NW
0.89,332.0,NE
2.68,348.0,NE
0.89,350.0,cv
1.78,344.0,cv
1.79,369.0,SE
3.58,406.0,SE
5.37,422.0,SE
7.16,310.0,SE
11.18,175.0,SE
12.97,253.0,SE
0.89,263.0,cv
1.78,223.0,cv
0.89,400.0,NE
0.89,470.0,cv
1.78,459.0,cv
1.79,378.0,SE
2.68,290.0,SE
3.57,290.0,SE
4.46,287.0,SE
0.89,283.0,cv
1.78,283.0,cv
2.67,337.0,cv
3.12,329.0,cv
0.89,311.0,NW
0.89,318.0,NE
0.89,335.0,cv
1.78,324.0,cv
2.67,307.0,cv
3.56,323.0,cv
1.79,350.0,SE
3.58,374.0,SE
5.37,396.0,SE
0.89,435.0,cv
0.89,412.0,SE
0.89,449.0,NE
1.79,429.0,NW
2.68,411.0,NW
0.89,430.0,NE
1.78,431.0,NE
2.67,440.0,NE
3.56,434.0,NE
4.45,438.0,NE
0.89,416.0,NW
0.89,417.0,NE
0.89,394.0,cv
0.89,380.0,NE
0.89,376.0,SE
0.89,385.0,cv
0.89,383.0,NE
0.89,397.0,SE
0.89,392.0,cv
1.79,408.0,SE
3.58,428.0,SE
5.37,420.0,SE
0.89,399.0,cv
1.34,391.0,cv
1.79,393.0,cv
3.13,415.0,SE
0.89,395.0,NE
1.79,420.0,SE
0.89,414.0,cv
3.13,394.0,SE
7.15,348.0,NW
12.07,74.0,NW
17.88,32.0,NW
23.69,17.0,NW
27.71,6.0,NW
32.63,5.0,NW
38.44,4.0,NW
45.59,6.0,NW
48.72,8.0,NW
50.51,16.0,NW
3.13,2.0,NE
8.05,4.0,NE
12.07,7.0,NE
16.99,5.0,NE
4.92,4.0,NW
4.02,7.0,NE
8.04,7.0,NE
11.17,7.0,NE
15.19,10.0,NE
16.98,10.0,NE
1.79,13.0,NW
5.81,17.0,NW
1.79,9.0,NE
3.58,11.0,NE
0.89,21.0,cv
0.89,21.0,NW
2.68,37.0,NW
0.89,30.0,cv
1.79,45.0,NW
0.89,56.0,cv
1.34,42.0,cv
2.23,51.0,cv
3.13,33.0,NW
0.89,48.0,cv
1.79,42.0,NW
3.58,32.0,NW
5.37,29.0,NW
7.16,31.0,NW
0.89,22.0,cv
2.68,24.0,cv
6.26,40.0,SE
9.39,32.0,SE
12.52,45.0,SE
14.31,55.0,SE
15.2,75.0,SE
16.09,107.0,SE
0.89,125.0,cv
1.78,154.0,cv
2.67,168.0,cv
3.56,187.0,cv
4.01,163.0,cv
4.46,143.0,cv
4.91,118.0,cv
0.89,111.0,NW
0.89,99.0,NE
1.79,86.0,NW
2.68,66.0,NW
0.89,56.0,cv
1.79,55.0,NW
0.89,63.0,cv
1.79,67.0,NW
1.79,70.0,SE
4.92,91.0,SE
8.94,107.0,SE
12.96,137.0,SE
16.09,102.0,SE
19.22,114.0,SE
0.89,148.0,cv
0.89,164.0,SE
0.89,193.0,cv
3.13,164.0,NW
7.15,118.0,NW
8.94,41.0,NW
12.07,17.0,NW
16.99,13.0,NW
1.79,13.0,SE
4.92,10.0,NW
8.05,5.0,NW
9.84,2.0,NW
12.97,7.0,NW
16.99,22.0,NW
21.01,12.0,NW
26.82,22.0,NW
36.65,11.0,NW
42.46,16.0,NW
47.38,18.0,NW
54.53,7.0,NW
61.68,17.0,NW
69.73,11.0,NW
77.78,18.0,NW
84.93,21.0,NW
90.74,16.0,NW
93.87,22.0,NW
97.0,13.0,NW
100.13,21.0,NW
104.15,30.0,NW
109.07,19.0,NW
114.88,19.0,NW
119.8,15.0,NW
121.59,18.0,NW
123.38,56.0,NW
125.17,38.0,NW
129.19,18.0,NW
133.21,48.0,NW
136.34,37.0,NW
140.36,19.0,NW
144.38,9.0,NW
147.51,8.0,NW
4.92,23.0,SE
10.73,24.0,SE
17.88,26.0,SE
25.03,31.0,SE
33.08,46.0,SE
38.89,67.0,SE
44.7,73.0,SE
53.64,67.0,SE
3.13,71.0,cv
4.02,64.0,cv
1.79,77.0,NW
2.68,71.0,NW
0.89,111.0,cv
1.78,125.0,cv
1.79,133.0,NW
4.92,134.0,NW
8.94,143.0,NW
12.07,123.0,NW
0.45,97.0,cv
1.79,73.0,NW
5.81,37.0,NW
4.02,34.0,NE
4.02,63.0,SE
9.83,106.0,SE
13.85,123.0,SE
17.87,79.0,SE
21.89,50.0,SE
25.91,46.0,SE
29.04,45.0,SE
33.06,47.0,SE
36.19,49.0,SE
39.32,53.0,SE
44.24,49.0,SE
49.16,46.0,SE
54.97,32.0,SE
58.99,32.0,SE
63.01,23.0,SE
67.03,31.0,SE
70.16,27.0,SE
73.29,24.0,SE
76.42,20.0,SE
79.55,23.0,SE
82.68,34.0,SE
85.81,34.0,SE
88.94,44.0,SE
90.73,41.0,SE
92.52,39.0,SE
95.65,38.0,SE
97.44,40.0,SE
99.23,46.0,SE
101.02,47.0,SE
102.81,44.0,SE
104.6,51.0,SE
106.39,64.0,SE
0.89,59.0,cv
1.78,64.0,cv
2.67,62.0,cv
3.56,73.0,cv
0.89,80.0,SE
0.45,89.0,cv
0.89,81.0,SE
1.78,73.0,SE
0.89,92.0,cv
0.89,86.0,SE
0.89,90.0,cv
1.78,80.0,cv
2.67,71.0,cv
3.56,83.0,cv
4.45,77.0,cv
3.13,69.0,SE
0.45,64.0,cv
3.13,66.0,NW
4.92,71.0,NW
9.84,75.0,NW
12.97,79.0,NW
16.99,75.0,NW
20.12,68.0,NW
23.25,64.0,NW
26.38,50.0,NW
0.89,47.0,cv
1.79,47.0,NW
0.89,41.0,cv
1.78,38.0,cv
1.79,39.0,SE
1.79,42.0,NW
3.13,43.0,SE
0.89,40.0,cv
1.78,45.0,cv
0.89,52.0,SE
1.78,57.0,SE
0.89,61.0,cv
1.34,57.0,cv
0.89,63.0,SE
0.89,73.0,cv
1.78,60.0,cv
2.67,81.0,cv
1.79,79.0,SE
3.58,89.0,SE
1.79,93.0,cv
1.79,87.0,SE
0.89,93.0,cv
1.34,84.0,cv
0.89,79.0,SE
0.89,89.0,NE
0.89,88.0,SE
2.68,82.0,SE
4.47,92.0,SE
6.26,91.0,SE
8.05,83.0,SE
0.89,80.0,cv
1.78,82.0,cv
1.79,88.0,SE
1.79,92.0,NE
2.68,81.0,NE
0.89,79.0,cv
0.89,86.0,NW
0.89,84.0,NE
0.89,75.0,cv
1.79,82.0,NE
1.79,89.0,NW
0.89,74.0,cv
1.78,87.0,cv
2.67,79.0,cv
3.56,81.0,cv
1.79,78.0,NE
2.68,73.0,NE
3.57,80.0,NE
0.89,74.0,cv
0.89,85.0,NE
1.78,91.0,NE
0.45,86.0,cv
0.9,84.0,cv
1.35,88.0,cv
0.89,92.0,NE
0.45,93.0,cv
0.89,98.0,NW
1.78,101.0,NW
0.89,102.0,NE
0.45,95.0,cv
0.89,100.0,NW
0.89,103.0,NE
1.78,115.0,NE
0.89,130.0,cv
1.79,140.0,NE
0.89,154.0,cv
1.79,172.0,NE
0.89,151.0,cv
1.79,127.0,SE
3.58,109.0,SE
5.37,105.0,SE
6.26,96.0,SE
7.15,115.0,SE
0.89,161.0,NE
0.89,180.0,cv
0.89,179.0,NE
1.78,179.0,NE
2.67,184.0,NE
3.56,176.0,NE
0.45,164.0,cv
1.34,152.0,cv
0.89,143.0,NW
1.78,142.0,NW
3.57,137.0,NW
4.46,145.0,NW
0.89,146.0,NE
0.89,147.0,cv
1.78,154.0,cv
1.79,161.0,NE
1.79,165.0,SE
0.89,161.0,cv
1.79,162.0,NE
0.89,182.0,cv
1.78,201.0,cv
0.89,197.0,NE
1.78,201.0,NE
1.79,195.0,NW
0.89,204.0,NE
0.89,187.0,cv
1.79,174.0,NW
4.92,174.0,NW
6.71,178.0,NW
8.5,164.0,NW
0.89,158.0,cv
1.78,158.0,cv
2.67,158.0,cv
1.79,160.0,NW
3.58,164.0,NW
4.47,167.0,NW
0.89,173.0,cv
0.89,179.0,NE
1.79,188.0,NW
3.58,194.0,NW
1.79,225.0,NE
0.89,252.0,cv
1.78,257.0,cv
2.67,260.0,cv
3.56,271.0,cv
0.89,265.0,NE
1.78,271.0,NE
0.89,273.0,cv
1.78,261.0,cv
2.67,275.0,cv
0.89,278.0,NW
2.68,270.0,NW
3.57,262.0,NW
4.46,256.0,NW
6.25,251.0,NW
8.04,259.0,NW
9.83,260.0,NW
11.62,252.0,NW
13.41,234.0,NW
1.79,212.0,NE
7.6,218.0,NE
13.41,63.0,NE
19.22,13.0,NE
27.27,11.0,NE
35.32,12.0,NE
43.37,12.0,NE
50.52,8.0,NE
56.33,9.0,NE
61.25,10.0,NE
65.27,11.0,NE
70.19,13.0,NE
4.02,17.0,NW
8.94,11.0,NW
12.07,12.0,NW
15.2,14.0,NW
18.33,15.0,NW
22.35,12.0,NW
25.48,10.0,NW
30.4,10.0,NW
35.32,8.0,NW
41.13,6.0,NW
49.18,7.0,NW
53.2,16.0,NW
59.01,10.0,NW
64.82,17.0,NW
70.63,15.0,NW
75.55,15.0,NW
82.7,14.0,NW
90.75,11.0,NW
99.69,12.0,NW
111.76,12.0,NW
122.94,7.0,NW
135.9,6.0,NW
147.97,8.0,NW
159.15,12.0,NW
168.09,14.0,NW
173.9,14.0,NW
181.95,11.0,NW
4.02,9.0,NE
8.94,11.0,NE
13.86,8.0,NE
19.67,9.0,NE
4.92,7.0,NW
9.84,4.0,NW
14.76,6.0,NW
16.55,4.0,NW
18.34,4.0,NW
21.47,5.0,NW
1.79,6.0,NE
4.02,7.0,NW
4.92,8.0,NE
4.02,9.0,NW
8.04,10.0,NW
12.06,8.0,NW
0.89,9.0,cv
2.68,12.0,cv
3.57,11.0,cv
3.13,8.0,SE
4.02,19.0,SE
0.89,28.0,cv
1.78,35.0,cv
3.13,32.0,SE
4.02,29.0,SE
4.91,35.0,SE
5.8,41.0,SE
0.89,42.0,cv
1.78,46.0,cv
2.23,68.0,cv
0.89,80.0,NE
1.78,76.0,NE
0.45,74.0,cv
0.9,88.0,cv
0.89,92.0,NE
0.89,82.0,cv
1.78,69.0,cv
2.67,73.0,cv
4.46,71.0,cv
6.25,89.0,cv
3.13,83.0,SE
7.15,77.0,SE
11.17,97.0,SE
12.96,90.0,SE
0.89,88.0,cv
1.78,101.0,cv
2.67,112.0,cv
1.79,124.0,NW
0.89,158.0,NE
0.89,164.0,cv
3.13,176.0,NW
4.92,189.0,NW
0.89,174.0,NE
3.13,107.0,NW
0.89,111.0,cv
0.89,91.0,NW
4.02,89.0,NW
7.15,82.0,NW
10.28,76.0,NW
13.41,83.0,NW
16.54,83.0,NW
18.33,67.0,NW
1.79,45.0,cv
2.68,42.0,cv
3.13,37.0,NW
6.26,44.0,NW
4.02,38.0,SE
7.15,59.0,SE
10.28,34.0,SE
14.3,48.0,SE
17.43,48.0,SE
21.45,41.0,SE
0.89,41.0,cv
1.78,50.0,cv
1.79,47.0,NW
3.58,67.0,NW
5.37,76.0,NW
0.45,79.0,cv
1.79,72.0,NW
3.58,88.0,NW
0.89,72.0,cv
1.79,76.0,NW
2.68,93.0,NW
4.47,66.0,NW
7.6,49.0,NW
11.62,60.0,NW
16.54,40.0,NW
21.46,34.0,NW
24.59,21.0,NW
29.51,19.0,NW
32.64,20.0,NW
3.13,24.0,SE
7.15,31.0,SE
11.17,31.0,SE
15.19,42.0,SE
19.21,49.0,SE
0.89,44.0,NW
2.68,51.0,NW
4.47,52.0,NW
7.6,69.0,NW
10.73,75.0,NW
12.52,69.0,NW
14.31,57.0,NW
17.44,47.0,NW
20.57,51.0,NW
24.59,48.0,NW
27.72,45.0,NW
3.13,38.0,NE
4.02,34.0,NW
7.15,39.0,NW
8.94,38.0,NW
10.73,23.0,NW
1.79,12.0,cv
2.68,9.0,cv
3.57,15.0,cv
1.79,24.0,SE
0.89,45.0,cv
4.02,102.0,SE
5.81,101.0,SE
0.89,92.0,cv
1.78,68.0,cv
1.79,64.0,NW
3.58,101.0,NW
5.37,102.0,NW
7.16,129.0,NW
8.95,123.0,NW
10.74,117.0,NW
13.87,76.0,NW
15.66,51.0,NW
18.79,57.0,NW
21.92,47.0,NW
25.05,47.0,NW
28.18,53.0,NW
29.97,64.0,NW
33.1,57.0,NW
36.23,60.0,NW
39.36,42.0,NW
0.89,30.0,cv
4.02,22.0,NW
8.04,24.0,NW
0.89,76.0,cv
1.78,111.0,cv
2.67,98.0,cv
1.79,89.0,NW
4.92,77.0,NW
6.71,92.0,NW
9.84,84.0,NW
12.97,83.0,NW
16.1,71.0,NW
19.23,64.0,NW
22.36,86.0,NW
24.15,61.0,NW
28.17,58.0,NW
32.19,60.0,NW
4.92,41.0,NE
3.13,50.0,cv
3.13,42.0,SE
4.92,61.0,SE
0.89,75.0,cv
1.34,109.0,cv
2.23,143.0,cv
3.12,167.0,cv
0.89,183.0,NW
2.68,154.0,NW
4.47,127.0,NW
6.26,94.0,NW
8.05,86.0,NW
11.18,51.0,NW
12.97,95.0,NW
16.1,85.0,NW
17.89,53.0,NW
21.02,56.0,NW
24.15,55.0,NW
27.28,50.0,NW
30.41,41.0,NW
1.79,39.0,NE
1.79,30.0,cv
3.58,34.0,cv
3.13,43.0,SE
7.15,52.0,SE
11.17,44.0,SE
14.3,39.0,SE
17.43,43.0,SE
19.22,53.0,SE
0.89,63.0,cv
0.89,91.0,NE
0.89,119.0,cv
0.89,136.0,NW
2.68,144.0,NW
5.81,148.0,NW
0.89,130.0,cv
1.79,98.0,NW
2.68,70.0,NW
5.81,95.0,NW
7.6,79.0,NW
9.39,67.0,NW
12.52,52.0,NW
14.31,54.0,NW
16.1,53.0,NW
17.89,49.0,NW
0.89,51.0,cv
1.79,52.0,SE
4.92,58.0,SE
8.05,83.0,SE
11.18,98.0,SE
14.31,86.0,SE
15.2,95.0,SE
16.09,129.0,SE
0.89,154.0,cv
1.78,172.0,cv
2.67,187.0,cv
3.56,232.0,cv
1.79,238.0,NW
0.89,227.0,cv
1.79,221.0,NW
3.58,195.0,NW
5.37,122.0,NW
7.16,143.0,NW
0.89,147.0,cv
1.78,124.0,cv
0.89,127.0,NE
0.89,122.0,NW
0.89,164.0,cv
1.78,249.0,cv
2.67,272.0,cv
3.56,298.0,cv
1.79,314.0,SE
3.58,307.0,SE
0.89,352.0,cv
1.79,374.0,SE
2.68,366.0,SE
0.89,381.0,cv
0.89,400.0,SE
0.89,419.0,cv
0.89,463.0,NW
2.68,481.0,NW
3.57,466.0,NW
5.36,479.0,NW
8.49,343.0,NW
11.62,95.0,NW
0.89,34.0,cv
1.78,18.0,cv
1.79,20.0,NW
5.81,14.0,NW
11.62,12.0,NW
21.45,11.0,NW
31.28,13.0,NW
42.46,16.0,NW
54.53,17.0,NW
65.71,11.0,NW
77.78,15.0,NW
89.85,14.0,NW
102.81,13.0,NW
113.99,16.0,NW
122.93,10.0,NW
128.74,10.0,NW
133.66,9.0,NW
138.58,10.0,NW
141.71,10.0,NW
144.84,9.0,NW
148.86,18.0,NW
150.65,15.0,NW
153.78,14.0,NW
155.57,13.0,NW
159.59,12.0,NW
164.51,7.0,NW
171.66,7.0,NW
178.81,9.0,NW
181.94,7.0,NW
3.13,7.0,NE
8.94,8.0,NW
16.99,10.0,NW
24.14,10.0,NW
31.29,6.0,NW
39.34,6.0,NW
47.39,8.0,NW
55.44,7.0,NW
61.25,10.0,NW
68.4,17.0,NW
72.42,19.0,NW
1.79,21.0,NE
4.92,42.0,NE
6.71,23.0,NE
0.89,13.0,NW
1.79,21.0,NE
4.92,25.0,NE
1.79,16.0,NW
3.58,15.0,NW
0.89,12.0,cv
1.79,19.0,NW
3.58,21.0,NW
0.45,39.0,cv
0.89,45.0,SE
0.89,25.0,cv
1.79,31.0,SE
1.79,47.0,NE
1.79,75.0,SE
3.58,75.0,SE
0.89,71.0,cv
1.78,62.0,cv
2.67,57.0,cv
0.89,66.0,SE
0.89,78.0,NE
1.78,99.0,NE
1.79,111.0,NW
0.45,128.0,cv
0.89,146.0,NE
0.89,140.0,NW
1.78,144.0,NW
3.57,142.0,NW
5.36,143.0,NW
6.25,129.0,NW
8.04,114.0,NW
8.93,94.0,NW
10.72,70.0,NW
12.51,99.0,NW
14.3,89.0,NW
0.89,80.0,cv
1.78,59.0,cv
2.67,77.0,cv
3.56,97.0,cv
4.45,116.0,cv
3.13,126.0,SE
4.92,121.0,SE
5.81,122.0,SE
6.7,118.0,SE
7.59,142.0,SE
0.89,184.0,cv
0.89,230.0,SE
0.89,207.0,NE
1.79,201.0,NW
4.92,227.0,NW
0.89,213.0,cv
1.79,193.0,SE
1.79,155.0,NW
1.79,154.0,SE
0.89,149.0,cv
1.79,138.0,NW
0.89,177.0,cv
5.81,302.0,NW
15.64,153.0,NW
25.47,27.0,NW
35.3,17.0,NW
45.13,16.0,NW
54.96,10.0,NW
64.79,12.0,NW
74.62,16.0,NW
84.45,11.0,NW
94.28,12.0,NW
104.11,12.0,NW
113.94,9.0,NW
123.77,10.0,NW
125.56,11.0,NW
127.35,8.0,NW
129.14,6.0,NW
130.93,7.0,NW
132.72,8.0,NW
134.51,11.0,NW
136.3,10.0,NW
138.09,9.0,NW
139.88,12.0,NW
141.67,30.0,NW
142.56,37.0,NW
144.35,45.0,NW
146.14,43.0,NW
147.93,35.0,NW
149.72,48.0,NW
151.51,81.0,NW
153.3,92.0,NW
155.09,68.0,NW
156.88,77.0,NW
158.67,88.0,NW
160.46,99.0,NW
3.13,120.0,NE
8.94,114.0,NW
16.99,115.0,NW
25.93,125.0,NW
33.98,121.0,NW
42.92,112.0,NW
50.97,85.0,NW
59.91,42.0,NW
67.96,16.0,NW
76.9,12.0,NW
84.95,10.0,NW
93.89,10.0,NW
101.94,7.0,NW
109.09,3.0,NW
118.03,5.0,NW
126.08,10.0,NW
133.23,12.0,NW
136.36,15.0,NW
139.49,8.0,NW
142.62,11.0,NW
145.75,15.0,NW
148.88,17.0,NW
152.01,14.0,NW
155.14,11.0,NW
158.27,10.0,NW
161.4,10.0,NW
164.53,26.0,NW
166.32,31.0,NW
168.11,43.0,NW
169.9,42.0,NW
171.69,29.0,NW
173.48,17.0,NW
175.27,26.0,NW
177.06,23.0,NW
178.85,25.0,NW
180.64,21.0,NW
182.43,41.0,NW
184.22,27.0,NW
186.01,27.0,NW
187.8,22.0,NW
189.59,34.0,NW
191.38,35.0,NW
193.17,44.0,NW
194.96,25.0,NW
196.75,24.0,NW
198.54,22.0,NW
200.33,19.0,NW
202.12,19.0,NW
203.91,11.0,NW
205.7,10.0,NW
207.49,11.0,NW
209.28,12.0,NW
211.07,10.0,NW
212.86,11.0,NW
214.65,12.0,NW
216.44,10.0,NW
218.23,16.0,NW
220.02,19.0,NW
221.81,17.0,NW
223.6,10.0,NW
225.39,9.0,NW
227.18,9.0,NW
228.97,20.0,NW
230.76,26.0,NW
232.55,21.0,NW
234.34,32.0,NW
236.13,47.0,NW
237.92,45.0,NW
239.71,50.0,NW
241.5,60.0,NW
243.29,70.0,NW
245.08,60.0,NW
246.87,68.0,NW
248.66,77.0,NW
250.45,82.0,NW
252.24,107.0,NW
254.03,124.0,NW
255.82,139.0,NW
257.61,152.0,NW
259.4,166.0,NW
261.19,213.0,NW
262.98,206.0,NW
264.77,208.0,NW
266.56,191.0,NW
268.35,152.0,NW
270.14,124.0,NW
271.93,108.0,NW
273.72,94.0,NW
275.51,92.0,NW
277.3,94.0,NW
279.09,105.0,NW
280.88,90.0,NW
282.67,78.0,NW
284.46,63.0,NW
286.25,66.0,NW
288.04,77.0,NW
289.83,116.0,NW
291.62,142.0,NW
293.41,135.0,NW
295.2,175.0,NW
296.99,196.0,NW
298.78,217.0,NW
300.57,227.0,NW
302.36,264.0,NW
304.15,276.0,NW
305.94,275.0,NW
306.83,255.0,NW
0.89,220.0,cv
1.78,220.0,cv
1.79,177.0,NW
3.58,138.0,NW
4.47,133.0,NW
1.79,129.0,NE
0.89,154.0,cv
1.78,197.0,cv
1.79,247.0,NE
1.79,288.0,SE
3.58,331.0,SE
5.37,400.0,SE
0.89,472.0,cv
0.89,467.0,NE
0.45,503.0,cv
0.89,503.0,NW
1.78,525.0,NW
3.57,504.0,NW
0.89,502.0,NE
0.89,504.0,cv
0.89,521.0,NE
1.79,446.0,NW
3.58,391.0,NW
6.71,354.0,NW
8.5,350.0,NW
0.89,354.0,NE
1.79,353.0,NW
4.92,362.0,NW
8.05,339.0,NW
11.18,325.0,NW
12.97,336.0,NW
14.76,346.0,NW
0.89,299.0,cv
1.79,307.0,SE
4.92,304.0,SE
6.71,307.0,SE
7.6,324.0,SE
0.89,361.0,cv
0.89,438.0,SE
0.89,476.0,cv
1.78,503.0,cv
2.67,470.0,cv
3.56,480.0,cv
0.89,482.0,NE
0.89,535.0,NW
1.78,569.0,NW
4.91,562.0,NW
8.04,485.0,NW
9.83,488.0,NW
11.62,470.0,NW
13.41,453.0,NW
15.2,466.0,NW
18.33,466.0,NW
21.46,501.0,NW
0.89,559.0,cv
1.78,557.0,cv
1.79,540.0,SE
5.81,364.0,SE
9.83,230.0,SE
13.85,185.0,SE
0.89,135.0,cv
0.89,95.0,SE
1.78,106.0,SE
0.89,123.0,NE
1.79,159.0,SE
0.89,192.0,cv
1.78,277.0,cv
1.79,371.0,NW
0.89,454.0,NE
0.89,422.0,NW
2.68,389.0,NW
3.57,328.0,NW
5.36,296.0,NW
7.15,282.0,NW
8.94,286.0,NW
12.07,271.0,NW
15.2,262.0,NW
18.33,224.0,NW
21.46,200.0,NW
23.25,202.0,NW
1.79,219.0,cv
2.68,214.0,cv
3.57,200.0,cv
4.46,207.0,cv
0.89,217.0,SE
1.78,241.0,SE
0.45,280.0,cv
0.9,306.0,cv
1.79,353.0,cv
2.24,395.0,cv
2.69,432.0,cv
3.58,438.0,cv
0.89,433.0,NE
0.45,462.0,cv
3.13,439.0,NW
4.92,398.0,NW
6.71,355.0,NW
9.84,316.0,NW
12.97,287.0,NW
21.91,210.0,NW
29.96,139.0,NW
39.79,31.0,NW
51.86,28.0,NW
63.93,19.0,NW
76.89,16.0,NW
89.85,14.0,NW
101.92,10.0,NW
114.88,8.0,NW
126.06,10.0,NW
134.11,11.0,NW
143.05,11.0,NW
148.86,12.0,NW
153.78,18.0,NW
156.91,19.0,NW
158.7,11.0,NW
0.89,24.0,NE
1.79,19.0,SE
0.45,25.0,cv
1.34,23.0,cv
1.79,49.0,SE
0.89,55.0,cv
1.78,68.0,cv
2.23,66.0,cv
1.79,73.0,NW
3.58,69.0,NW
5.37,80.0,NW
8.5,46.0,NW
17.44,33.0,NW
1.79,24.0,cv
2.68,28.0,cv
3.13,43.0,SE
4.92,73.0,SE
6.71,69.0,SE
7.6,74.0,SE
0.89,91.0,cv
1.78,123.0,cv
0.89,181.0,NE
0.89,223.0,cv
0.89,228.0,SE
0.89,249.0,cv
1.78,236.0,cv
2.67,218.0,cv
3.56,222.0,cv
4.45,238.0,cv
0.89,225.0,NE
0.89,244.0,cv
0.89,232.0,NE
0.89,203.0,cv
1.78,213.0,cv
1.79,241.0,SE
0.89,238.0,cv
1.79,213.0,SE
3.58,214.0,SE
7.6,201.0,SE
0.89,208.0,cv
1.78,217.0,cv
0.89,258.0,NE
1.79,251.0,NW
3.58,235.0,NW
5.37,240.0,NW
7.16,253.0,NW
8.95,264.0,NW
9.84,256.0,NW
11.63,238.0,NW
13.42,223.0,NW
15.21,225.0,NW
18.34,194.0,NW
0.89,181.0,cv
4.92,88.0,NW
10.73,27.0,NW
14.75,19.0,NW
21.9,17.0,NW
33.08,17.0,NW
45.15,17.0,NW
56.33,18.0,NW
64.38,17.0,NW
73.32,16.0,NW
82.26,12.0,NW
90.31,13.0,NW
94.33,16.0,NW
97.46,12.0,NW
102.38,30.0,NW
108.19,19.0,NW
112.21,22.0,NW
1.79,22.0,NE
3.13,23.0,NW
4.92,16.0,NW
5.81,26.0,NW
0.45,24.0,cv
1.79,20.0,NW
4.92,28.0,NW
6.71,23.0,NW
0.89,22.0,cv
1.79,45.0,NE
1.79,62.0,NW
3.58,63.0,NW
5.37,80.0,NW
0.89,55.0,cv
2.68,49.0,cv
3.13,54.0,SE
7.15,57.0,SE
12.07,54.0,SE
16.09,52.0,SE
1.79,63.0,cv
1.79,105.0,NE
3.58,106.0,NE
4.47,104.0,NE
5.36,146.0,NE
6.25,177.0,NE
1.79,168.0,NW
2.68,142.0,NW
5.81,120.0,NW
7.6,94.0,NW
8.49,89.0,NW
0.89,85.0,cv
0.89,62.0,NW
2.68,70.0,NW
3.57,80.0,NW
0.89,94.0,cv
3.13,93.0,NW
6.26,96.0,NW
8.05,96.0,NW
0.89,124.0,cv
1.79,137.0,NE
0.89,127.0,cv
1.78,130.0,cv
1.79,135.0,NW
1.79,127.0,cv
3.13,148.0,NW
6.26,159.0,NW
0.89,206.0,cv
1.78,174.0,cv
2.67,156.0,cv
13.86,56.0,NW
27.72,43.0,NW
43.81,61.0,NW
56.77,69.0,NW
68.84,49.0,NW
77.78,30.0,NW
86.72,21.0,NW
94.77,12.0,NW
101.92,20.0,NW
105.05,19.0,NW
117.12,12.0,NW
129.19,13.0,NW
140.37,11.0,NW
148.42,8.0,NW
155.57,7.0,NW
161.38,8.0,NW
164.51,9.0,NW
166.3,12.0,NW
3.13,18.0,NE
3.13,32.0,SE
6.26,43.0,SE
8.05,41.0,SE
9.84,35.0,SE
11.63,45.0,SE
0.89,46.0,cv
1.79,47.0,SE
3.58,59.0,SE
5.37,83.0,SE
0.89,74.0,cv
1.78,74.0,cv
2.67,74.0,cv
0.89,64.0,SE
2.68,79.0,SE
1.79,97.0,NE
1.79,142.0,SE
0.89,150.0,cv
1.79,173.0,NW
0.89,136.0,cv
1.78,141.0,cv
2.67,148.0,cv
1.79,184.0,NE
3.58,202.0,NE
0.89,229.0,SE
2.68,268.0,SE
0.89,281.0,cv
1.78,316.0,cv
0.89,354.0,SE
0.89,360.0,cv
1.78,379.0,cv
2.67,443.0,cv
0.89,418.0,NE
0.89,376.0,cv
1.78,309.0,cv
0.89,248.0,NW
2.68,166.0,NW
4.47,154.0,NW
7.6,159.0,NW
9.39,144.0,NW
0.89,124.0,cv
1.79,121.0,NW
3.58,121.0,NW
6.71,136.0,NW
9.84,130.0,NW
11.63,103.0,NW
0.89,98.0,cv
1.78,111.0,cv
2.67,130.0,cv
3.56,168.0,cv
4.45,179.0,cv
5.34,173.0,cv
0.89,174.0,NW
2.68,172.0,NW
4.47,213.0,NW
6.26,236.0,NW
9.39,267.0,NW
11.18,237.0,NW
12.97,236.0,NW
13.86,198.0,NW
15.65,176.0,NW
0.89,159.0,cv
1.78,170.0,cv
2.67,164.0,cv
0.89,170.0,NE
0.89,182.0,cv
1.78,240.0,cv
2.67,256.0,cv
1.79,261.0,SE
3.58,247.0,SE
0.89,242.0,cv
0.89,237.0,SE
0.89,236.0,cv
1.79,247.0,SE
3.58,234.0,SE
0.89,245.0,cv
1.78,243.0,cv
1.79,249.0,SE
3.58,249.0,SE
0.89,259.0,cv
1.78,256.0,cv
2.67,252.0,cv
3.56,248.0,cv
4.01,239.0,cv
4.9,238.0,cv
1.79,239.0,SE
0.89,245.0,NE
0.89,235.0,cv
1.78,233.0,cv
2.67,248.0,cv
1.79,258.0,NE
3.58,264.0,NE
0.89,261.0,cv
1.78,276.0,cv
2.67,268.0,cv
3.56,259.0,cv
4.45,257.0,cv
1.79,266.0,NE
0.89,271.0,cv
1.79,264.0,NW
4.92,288.0,NW
8.94,284.0,NW
12.07,275.0,NW
15.2,270.0,NW
18.33,259.0,NW
22.35,240.0,NW
25.48,218.0,NW
29.5,235.0,NW
35.31,142.0,NW
42.46,128.0,NW
48.27,85.0,NW
57.21,71.0,NW
68.39,61.0,NW
83.59,39.0,NW
97.45,33.0,NW
112.65,26.0,NW
129.64,22.0,NW
142.6,14.0,NW
151.54,19.0,NW
159.59,12.0,NW
166.74,14.0,NW
173.89,13.0,NW
3.13,17.0,NE
4.02,21.0,NW
3.13,17.0,NE
7.15,25.0,NE
3.13,23.0,NW
4.02,15.0,NE
1.79,23.0,NW
0.89,22.0,cv
3.13,16.0,NW
4.92,11.0,NW
8.05,13.0,NW
0.89,28.0,NE
1.78,36.0,NE
2.67,41.0,NE
1.79,107.0,SE
3.58,72.0,SE
5.37,72.0,SE
1.79,72.0,NE
4.02,73.0,SE
8.04,65.0,SE
1.79,58.0,cv
1.79,71.0,NE
1.79,69.0,NW
1.79,88.0,NE
0.89,146.0,SE
0.89,162.0,NE
0.89,174.0,cv
1.78,193.0,cv
1.79,167.0,NW
4.92,193.0,NW
8.05,167.0,NW
9.84,145.0,NW
12.97,128.0,NW
14.76,129.0,NW
16.55,122.0,NW
19.68,158.0,NW
22.81,154.0,NW
0.89,133.0,cv
3.13,100.0,NW
0.89,113.0,cv
1.79,139.0,NW
1.79,120.0,NE
1.79,116.0,NW
0.89,118.0,cv
1.78,121.0,cv
2.67,127.0,cv
3.56,173.0,cv
1.79,216.0,SE
0.89,233.0,cv
1.34,248.0,cv
2.23,281.0,cv
1.79,273.0,NW
0.89,309.0,NE
1.79,322.0,NW
5.81,271.0,NW
8.94,204.0,NW
12.07,169.0,NW
15.2,130.0,NW
18.33,161.0,NW
21.46,153.0,NW
25.48,125.0,NW
28.61,113.0,NW
31.74,35.0,NW
4.02,22.0,NE
4.02,16.0,NW
8.04,18.0,NW
12.06,27.0,NW
21.89,16.0,NW
31.72,22.0,NW
41.55,11.0,NW
50.49,9.0,NW
56.3,10.0,NW
63.45,10.0,NW
69.26,11.0,NW
77.31,11.0,NW
85.36,8.0,NW
95.19,9.0,NW
104.13,11.0,NW
112.18,9.0,NW
122.01,9.0,NW
134.97,10.0,NW
147.93,10.0,NW
159.11,9.0,NW
168.05,9.0,NW
177.88,17.0,NW
186.82,15.0,NW
193.97,15.0,NW
203.8,19.0,NW
212.74,15.0,NW
222.57,15.0,NW
231.51,13.0,NW
240.45,16.0,NW
247.6,14.0,NW
255.65,13.0,NW
260.57,12.0,NW
264.59,16.0,NW
4.02,20.0,SE
8.04,32.0,SE
9.83,40.0,SE
12.96,46.0,SE
14.75,44.0,SE
17.88,61.0,SE
0.89,53.0,cv
3.13,45.0,NW
3.13,43.0,SE
6.26,43.0,SE
1.79,46.0,NW
1.79,76.0,SE
3.58,94.0,SE
4.47,127.0,SE
7.6,68.0,SE
4.02,74.0,NW
1.79,27.0,SE
4.02,23.0,NW
4.02,83.0,SE
8.04,41.0,SE
12.96,50.0,SE
17.88,46.0,SE
21.9,53.0,SE
26.82,41.0,SE
30.84,50.0,SE
35.76,49.0,SE
40.68,56.0,SE
0.89,52.0,NE
1.79,67.0,NW
0.89,93.0,SE
0.45,100.0,cv
3.13,73.0,NW
4.92,46.0,NW
9.84,40.0,NW
13.86,62.0,NW
21.01,29.0,NW
1.79,28.0,NE
3.58,19.0,NE
1.79,26.0,NW
3.58,38.0,NW
6.71,36.0,NW
11.63,27.0,NW
1.79,21.0,cv
3.13,16.0,NW
6.26,13.0,NW
11.18,9.0,NW
16.1,18.0,NW
20.12,13.0,NW
21.91,20.0,NW
23.7,29.0,NW
0.89,61.0,cv
1.79,52.0,SE
2.68,77.0,SE
4.47,116.0,SE
0.89,126.0,cv
1.79,132.0,SE
2.68,151.0,SE
5.81,158.0,SE
6.7,152.0,SE
0.89,154.0,cv
1.79,155.0,SE
3.58,185.0,SE
0.89,146.0,cv
1.78,159.0,cv
1.79,212.0,SE
3.58,209.0,SE
5.37,215.0,SE
0.89,211.0,cv
3.13,218.0,SE
4.92,220.0,SE
0.45,238.0,cv
3.13,243.0,NW
0.89,257.0,cv
3.13,257.0,NW
4.92,254.0,NW
6.71,246.0,NW
8.5,241.0,NW
10.29,230.0,NW
12.08,218.0,NW
15.21,215.0,NW
18.34,212.0,NW
21.47,231.0,NW
23.26,237.0,NW
25.05,230.0,NW
0.89,231.0,cv
5.81,221.0,SE
12.07,180.0,NW
23.25,38.0,NW
38.45,29.0,NW
53.65,35.0,NW
66.61,28.0,NW
86.73,25.0,NW
103.72,25.0,NW
119.81,19.0,NW
131.88,18.0,NW
143.95,13.0,NW
152.89,10.0,NW
161.83,11.0,NW
168.98,14.0,NW
173.9,16.0,NW
179.71,19.0,NW
182.84,17.0,NW
185.97,36.0,NW
0.89,18.0,cv
1.79,14.0,NW
3.58,16.0,NW
6.71,22.0,NW
10.73,23.0,NW
13.86,19.0,NW
3.13,23.0,SE
4.92,35.0,SE
8.94,47.0,SE
16.09,40.0,SE
21.01,41.0,SE
25.93,36.0,SE
31.74,49.0,SE
37.55,47.0,SE
42.47,46.0,SE
44.26,34.0,SE
46.05,43.0,SE
47.84,53.0,SE
49.63,82.0,SE
52.76,116.0,SE
54.55,122.0,SE
0.89,119.0,cv
0.89,109.0,SE
0.89,131.0,cv
1.78,112.0,cv
0.89,115.0,SE
0.89,102.0,NW
4.02,105.0,NW
7.15,100.0,NW
10.28,101.0,NW
13.41,107.0,NW
17.43,94.0,NW
21.45,87.0,NW
25.47,100.0,NW
28.6,95.0,NW
31.73,101.0,NW
33.52,104.0,NW
1.79,118.0,NE
1.79,117.0,NW
0.89,113.0,NE
1.79,109.0,NW
0.45,122.0,cv
1.34,139.0,cv
2.23,140.0,cv
1.79,179.0,NE
5.81,171.0,NE
12.96,140.0,NE
21.01,15.0,NE
28.16,11.0,NE
36.21,8.0,NE
43.36,6.0,NE
50.51,7.0,NE
57.66,10.0,NE
63.47,16.0,NE
69.28,13.0,NE
75.09,19.0,NE
82.24,19.0,NE
88.05,18.0,NE
95.2,17.0,NE
101.01,20.0,NE
105.93,15.0,NE
110.85,18.0,NE
115.77,18.0,NE
118.9,9.0,NE
1.79,17.0,NW
3.13,19.0,NE
6.26,22.0,NE
10.28,27.0,NE
15.2,21.0,NE
20.12,15.0,NE
24.14,16.0,NE
25.93,24.0,NE
3.13,17.0,NW
7.15,13.0,NW
12.07,20.0,NW
13.86,17.0,NW
15.65,19.0,NW
19.67,15.0,NW
23.69,23.0,NW
27.71,22.0,NW
33.52,20.0,NW
39.33,23.0,NW
45.14,22.0,NW
52.29,16.0,NW
60.34,16.0,NW
70.17,15.0,NW
80.0,16.0,NW
84.92,16.0,NW
89.84,17.0,NW
97.89,15.0,NW
105.04,16.0,NW
112.19,15.0,NW
119.34,8.0,NW
124.26,15.0,NW
130.07,11.0,NW
137.22,12.0,NW
147.05,14.0,NW
155.99,13.0,NW
163.14,13.0,NW
168.06,15.0,NW
176.11,13.0,NW
184.16,13.0,NW
191.31,18.0,NW
199.36,17.0,NW
207.41,23.0,NW
219.48,22.0,NW
228.42,22.0,NW
238.25,25.0,NW
246.3,17.0,NW
254.35,21.0,NW
262.4,24.0,NW
266.42,13.0,NW
269.55,15.0,NW
4.02,43.0,SE
8.04,43.0,SE
13.85,50.0,SE
5.81,54.0,NW
13.86,27.0,NW
19.67,20.0,NW
22.8,28.0,NW
25.93,30.0,NW
33.98,22.0,NW
39.79,27.0,NW
43.81,27.0,NW
1.79,40.0,SE
3.58,41.0,SE
0.89,39.0,cv
1.78,40.0,cv
2.67,54.0,cv
1.79,56.0,NW
7.6,63.0,NW
14.75,58.0,NW
20.56,50.0,NW
24.58,89.0,NW
4.92,81.0,SE
8.94,74.0,SE
12.07,55.0,SE
16.09,60.0,SE
19.22,72.0,SE
0.89,82.0,cv
1.78,98.0,cv
3.13,95.0,NW
7.15,55.0,NW
12.07,41.0,NW
13.86,39.0,NW
16.99,36.0,NW
18.78,34.0,NW
20.57,34.0,NW
0.89,42.0,cv
0.89,40.0,NW
2.68,71.0,NW
0.89,69.0,cv
1.78,64.0,cv
4.02,65.0,SE
9.83,71.0,SE
13.85,73.0,SE
17.87,79.0,SE
21.89,93.0,SE
25.02,87.0,SE
26.81,136.0,SE
0.89,135.0,cv
0.89,145.0,SE
0.89,205.0,NE
0.89,282.0,SE
0.89,325.0,cv
1.79,379.0,NW
3.58,374.0,NW
6.71,363.0,NW
0.89,319.0,NE
1.78,265.0,NE
0.89,247.0,cv
3.13,231.0,NW
4.92,215.0,NW
0.89,210.0,NE
0.89,242.0,cv
1.79,249.0,NW
3.58,211.0,NW
0.89,201.0,cv
1.79,206.0,NW
0.89,224.0,cv
1.79,230.0,NW
0.89,246.0,cv
1.78,255.0,cv
1.79,269.0,SE
0.89,302.0,cv
1.79,315.0,NE
2.68,296.0,NE
0.89,290.0,cv
1.78,308.0,cv
2.67,454.0,cv
0.89,528.0,NW
0.89,485.0,cv
1.78,489.0,cv
4.02,404.0,NW
1.79,299.0,SE
0.89,298.0,cv
1.79,133.0,NW
11.62,105.0,NW
16.54,72.0,NW
25.48,64.0,NW
34.42,52.0,NW
43.36,49.0,NW
50.51,40.0,NW
58.56,43.0,NW
65.71,35.0,NW
71.52,22.0,NW
77.33,16.0,NW
83.14,10.0,NW
87.16,34.0,NW
3.13,64.0,cv
4.92,59.0,NW
3.13,104.0,SE
6.26,126.0,SE
0.89,144.0,cv
1.79,161.0,NW
0.89,187.0,cv
0.89,200.0,NE
0.89,206.0,cv
1.78,233.0,cv
2.67,221.0,cv
1.79,220.0,NW
0.89,230.0,cv
1.78,254.0,cv
2.23,311.0,cv
3.12,352.0,cv
4.01,227.0,cv
1.79,175.0,NW
0.89,91.0,cv
3.13,129.0,SE
6.26,196.0,SE
11.18,117.0,SE
14.31,104.0,SE
16.1,115.0,SE
17.89,138.0,SE
18.78,147.0,SE
0.89,237.0,cv
1.78,245.0,cv
2.67,311.0,cv
0.89,410.0,NE
1.78,405.0,NE
3.57,391.0,NE
0.89,397.0,cv
1.78,396.0,cv
1.79,367.0,NW
0.89,346.0,cv
1.79,340.0,NW
0.89,266.0,SE
0.89,206.0,cv
1.78,224.0,cv
2.67,430.0,cv
1.79,441.0,SE
0.89,425.0,cv
1.78,439.0,cv
1.79,427.0,SE
2.68,474.0,SE
0.89,500.0,cv
1.78,548.0,cv
2.67,584.0,cv
3.56,607.0,cv
4.45,611.0,cv
5.34,615.0,cv
6.23,587.0,cv
7.12,570.0,cv
8.01,573.0,cv
3.13,513.0,NW
7.15,397.0,NW
8.94,365.0,NW
16.99,295.0,NW
21.91,263.0,NW
27.72,87.0,NW
32.64,67.0,NW
36.66,48.0,NW
40.68,38.0,NW
48.73,35.0,NW
53.65,23.0,NW
58.57,24.0,NW
61.7,15.0,NW
65.72,17.0,NW
70.64,14.0,NW
73.77,13.0,NW
4.02,17.0,NE
8.94,27.0,NE
13.86,29.0,NE
18.78,24.0,NE
24.59,18.0,NE
30.4,11.0,NE
36.21,10.0,NE
4.92,10.0,NW
4.02,10.0,NE
7.15,12.0,NW
16.09,13.0,NW
27.27,10.0,NW
37.1,11.0,NW
45.15,17.0,NW
56.33,21.0,NW
64.38,17.0,NW
74.21,18.0,NW
85.39,21.0,NW
94.33,24.0,NW
102.38,25.0,NW
109.53,24.0,NW
114.45,33.0,NW
3.13,24.0,NE
4.92,21.0,NE
0.89,21.0,SE
0.89,42.0,cv
1.34,46.0,cv
2.23,52.0,cv
3.13,32.0,NE
6.26,42.0,NE
10.28,32.0,NE
13.41,35.0,NE
4.02,26.0,NW
7.15,27.0,NW
11.17,28.0,NW
15.19,19.0,NW
4.02,24.0,NE
4.02,23.0,NW
8.04,21.0,NW
12.06,27.0,NW
15.19,34.0,NW
19.21,34.0,NW
23.23,25.0,NW
26.36,20.0,NW
29.49,20.0,NW
1.79,26.0,NE
3.58,23.0,NE
5.37,51.0,NE
6.26,71.0,NE
7.15,71.0,NE
0.89,76.0,NW
0.45,103.0,cv
1.79,116.0,NW
4.92,111.0,NW
0.89,135.0,cv
4.02,97.0,NW
8.94,35.0,NW
14.75,17.0,NW
19.67,18.0,NW
25.48,18.0,NW
28.61,17.0,NW
32.63,19.0,NW
0.89,19.0,cv
1.79,21.0,NE
4.92,25.0,NE
4.02,35.0,NW
8.94,22.0,NW
12.96,19.0,NW
4.02,26.0,NE
7.15,21.0,NE
8.94,20.0,NE
1.79,89.0,SE
3.58,93.0,SE
0.45,104.0,cv
1.79,121.0,NW
0.89,117.0,NE
0.89,111.0,cv
1.79,135.0,NW
3.58,163.0,NW
5.37,128.0,NW
0.89,41.0,cv
4.02,26.0,NW
8.94,20.0,NW
13.86,22.0,NW
18.78,27.0,NW
23.7,25.0,NW
28.62,27.0,NW
31.75,30.0,NW
35.77,32.0,NW
40.69,29.0,NW
48.74,30.0,NW
57.68,48.0,NW
65.73,51.0,NW
73.78,55.0,NW
4.02,43.0,SE
7.15,34.0,SE
11.17,55.0,SE
15.19,60.0,SE
16.98,76.0,SE
0.89,75.0,cv
1.78,58.0,cv
2.67,60.0,cv
3.13,81.0,NW
4.92,92.0,NW
6.71,130.0,NW
8.5,161.0,NW
0.89,151.0,cv
1.79,125.0,NW
3.58,108.0,NW
1.79,121.0,NE
1.79,124.0,NW
0.89,106.0,cv
2.68,130.0,cv
1.79,137.0,NW
7.6,119.0,NW
17.43,62.0,NW
28.61,47.0,NW
37.55,38.0,NW
48.73,31.0,NW
55.88,28.0,NW
64.82,21.0,NW
73.76,16.0,NW
86.72,20.0,NW
94.77,29.0,NW
101.92,15.0,NW
107.73,21.0,NW
112.65,16.0,NW
118.46,17.0,NW
123.38,18.0,NW
132.32,16.0,NW
139.47,16.0,NW
146.62,15.0,NW
152.43,16.0,NW
156.45,19.0,NW
162.26,14.0,NW
166.28,15.0,NW
173.43,18.0,NW
181.48,21.0,NW
188.63,19.0,NW
193.55,19.0,NW
198.47,17.0,NW
204.28,21.0,NW
208.3,14.0,NW
0.89,20.0,cv
1.78,34.0,cv
1.79,31.0,SE
2.68,39.0,SE
0.89,88.0,NE
2.68,106.0,NE
4.47,67.0,NE
3.13,73.0,NW
4.92,65.0,NW
5.81,35.0,NW
0.45,31.0,cv
0.9,34.0,cv
1.79,34.0,cv
0.89,40.0,NW
1.79,42.0,NE
4.02,49.0,NW
4.91,67.0,NW
6.7,59.0,NW
9.83,56.0,NW
19.66,69.0,NW
33.52,40.0,NW
45.59,30.0,NW
55.42,21.0,NW
64.36,20.0,NW
75.54,15.0,NW
86.72,13.0,NW
95.66,18.0,NW
102.81,22.0,NW
109.96,14.0,NW
118.01,14.0,NW
126.06,18.0,NW
133.21,17.0,NW
138.13,17.0,NW
145.28,17.0,NW
151.09,14.0,NW
158.24,14.0,NW
169.42,14.0,NW
174.34,15.0,NW
182.39,12.0,NW
190.44,10.0,NW
199.38,18.0,NW
210.56,15.0,NW
221.74,18.0,NW
231.57,13.0,NW
243.64,23.0,NW
255.71,27.0,NW
266.89,28.0,NW
276.72,19.0,NW
288.79,15.0,NW
302.65,17.0,NW
315.61,19.0,NW
326.79,23.0,NW
337.97,21.0,NW
345.12,16.0,NW
354.06,20.0,NW
359.87,20.0,NW
367.92,21.0,NW
376.86,20.0,NW
384.91,16.0,NW
392.96,16.0,NW
400.11,13.0,NW
409.05,14.0,NW
416.2,16.0,NW
424.25,18.0,NW
434.08,15.0,NW
447.04,19.0,NW
458.22,14.0,NW
468.05,18.0,NW
479.23,21.0,NW
489.06,21.0,NW
498.89,19.0,NW
508.72,18.0,NW
518.55,20.0,NW
526.6,28.0,NW
534.65,27.0,NW
543.59,17.0,NW
552.53,19.0,NW
559.68,16.0,NW
565.49,22.0,NW
75.1,36.0,NW
4.02,31.0,NE
8.94,20.0,NE
4.02,19.0,NW
4.02,18.0,NE
8.04,17.0,NE
4.92,14.0,NW
4.02,14.0,NE
8.94,22.0,NE
12.96,22.0,NE
16.98,25.0,NE
21.0,24.0,NE
24.13,31.0,NE
1.79,37.0,cv
2.68,35.0,cv
3.57,32.0,cv
4.46,37.0,cv
5.35,40.0,cv
1.79,52.0,SE
0.89,63.0,cv
0.89,72.0,SE
0.89,76.0,cv
1.78,76.0,cv
2.67,67.0,cv
0.89,65.0,NE
1.78,78.0,NE
2.67,85.0,NE
3.56,143.0,NE
0.89,181.0,SE
0.89,188.0,cv
0.89,167.0,NE
0.89,173.0,NW
2.68,155.0,NW
0.89,124.0,NE
0.89,105.0,cv
0.89,87.0,SE
0.89,93.0,cv
1.78,134.0,cv
2.67,164.0,cv
1.79,180.0,SE
0.89,184.0,cv
1.34,175.0,cv
0.89,188.0,NE
1.78,255.0,NE
2.67,286.0,NE
0.45,225.0,cv
1.34,234.0,cv
1.79,226.0,NW
2.68,233.0,NW
0.45,275.0,cv
3.13,153.0,NW
4.92,121.0,NW
5.81,77.0,NW
7.6,64.0,NW
9.39,67.0,NW
0.89,67.0,cv
1.79,59.0,NW
1.79,74.0,NE
0.89,89.0,cv
1.78,96.0,cv
2.67,96.0,cv
3.56,85.0,cv
3.13,84.0,NW
8.94,90.0,NW
13.86,61.0,NW
21.01,65.0,NW
29.06,73.0,NW
36.21,68.0,NW
43.36,58.0,NW
51.41,53.0,NW
58.56,46.0,NW
66.61,38.0,NW
75.55,28.0,NW
85.38,31.0,NW
95.21,24.0,NW
104.15,21.0,NW
113.09,27.0,NW
122.92,23.0,NW
130.07,24.0,NW
137.22,21.0,NW
146.16,19.0,NW
155.1,21.0,NW
164.04,19.0,NW
172.98,21.0,NW
182.81,18.0,NW
191.75,19.0,NW
199.8,16.0,NW
208.74,18.0,NW
218.57,18.0,NW
227.51,16.0,NW
235.56,10.0,NW
243.61,16.0,NW
252.55,17.0,NW
259.7,17.0,NW
266.85,30.0,NW
274.9,12.0,NW
282.95,13.0,NW
288.76,17.0,NW
294.57,10.0,NW
302.62,12.0,NW
307.54,13.0,NW
312.46,13.0,NW
317.38,9.0,NW
321.4,6.0,NW
325.42,9.0,NW
332.57,14.0,NW
341.51,14.0,NW
350.45,13.0,NW
359.39,18.0,NW
368.33,15.0,NW
377.27,18.0,NW
385.32,13.0,NW
392.47,13.0,NW
399.62,20.0,NW
406.77,21.0,NW
412.58,22.0,NW
417.5,27.0,NW
422.42,21.0,NW
425.55,28.0,NW
429.57,22.0,NW
432.7,18.0,NW
437.62,17.0,NW
441.64,16.0,NW
445.66,27.0,NW
4.02,17.0,NE
4.02,13.0,NW
7.15,23.0,NW
10.28,27.0,NW
13.41,44.0,NW
17.43,24.0,NW
22.35,32.0,NW
25.48,40.0,NW
27.27,43.0,NW
0.89,51.0,cv
2.68,48.0,cv
1.79,56.0,SE
4.92,56.0,SE
8.05,54.0,SE
12.07,69.0,SE
15.2,79.0,SE
18.33,79.0,SE
19.22,92.0,SE
0.89,86.0,cv
1.78,109.0,cv
0.89,120.0,SE
2.68,126.0,SE
0.89,156.0,cv
0.89,156.0,NW
2.68,173.0,NW
5.81,181.0,NW
8.94,118.0,NW
13.86,79.0,NW
18.78,25.0,NW
25.93,19.0,NW
34.87,16.0,NW
46.05,21.0,NW
54.99,20.0,NW
63.93,23.0,NW
73.76,26.0,NW
83.59,17.0,NW
33.08,43.0,NW
4.02,50.0,cv
3.13,70.0,SE
6.26,69.0,SE
11.18,88.0,SE
15.2,106.0,SE
18.33,115.0,SE
0.89,100.0,cv
1.78,105.0,cv
4.92,76.0,NW
6.71,33.0,NW
8.5,29.0,NW
1.79,26.0,cv
8.05,19.0,NW
13.86,18.0,NW
19.67,13.0,NW
25.48,14.0,NW
33.53,15.0,NW
41.58,18.0,NW
49.63,21.0,NW
56.78,21.0,NW
64.83,16.0,NW
71.98,8.0,NW
80.92,18.0,NW
88.97,12.0,NW
94.78,13.0,NW
99.7,19.0,NW
106.85,21.0,NW
0.89,20.0,cv
4.02,22.0,NW
0.89,37.0,cv
1.78,54.0,cv
1.79,45.0,NW
3.58,24.0,NW
5.37,35.0,NW
0.89,30.0,cv
3.13,34.0,NW
4.92,37.0,NW
8.05,49.0,NW
8.94,62.0,NW
0.89,59.0,SE
1.79,74.0,NW
3.58,61.0,NW
5.37,86.0,NW
0.89,71.0,cv
1.78,56.0,cv
4.02,79.0,SE
7.15,81.0,SE
10.28,89.0,SE
12.07,45.0,SE
15.2,55.0,SE
16.09,49.0,SE
0.89,66.0,cv
0.89,96.0,SE
0.89,100.0,cv
1.78,124.0,cv
0.89,144.0,SE
1.79,252.0,NE
1.79,244.0,NW
4.92,204.0,NW
6.71,166.0,NW
7.6,138.0,NW
9.39,149.0,NW
12.52,139.0,NW
0.89,168.0,cv
1.79,165.0,NW
0.89,123.0,cv
1.78,125.0,cv
2.67,111.0,cv
5.81,79.0,NW
15.64,51.0,NW
24.58,69.0,NW
31.73,75.0,NW
4.02,60.0,SE
4.02,62.0,NW
5.81,74.0,NW
0.89,95.0,cv
4.02,120.0,NW
1.79,125.0,SE
3.13,95.0,NW
8.05,27.0,NW
13.86,25.0,NW
22.8,25.0,NW
29.95,18.0,NW
38.0,12.0,NW
45.15,17.0,NW
50.96,14.0,NW
56.77,15.0,NW
63.92,16.0,NW
68.84,19.0,NW
73.76,20.0,NW
81.81,21.0,NW
88.96,20.0,NW
94.77,14.0,NW
98.79,18.0,NW
105.94,20.0,NW
114.88,13.0,NW
122.03,16.0,NW
129.18,21.0,NW
138.12,20.0,NW
149.3,13.0,NW
158.24,13.0,NW
167.18,13.0,NW
174.33,12.0,NW
182.38,11.0,NW
190.43,12.0,NW
203.39,15.0,NW
214.57,12.0,NW
224.4,12.0,NW
233.34,9.0,NW
240.49,10.0,NW
248.54,11.0,NW
256.59,11.0,NW
263.74,18.0,NW
271.79,22.0,NW
279.84,10.0,NW
287.89,12.0,NW
296.83,17.0,NW
306.66,17.0,NW
314.71,17.0,NW
322.76,14.0,NW
329.91,15.0,NW
335.72,15.0,NW
338.85,21.0,NW
0.89,27.0,cv
1.79,17.0,SE
3.13,29.0,NE
3.13,33.0,NW
6.26,29.0,NW
9.39,24.0,NW
1.79,16.0,NE
3.13,14.0,NW
0.89,13.0,cv
1.79,13.0,NE
0.89,13.0,NW
2.68,19.0,NW
4.47,11.0,NW
7.6,17.0,NW
4.02,26.0,NE
4.02,25.0,NW
5.81,31.0,NW
0.89,37.0,cv
1.79,30.0,NW
1.79,40.0,cv
1.79,39.0,NW
1.79,56.0,SE
2.68,60.0,SE
0.89,72.0,cv
1.78,61.0,cv
2.23,70.0,cv
0.89,73.0,NW
4.02,77.0,NW
5.81,107.0,NW
8.94,130.0,NW
12.96,128.0,NW
16.98,50.0,NW
21.0,41.0,NW
24.13,40.0,NW
27.26,34.0,NW
30.39,37.0,NW
33.52,30.0,NW
37.54,36.0,NW
41.56,27.0,NW
48.71,26.0,NW
56.76,18.0,NW
63.91,20.0,NW
72.85,23.0,NW
80.9,14.0,NW
88.95,18.0,NW
96.1,17.0,NW
104.15,20.0,NW
111.3,17.0,NW
116.22,26.0,NW
120.24,24.0,NW
126.05,16.0,NW
130.97,10.0,NW
1.79,12.0,NE
4.02,12.0,NW
4.02,12.0,NE
4.02,13.0,NW
8.94,13.0,NW
13.86,16.0,NW
16.99,18.0,NW
21.01,17.0,NW
24.14,24.0,NW
28.16,31.0,NW
31.29,31.0,NW
34.42,30.0,NW
42.47,31.0,NW
48.28,23.0,NW
53.2,18.0,NW
60.35,19.0,NW
67.5,19.0,NW
73.31,18.0,NW
79.12,17.0,NW
84.93,21.0,NW
88.95,28.0,NW
92.97,25.0,NW
94.76,21.0,NW
98.78,16.0,NW
101.91,22.0,NW
103.7,24.0,NW
106.83,20.0,NW
111.75,26.0,NW
114.88,21.0,NW
116.67,17.0,NW
119.8,23.0,NW
1.79,23.0,SE
1.79,14.0,NE
4.92,21.0,NW
8.94,26.0,NW
12.96,25.0,NW
18.77,21.0,NW
27.71,21.0,NW
33.52,24.0,NW
40.67,13.0,NW
46.48,13.0,NW
52.29,12.0,NW
58.1,16.0,NW
62.12,18.0,NW
65.25,24.0,NW
4.02,16.0,NE
8.04,34.0,NE
12.06,24.0,NE
1.79,17.0,NW
5.81,15.0,NW
10.73,20.0,NW
14.75,13.0,NW
3.13,17.0,NE
3.13,17.0,NW
8.05,20.0,NW
12.07,20.0,NW
15.2,15.0,NW
4.92,26.0,NE
3.13,25.0,NW
4.92,27.0,NW
8.05,44.0,NW
9.84,29.0,NW
12.97,19.0,NW
14.76,25.0,NW
1.79,47.0,SE
3.58,58.0,SE
0.45,59.0,cv
1.34,70.0,cv
2.23,74.0,cv
2.68,82.0,cv
3.57,91.0,cv
4.02,100.0,cv
1.79,124.0,NW
3.58,120.0,NW
6.71,45.0,NW
10.73,36.0,NW
13.86,34.0,NW
16.99,39.0,NW
21.01,27.0,NW
25.03,20.0,NW
4.02,31.0,NE
4.92,32.0,NW
4.92,36.0,NE
8.94,42.0,NE
3.13,29.0,NW
6.26,24.0,NW
9.39,30.0,NW
0.89,35.0,cv
4.92,37.0,NW
8.05,67.0,NW
1.79,102.0,SE
4.92,155.0,SE
3.13,144.0,NW
0.89,154.0,cv
1.34,170.0,cv
1.79,187.0,NW
4.92,191.0,NW
8.05,130.0,NW
8.94,74.0,NW
0.45,51.0,cv
3.13,43.0,NW
6.26,44.0,NW
10.28,61.0,NW
12.07,67.0,NW
15.2,88.0,NW
18.33,91.0,NW
4.02,54.0,NE
4.92,49.0,NW
8.05,50.0,NW
11.18,48.0,NW
16.99,44.0,NW
24.14,46.0,NW
32.19,48.0,NW
40.24,45.0,NW
45.16,36.0,NW
52.31,23.0,NW
60.36,29.0,NW
68.41,11.0,NW
75.56,12.0,NW
81.37,16.0,NW
88.52,11.0,NW
96.57,12.0,NW
103.72,13.0,NW
106.85,12.0,NW
114.0,12.0,NW
121.15,11.0,NW
126.07,10.0,NW
131.88,10.0,NW
139.03,12.0,NW
147.08,14.0,NW
155.13,15.0,NW
163.18,14.0,NW
172.12,13.0,NW
180.17,21.0,NW
191.35,19.0,NW
199.4,18.0,NW
206.55,16.0,NW
213.7,20.0,NW
220.85,16.0,NW
228.0,21.0,NW
236.94,16.0,NW
244.99,11.0,NW
250.8,16.0,NW
255.72,15.0,NW
261.53,9.0,NW
265.55,11.0,NW
268.68,11.0,NW
271.81,19.0,NW
0.89,21.0,cv
1.79,23.0,NW
4.92,27.0,NW
8.05,27.0,NW
11.18,43.0,NW
0.89,33.0,cv
3.13,27.0,NE
3.13,27.0,NW
4.92,36.0,NW
0.89,49.0,cv
3.13,71.0,SE
0.89,79.0,cv
3.13,63.0,SE
6.26,47.0,SE
9.39,52.0,SE
0.89,58.0,cv
0.89,70.0,NE
1.78,78.0,NE
2.67,87.0,NE
3.56,95.0,NE
4.45,109.0,NE
1.79,95.0,NW
3.58,90.0,NW
6.71,69.0,NW
9.84,66.0,NW
14.76,47.0,NW
17.89,40.0,NW
22.81,16.0,NW
27.73,11.0,NW
35.78,12.0,NW
42.93,13.0,NW
50.08,13.0,NW
57.23,23.0,NW
65.28,21.0,NW
72.43,17.0,NW
80.48,13.0,NW
89.42,17.0,NW
95.23,17.0,NW
99.25,11.0,NW
3.13,12.0,NE
4.92,25.0,NE
0.89,23.0,cv
1.79,32.0,NE
1.79,31.0,NW
3.58,34.0,NW
6.71,37.0,NW
8.5,29.0,NW
10.29,35.0,NW
12.08,21.0,NW
13.87,21.0,NW
15.66,26.0,NW
17.45,41.0,NW
20.58,82.0,NW
22.37,58.0,NW
24.16,56.0,NW
25.95,61.0,NW
0.89,54.0,cv
1.78,46.0,cv
3.13,55.0,SE
4.92,71.0,SE
0.89,83.0,cv
0.89,85.0,NE
2.68,93.0,NE
3.57,103.0,NE
0.89,132.0,cv
1.34,144.0,cv
3.13,137.0,NW
6.26,117.0,NW
9.39,128.0,NW
12.52,161.0,NW
17.44,89.0,NW
22.36,40.0,NW
27.28,24.0,NW
31.3,20.0,NW
34.43,16.0,NW
38.45,19.0,NW
5.81,18.0,NE
10.73,19.0,NE
15.65,23.0,NE
20.57,8.0,NE
23.7,11.0,NE
4.02,17.0,NW
3.13,13.0,NE
6.26,14.0,NE
9.39,13.0,NE
11.18,12.0,NE
12.97,12.0,NE
13.86,11.0,NE
3.13,26.0,NW
6.26,19.0,NW
8.05,20.0,NW
9.84,32.0,NW
12.97,32.0,NW
16.1,18.0,NW
17.89,13.0,NW
21.91,23.0,NW
25.04,23.0,NW
28.17,20.0,NW
32.19,23.0,NW
35.32,31.0,NW
1.79,27.0,SE
4.92,19.0,NW
9.84,21.0,NW
16.99,21.0,NW
24.14,18.0,NW
32.19,16.0,NW
38.0,14.0,NW
45.15,14.0,NW
53.2,12.0,NW
61.25,12.0,NW
67.06,13.0,NW
71.08,12.0,NW
75.1,16.0,NW
76.89,14.0,NW
81.81,10.0,NW
86.73,15.0,NW
92.54,3.0,NW
97.46,6.0,NW
102.38,10.0,NW
108.19,7.0,NW
112.21,4.0,NW
117.13,2.0,NW
122.05,7.0,NW
125.18,11.0,NW
128.31,8.0,NW
3.13,9.0,NE
6.26,16.0,NE
3.13,27.0,NW
11.18,19.0,NW
19.23,11.0,NW
27.28,42.0,NW
34.43,15.0,NW
40.24,13.0,NW
47.39,11.0,NW
51.41,9.0,NW
55.43,12.0,NW
60.35,16.0,NW
66.16,9.0,NW
74.21,10.0,NW
77.34,9.0,NW
82.26,21.0,NW
88.07,22.0,NW
93.88,10.0,NW
99.69,19.0,NW
104.61,7.0,NW
108.63,8.0,NW
114.44,8.0,NW
120.25,9.0,NW
125.17,17.0,NW
130.98,19.0,NW
138.13,21.0,NW
147.07,24.0,NW
156.01,16.0,NW
164.95,14.0,NW
173.89,16.0,NW
181.94,16.0,NW
189.09,11.0,NW
194.01,13.0,NW
198.93,16.0,NW
202.06,37.0,NW
205.19,46.0,NW
208.32,45.0,NW
0.89,49.0,cv
1.79,45.0,NE
4.92,21.0,NW
9.84,15.0,NW
12.97,12.0,NW
16.1,12.0,NW
19.23,15.0,NW
23.25,13.0,NW
0.89,10.0,cv
4.02,25.0,NW
7.15,43.0,NW
10.28,23.0,NW
15.2,27.0,NW
19.22,19.0,NW
26.37,23.0,NW
33.52,23.0,NW
40.67,17.0,NW
46.48,21.0,NW
52.29,18.0,NW
56.31,28.0,NW
59.44,24.0,NW
64.36,46.0,NW
68.38,61.0,NW
71.51,69.0,NW
74.64,68.0,NW
77.77,55.0,NW
80.9,33.0,NW
84.92,43.0,NW
89.84,28.0,NW
94.76,34.0,NW
98.78,29.0,NW
101.91,37.0,NW
105.04,34.0,NW
4.02,27.0,NE
7.15,44.0,NE
10.28,37.0,NE
14.3,46.0,NE
18.32,43.0,NE
3.13,29.0,NW
10.28,20.0,NW
17.43,27.0,NW
22.35,23.0,NW
28.16,28.0,NW
32.18,22.0,NW
37.1,29.0,NW
42.02,30.0,NW
46.04,42.0,NW
50.06,49.0,NW
54.08,49.0,NW
57.21,59.0,NW
61.23,84.0,NW
0.89,73.0,cv
3.13,70.0,NW
6.26,95.0,NW
0.89,71.0,cv
4.02,47.0,NW
7.15,42.0,NW
10.28,56.0,NW
14.3,48.0,NW
18.32,42.0,NW
21.45,45.0,NW
24.58,60.0,NW
28.6,65.0,NW
31.73,55.0,NW
39.78,38.0,NW
47.83,33.0,NW
57.66,34.0,NW
65.71,19.0,NW
73.76,18.0,NW
81.81,29.0,NW
87.62,44.0,NW
94.77,89.0,NW
100.58,61.0,NW
103.71,61.0,NW
107.73,75.0,NW
111.75,348.0,NW
116.67,79.0,NW
119.8,40.0,NW
122.93,25.0,NW
126.06,29.0,NW
129.19,23.0,NW
133.21,24.0,NW
3.13,39.0,NE
4.92,46.0,NW
4.02,47.0,NE
3.13,30.0,NW
4.92,36.0,NW
0.89,28.0,cv
1.79,44.0,NW
3.13,47.0,SE
8.05,78.0,SE
12.07,100.0,SE
16.09,146.0,SE
19.22,143.0,SE
21.01,167.0,SE
0.89,250.0,cv
1.34,288.0,cv
2.23,289.0,cv
0.89,299.0,NE
0.89,378.0,NW
1.79,270.0,NE
1.79,263.0,NW
4.92,234.0,NW
6.71,171.0,NW
9.84,100.0,NW
12.97,83.0,NW
16.99,77.0,NW
21.91,86.0,NW
25.93,102.0,NW
29.95,77.0,NW
4.02,40.0,NE
8.04,37.0,NE
1.79,33.0,SE
0.89,32.0,cv
3.13,32.0,SE
7.15,21.0,SE
12.96,196.0,SE
16.09,161.0,SE
19.22,143.0,SE
22.35,149.0,SE
24.14,99.0,SE
25.03,64.0,SE
25.92,43.0,SE
0.45,53.0,cv
1.34,46.0,cv
0.89,55.0,SE
0.89,63.0,cv
1.78,74.0,cv
2.23,82.0,cv
0.89,87.0,SE
0.89,90.0,NE
0.89,92.0,cv
3.13,97.0,SE
0.89,100.0,cv
3.13,105.0,SE
6.26,109.0,SE
8.05,130.0,SE
0.89,145.0,cv
1.78,147.0,cv
2.67,165.0,cv
1.79,178.0,NW
4.92,169.0,NW
6.71,155.0,NW
0.89,158.0,cv
1.78,174.0,cv
4.02,201.0,NW
8.04,220.0,NW
1.79,186.0,NE
1.79,144.0,SE
4.02,89.0,NE
7.15,17.0,NE
4.02,19.0,NW
5.81,22.0,NW
3.13,34.0,NE
1.79,31.0,NW
3.13,54.0,NE
8.05,34.0,NE
4.02,29.0,NW
7.15,25.0,NW
11.17,27.0,NW
1.79,21.0,cv
3.58,25.0,cv
4.02,29.0,SE
7.15,21.0,SE
8.94,22.0,SE
12.96,20.0,SE
0.89,35.0,cv
4.92,41.0,SE
6.71,69.0,SE
9.84,83.0,SE
12.97,93.0,SE
16.1,106.0,SE
0.89,110.0,cv
1.78,110.0,cv
3.13,122.0,SE
4.92,130.0,SE
0.45,126.0,cv
1.34,117.0,cv
2.23,118.0,cv
1.79,110.0,SE
0.89,113.0,cv
1.79,131.0,NE
1.79,151.0,SE
4.92,129.0,SE
8.94,117.0,SE
12.96,138.0,SE
16.98,146.0,SE
20.11,108.0,SE
21.9,77.0,SE
0.89,101.0,cv
0.89,200.0,NE
0.45,288.0,cv
1.34,295.0,cv
1.79,263.0,cv
2.68,208.0,cv
3.13,176.0,cv
0.89,121.0,NW
2.68,133.0,NW
5.81,128.0,NW
8.94,162.0,NW
12.07,168.0,NW
16.99,148.0,NW
20.12,119.0,NW
25.04,118.0,NW
5.81,109.0,NE
10.73,80.0,NE
15.65,52.0,NE
21.46,43.0,NE
26.38,37.0,NE
31.3,26.0,NE
4.02,27.0,SE
3.13,27.0,NE
0.89,17.0,cv
0.89,37.0,NE
1.79,47.0,SE
0.89,100.0,cv
1.78,148.0,cv
1.79,132.0,NE
2.68,84.0,NE
1.79,78.0,SE
0.89,132.0,cv
1.79,163.0,NE
0.89,171.0,cv
1.79,176.0,SE
0.89,199.0,cv
0.89,209.0,SE
0.89,208.0,NE
0.89,211.0,cv
1.78,199.0,cv
1.79,212.0,SE
3.58,225.0,SE
7.6,151.0,SE
10.73,96.0,SE
13.86,68.0,SE
17.88,68.0,SE
21.9,79.0,SE
25.03,80.0,SE
28.16,82.0,SE
33.08,43.0,SE
37.1,38.0,SE
40.23,38.0,SE
44.25,35.0,SE
47.38,31.0,SE
50.51,30.0,SE
53.64,28.0,SE
55.43,30.0,SE
58.56,44.0,SE
61.69,55.0,SE
64.82,34.0,SE
66.61,41.0,SE
68.4,52.0,SE
70.19,66.0,SE
71.98,70.0,SE
73.77,74.0,SE
75.56,81.0,SE
78.69,68.0,SE
80.48,62.0,SE
83.61,76.0,SE
85.4,78.0,SE
87.19,79.0,SE
88.08,83.0,SE
0.89,90.0,cv
0.89,95.0,SE
1.78,98.0,SE
0.89,98.0,cv
0.89,97.0,NE
1.78,107.0,NE
0.89,100.0,cv
1.79,105.0,NW
3.58,103.0,NW
5.37,96.0,NW
6.26,104.0,NW
8.05,102.0,NW
12.07,111.0,NW
0.89,82.0,cv
11.18,239.0,NW
23.25,132.0,NW
36.21,66.0,NW
48.28,41.0,NW
58.11,13.0,NW
69.29,10.0,NW
80.47,8.0,NW
91.65,12.0,NW
101.48,12.0,NW
109.53,7.0,NW
3.13,7.0,NE
5.81,10.0,NW
9.83,8.0,NW
1.79,9.0,NE
1.79,9.0,NW
3.13,7.0,NE
4.92,12.0,NE
8.05,11.0,NE
12.07,17.0,NE
16.09,12.0,NE
20.11,10.0,NE
4.02,10.0,NW
7.15,12.0,NW
3.13,16.0,NE
8.05,21.0,NE
3.13,21.0,NW
6.26,22.0,NW
8.05,23.0,NW
0.89,27.0,cv
3.13,34.0,SE
4.92,49.0,SE
8.05,41.0,SE
11.18,48.0,SE
14.31,43.0,SE
17.44,41.0,SE
20.57,39.0,SE
24.59,41.0,SE
27.72,47.0,SE
29.51,58.0,SE
31.3,50.0,SE
33.09,52.0,SE
34.88,59.0,SE
36.67,58.0,SE
38.46,65.0,SE
1.79,68.0,NE
3.58,61.0,NE
4.47,69.0,NE
6.26,72.0,NE
7.15,69.0,NE
0.89,82.0,cv
1.78,85.0,cv
1.79,87.0,NE
0.89,79.0,cv
1.79,86.0,NW
0.89,86.0,cv
1.78,82.0,cv
3.13,92.0,SE
4.92,104.0,SE
8.05,108.0,SE
9.84,113.0,SE
3.13,115.0,NW
8.05,12.0,NW
12.07,13.0,NW
16.09,11.0,NW
19.22,6.0,NW
23.24,8.0,NW
26.37,8.0,NW
28.16,7.0,NW
1.79,10.0,NE
5.81,11.0,NE
3.13,22.0,NW
4.02,33.0,NE
8.04,29.0,NE
12.06,37.0,NE
13.85,30.0,NE
0.89,26.0,cv
1.78,22.0,cv
3.13,28.0,NW
1.79,46.0,SE
3.58,53.0,SE
6.71,56.0,SE
9.84,39.0,SE
11.63,40.0,SE
13.42,46.0,SE
0.89,61.0,cv
1.79,77.0,SE
2.68,89.0,SE
3.57,102.0,SE
0.89,125.0,cv
1.79,154.0,NE
2.68,153.0,NE
0.89,122.0,NW
0.89,113.0,SE
0.89,138.0,cv
0.89,125.0,NE
1.78,117.0,NE
0.89,152.0,cv
1.79,181.0,SE
0.89,214.0,cv
1.78,233.0,cv
2.67,252.0,cv
3.56,274.0,cv
1.79,248.0,SE
3.58,216.0,SE
5.37,209.0,SE
1.79,213.0,NE
3.58,254.0,NE
4.47,301.0,NE
5.36,298.0,NE
6.25,331.0,NE
1.79,328.0,NW
3.58,335.0,NW
5.37,312.0,NW
6.26,299.0,NW
0.89,294.0,cv
1.79,277.0,NW
0.45,281.0,cv
0.89,267.0,NE
0.45,269.0,cv
0.89,258.0,NE
0.89,263.0,cv
1.78,285.0,cv
2.67,282.0,cv
1.79,281.0,SE
1.79,292.0,cv
3.13,289.0,SE
4.92,272.0,SE
0.89,234.0,cv
1.79,214.0,SE
3.58,192.0,SE
4.47,211.0,SE
5.36,240.0,SE
6.25,249.0,SE
7.14,278.0,SE
0.45,279.0,cv
0.89,294.0,NE
1.79,327.0,NW
2.68,328.0,NW
4.47,316.0,NW
7.6,315.0,NW
11.62,273.0,NW
15.64,254.0,NW
17.43,226.0,NW
20.56,237.0,NW
22.35,224.0,NW
24.14,234.0,NW
0.89,195.0,cv
3.13,104.0,NW
4.92,75.0,NW
1.79,53.0,cv
1.79,50.0,NW
0.89,49.0,cv
3.13,42.0,SE
4.02,53.0,SE
8.04,80.0,SE
11.17,188.0,SE
15.19,288.0,SE
0.89,404.0,cv
1.79,422.0,SE
2.68,411.0,SE
0.89,345.0,cv
0.89,353.0,NE
2.68,399.0,NE
0.89,384.0,NW
2.68,282.0,NW
5.81,88.0,NW
7.6,41.0,NW
9.39,51.0,NW
13.41,46.0,NW
16.54,48.0,NW
19.67,51.0,NW
1.79,50.0,SE
1.79,50.0,NW
3.13,101.0,SE
6.26,127.0,SE
9.39,140.0,SE
12.52,206.0,SE
15.65,226.0,SE
18.78,203.0,SE
20.57,240.0,SE
22.36,258.0,SE
25.49,262.0,SE
0.89,260.0,cv
0.89,264.0,NE
0.89,274.0,cv
1.79,253.0,NW
4.92,283.0,NW
6.71,259.0,NW
8.5,140.0,NW
12.52,120.0,NW
15.65,154.0,NW
19.67,166.0,NW
23.69,144.0,NW
27.71,138.0,NW
30.84,131.0,NW
32.63,113.0,NW
0.89,92.0,cv
1.79,127.0,SE
3.58,127.0,SE
3.13,131.0,cv
3.13,153.0,SE
4.92,174.0,SE
8.05,221.0,SE
11.18,264.0,SE
14.31,273.0,SE
15.2,273.0,SE
0.89,268.0,cv
0.89,288.0,SE
0.45,297.0,cv
0.89,300.0,NE
0.89,355.0,NW
2.68,342.0,NW
3.57,202.0,NW
5.36,130.0,NW
0.45,108.0,cv
0.89,113.0,NW
0.89,126.0,cv
1.78,156.0,cv
2.67,282.0,cv
1.79,379.0,SE
1.79,437.0,cv
1.79,477.0,SE
3.58,510.0,SE
5.37,526.0,SE
6.26,492.0,SE
8.05,472.0,SE
0.89,474.0,cv
1.78,482.0,cv
2.67,482.0,cv
3.56,477.0,cv
4.01,480.0,cv
4.9,527.0,cv
0.89,486.0,NE
0.45,493.0,cv
0.89,515.0,NE
0.89,595.0,SE
0.89,563.0,cv
1.78,563.0,cv
1.79,528.0,NW
0.89,515.0,NE
0.89,495.0,cv
1.79,486.0,SE
0.89,508.0,cv
1.78,464.0,cv
1.79,430.0,SE
3.58,452.0,SE
0.89,489.0,cv
1.79,477.0,SE
0.89,425.0,cv
1.78,407.0,cv
1.79,498.0,NW
0.89,492.0,cv
1.78,492.0,cv
2.67,476.0,cv
3.12,478.0,cv
0.89,499.0,NE
0.89,489.0,cv
0.89,494.0,NW
1.78,481.0,NW
2.67,445.0,NW
4.46,431.0,NW
6.25,423.0,NW
8.04,457.0,NW
9.83,434.0,NW
1.79,391.0,NE
0.89,347.0,cv
1.79,292.0,NE
0.89,343.0,cv
2.68,322.0,cv
3.57,360.0,cv
3.13,376.0,SE
0.89,369.0,cv
1.79,354.0,SE
1.79,335.0,NW
2.68,394.0,NW
0.45,397.0,cv
1.34,395.0,cv
2.23,401.0,cv
3.12,406.0,cv
4.01,399.0,cv
1.79,373.0,NE
2.68,396.0,NE
0.45,461.0,cv
0.89,455.0,NE
1.79,415.0,NW
2.68,406.0,NW
4.47,421.0,NW
7.6,420.0,NW
9.39,393.0,NW
0.89,389.0,NE
1.79,401.0,NW
3.13,403.0,SE
6.26,406.0,SE
9.39,469.0,SE
11.18,409.0,SE
0.89,397.0,cv
1.78,387.0,cv
1.79,396.0,NW
4.92,436.0,NW
8.05,470.0,NW
11.18,451.0,NW
14.31,436.0,NW
18.33,411.0,NW
22.35,418.0,NW
23.24,424.0,NW
26.37,413.0,NW
28.16,404.0,NW
32.18,397.0,NW
36.2,285.0,NW
39.33,215.0,NW
43.35,136.0,NW
48.27,119.0,NW
53.19,38.0,NW
4.92,16.0,NE
4.92,13.0,NW
4.02,17.0,NE
8.04,23.0,NE
4.02,29.0,NW
8.04,34.0,NW
12.96,28.0,NW
17.88,24.0,NW
0.89,21.0,cv
3.13,41.0,SE
8.05,52.0,SE
12.97,142.0,SE
16.99,99.0,SE
20.12,55.0,SE
21.91,55.0,SE
22.8,53.0,SE
0.89,67.0,cv
0.89,72.0,SE
0.45,77.0,cv
0.9,75.0,cv
1.35,80.0,cv
1.79,106.0,NW
0.89,95.0,NE
0.89,100.0,cv
1.79,98.0,SE
0.89,79.0,cv
1.79,74.0,SE
3.58,71.0,SE
6.71,75.0,SE
9.84,73.0,SE
11.63,53.0,SE
14.76,47.0,SE
17.89,44.0,SE
21.91,61.0,SE
25.93,78.0,SE
29.95,55.0,SE
33.08,62.0,SE
36.21,52.0,SE
41.13,42.0,SE
44.26,42.0,SE
46.05,39.0,SE
47.84,35.0,SE
1.79,36.0,NW
0.89,30.0,cv
1.79,44.0,SE
3.58,52.0,SE
5.37,58.0,SE
7.16,71.0,SE
8.95,79.0,SE
12.08,77.0,SE
0.89,71.0,cv
1.78,80.0,cv
2.67,85.0,cv
3.56,96.0,cv
4.45,111.0,cv
1.79,108.0,NE
0.89,122.0,SE
1.78,109.0,SE
0.45,115.0,cv
1.79,103.0,NW
4.92,109.0,NW
6.71,116.0,NW
0.89,125.0,NE
0.89,127.0,cv
1.79,127.0,NW
4.92,123.0,NW
8.05,115.0,NW
9.84,105.0,NW
1.79,90.0,SE
3.13,66.0,NE
7.15,59.0,NE
12.07,39.0,NE
19.22,35.0,NE
25.03,35.0,NE
32.18,26.0,NE
39.33,31.0,NE
43.35,31.0,NE
49.16,34.0,NE
54.97,35.0,NE
58.99,26.0,NE
63.01,28.0,NE
66.14,29.0,NE
69.27,29.0,NE
73.29,29.0,NE
3.13,32.0,NW
1.79,29.0,NE
1.79,25.0,NW
4.92,31.0,NW
4.02,29.0,NE
3.13,26.0,NW
6.26,25.0,NW
8.05,15.0,NW
9.84,20.0,NW
12.97,32.0,NW
16.99,37.0,NW
20.12,37.0,NW
23.25,18.0,NW
29.06,20.0,NW
33.98,13.0,NW
39.79,12.0,NW
46.94,12.0,NW
51.86,12.0,NW
55.88,15.0,NW
59.9,20.0,NW
64.82,16.0,NW
69.74,18.0,NW
74.66,15.0,NW
78.68,8.0,NW
83.6,7.0,NW
88.52,8.0,NW
93.44,12.0,NW
3.13,9.0,NE
3.13,9.0,NW
6.26,11.0,NW
8.05,17.0,NW
9.84,9.0,NW
14.76,11.0,NW
19.68,12.0,NW
24.6,17.0,NW
28.62,20.0,NW
35.77,18.0,NW
40.69,28.0,NW
46.5,16.0,NW
49.63,16.0,NW
56.78,11.0,NW
64.83,19.0,NW
73.77,17.0,NW
81.82,15.0,NW
87.63,14.0,NW
92.55,28.0,NW
96.57,80.0,NW
100.59,87.0,NW
104.61,51.0,NW
108.63,37.0,NW
115.78,9.0,NW
121.59,11.0,NW
124.72,14.0,NW
3.13,11.0,NE
0.89,12.0,cv
1.78,15.0,cv
2.67,29.0,cv
3.12,44.0,cv
1.79,33.0,NW
3.13,22.0,NE
0.89,27.0,cv
4.02,26.0,cv
5.81,18.0,NW
10.73,27.0,NW
16.54,10.0,NW
25.48,16.0,NW
34.42,32.0,NW
41.57,49.0,NW
46.49,40.0,NW
50.51,69.0,NW
55.43,42.0,NW
60.35,20.0,NW
66.16,20.0,NW
71.97,16.0,NW
81.8,9.0,NW
89.85,8.0,NW
97.0,9.0,NW
102.81,10.0,NW
107.73,8.0,NW
110.86,8.0,NW
114.88,9.0,NW
119.8,10.0,NW
124.72,13.0,NW
130.53,13.0,NW
137.68,26.0,NW
144.83,15.0,NW
151.98,19.0,NW
159.13,18.0,NW
166.28,16.0,NW
172.09,15.0,NW
179.24,12.0,NW
185.05,17.0,NW
189.97,9.0,NW
195.78,9.0,NW
200.7,11.0,NW
205.62,37.0,NW
3.13,36.0,SE
3.13,40.0,NW
6.26,43.0,NW
0.89,48.0,cv
1.34,46.0,cv
2.23,45.0,cv
1.79,46.0,NW
2.68,52.0,NW
0.89,69.0,NE
1.79,105.0,SE
0.89,83.0,NE
0.89,51.0,cv
1.79,43.0,NW
0.89,57.0,cv
1.79,57.0,NW
0.89,55.0,cv
2.68,51.0,cv
3.13,46.0,SE
8.05,42.0,SE
12.07,55.0,SE
16.09,58.0,SE
17.88,68.0,SE
19.67,91.0,SE
21.46,89.0,SE
25.48,59.0,SE
29.5,66.0,SE
34.42,69.0,SE
39.34,56.0,SE
43.36,61.0,SE
47.38,62.0,SE
52.3,74.0,SE
55.43,82.0,SE
57.22,77.0,SE
58.11,82.0,SE
61.24,79.0,SE
64.37,91.0,SE
0.89,96.0,cv
1.78,109.0,cv
2.67,106.0,cv
4.46,109.0,cv
3.13,136.0,SE
7.15,133.0,SE
11.17,92.0,SE
12.96,90.0,SE
0.89,92.0,cv
1.79,108.0,NE
0.89,122.0,cv
1.79,130.0,NW
0.89,142.0,cv
3.13,129.0,NW
6.26,55.0,NW
9.39,20.0,NW
14.31,15.0,NW
21.46,14.0,NW
31.29,12.0,NW
40.23,12.0,NW
51.41,24.0,NW
58.56,6.0,NW
63.48,19.0,NW
67.5,13.0,NW
74.65,18.0,NW
7.15,14.0,NE
8.94,16.0,NW
5.81,15.0,NE
5.81,11.0,NW
11.62,12.0,NW
4.92,17.0,NE
8.94,14.0,NE
7.15,10.0,NW
12.96,7.0,NW
44.71,9.0,NW
50.52,11.0,NW
0.89,20.0,cv
4.02,14.0,NW
8.94,16.0,NW
16.09,21.0,NW
24.14,17.0,NW
32.19,15.0,NW
39.34,15.0,NW
47.39,19.0,NW
55.44,15.0,NW
62.59,12.0,NW
72.42,22.0,NW
81.36,16.0,NW
90.3,22.0,NW
99.24,9.0,NW
104.16,16.0,NW
108.18,23.0,NW
109.97,46.0,NW
114.89,35.0,NW
122.04,33.0,NW
135.0,25.0,NW
139.92,10.0,NW
147.97,11.0,NW
153.78,13.0,NW
158.7,14.0,NW
164.51,18.0,NW
170.32,16.0,NW
178.37,21.0,NW
185.52,19.0,NW
4.92,20.0,NE
8.94,16.0,NE
1.79,17.0,cv
3.13,19.0,NW
1.79,16.0,cv
3.13,21.0,SE
4.92,24.0,SE
0.89,24.0,cv
3.13,16.0,NE
3.13,15.0,NW
8.05,18.0,NW
11.18,14.0,NW
16.1,10.0,NW
24.15,7.0,NW
36.22,6.0,NW
42.03,7.0,NW
47.84,7.0,NW
53.65,9.0,NW
58.57,10.0,NW
61.7,19.0,NW
0.89,31.0,NE
2.68,35.0,NE
1.79,34.0,NW
3.58,21.0,NW
6.71,19.0,NW
12.52,15.0,NW
18.33,17.0,NW
25.48,16.0,NW
34.42,24.0,NW
43.36,17.0,NW
52.3,12.0,NW
57.22,12.0,NW
59.01,18.0,NW
4.02,34.0,SE
7.15,35.0,SE
8.94,36.0,SE
12.07,46.0,SE
1.79,66.0,cv
1.79,51.0,NW
4.92,58.0,NW
0.89,79.0,NE
3.13,80.0,NW
4.92,74.0,NW
6.71,72.0,NW
0.89,83.0,cv
1.78,112.0,cv
1.79,61.0,NE
3.58,54.0,NE
0.89,46.0,cv
4.02,36.0,cv
3.13,27.0,NW
11.18,19.0,NW
18.33,26.0,NW
24.14,22.0,NW
29.06,14.0,NW
32.19,9.0,NW
37.11,26.0,NW
0.89,25.0,NE
2.68,38.0,NE
1.79,43.0,NW
1.79,48.0,NE
1.79,48.0,NW
0.89,47.0,cv
1.79,40.0,NW
4.92,40.0,NW
0.89,44.0,cv
0.89,26.0,NE
1.79,26.0,NW
3.58,30.0,NW
4.47,85.0,NW
0.89,92.0,cv
3.13,99.0,SE
6.26,109.0,SE
9.39,92.0,SE
12.52,80.0,SE
15.65,85.0,SE
19.67,95.0,SE
22.8,116.0,SE
25.93,110.0,SE
0.89,108.0,cv
1.78,132.0,cv
2.67,156.0,cv
1.79,166.0,SE
3.58,196.0,SE
0.89,209.0,cv
1.78,263.0,cv
0.89,248.0,SE
1.78,253.0,SE
0.45,258.0,cv
0.9,263.0,cv
1.35,266.0,cv
1.79,274.0,NW
3.58,272.0,NW
5.37,271.0,NW
1.79,250.0,NE
0.89,254.0,cv
1.78,243.0,cv
1.79,241.0,SE
3.58,241.0,SE
6.71,236.0,SE
9.84,225.0,SE
12.97,225.0,SE
14.76,228.0,SE
15.65,272.0,SE
16.54,272.0,SE
0.89,367.0,NE
0.89,416.0,SE
0.89,415.0,NE
0.89,360.0,cv
0.89,379.0,NE
0.89,377.0,cv
1.79,400.0,NW
3.58,368.0,NW
0.89,351.0,cv
1.78,339.0,cv
1.79,320.0,NW
3.58,339.0,NW
7.6,332.0,NW
10.73,318.0,NW
14.75,267.0,NW
19.67,164.0,NW
25.48,42.0,NW
32.63,27.0,NW
39.78,31.0,NW
48.72,25.0,NW
57.66,24.0,NW
8.05,20.0,NE
17.88,16.0,NE
27.71,16.0,NE
8.94,17.0,NW
9.83,13.0,NE
11.18,11.0,NW
21.01,9.0,NW
7.15,8.0,NE
15.2,6.0,NE
7.15,7.0,NW
12.96,9.0,NW
17.88,8.0,NW
21.9,8.0,NW
26.82,8.0,NW
31.74,8.0,NW
38.89,12.0,NW
46.04,21.0,NW
54.09,18.0,NW
62.14,13.0,NW
71.97,25.0,NW
79.12,22.0,NW
84.93,21.0,NW
92.08,23.0,NW
100.13,25.0,NW
108.18,17.0,NW
115.33,12.0,NW
120.25,16.0,NW
128.3,18.0,NW
140.37,17.0,NW
155.57,17.0,NW
165.4,14.0,NW
173.45,16.0,NW
181.5,17.0,NW
189.55,9.0,NW
196.7,9.0,NW
203.85,9.0,NW
215.03,11.0,NW
224.86,14.0,NW
233.8,13.0,NW
242.74,12.0,NW
252.57,16.0,NW
261.51,11.0,NW
267.32,18.0,NW
271.34,21.0,NW
274.47,22.0,NW
280.28,23.0,NW
286.09,16.0,NW
295.92,21.0,NW
305.75,19.0,NW
312.9,19.0,NW
321.84,18.0,NW
331.67,16.0,NW
339.72,14.0,NW
345.53,23.0,NW
351.34,16.0,NW
356.26,18.0,NW
0.89,17.0,cv
3.13,7.0,NE
1.79,7.0,NW
4.02,19.0,NE
7.15,15.0,NE
0.89,23.0,cv
1.79,24.0,SE
3.13,19.0,NE
4.92,33.0,NE
1.79,32.0,SE
1.79,30.0,NW
1.79,26.0,cv
4.02,45.0,SE
8.04,40.0,SE
12.96,37.0,SE
16.98,27.0,SE
21.0,27.0,SE
25.02,44.0,SE
26.81,79.0,SE
28.6,117.0,SE
30.39,70.0,SE
0.89,76.0,cv
1.78,90.0,cv
0.89,105.0,NE
1.79,125.0,SE
4.92,138.0,SE
0.89,128.0,NW
2.68,110.0,NW
4.47,109.0,NW
6.26,105.0,NW
7.15,104.0,NW
0.89,107.0,NE
1.79,101.0,SE
1.79,115.0,cv
3.13,116.0,SE
1.79,132.0,cv
4.02,135.0,SE
7.15,123.0,SE
11.17,112.0,SE
15.19,96.0,SE
19.21,96.0,SE
0.89,90.0,cv
1.79,99.0,SE
2.68,126.0,SE
93.42,13.0,NW
100.57,13.0,NW
107.72,28.0,NW
116.66,33.0,NW
124.71,14.0,NW
132.76,20.0,NW
142.59,23.0,NW
150.64,24.0,NW
159.58,17.0,NW
166.73,12.0,NW
173.88,12.0,NW
182.82,9.0,NW
186.84,8.0,NW
189.97,9.0,NW
3.13,15.0,SE
3.13,13.0,NW
7.15,13.0,NW
11.17,12.0,NW
16.09,13.0,NW
21.9,14.0,NW
29.95,12.0,NW
35.76,18.0,NW
43.81,11.0,NW
51.86,22.0,NW
59.91,19.0,NW
68.85,14.0,NW
76.0,12.0,NW
79.13,17.0,NW
80.92,24.0,NW
84.05,41.0,NW
88.97,60.0,NW
90.76,21.0,NW
94.78,30.0,NW
98.8,23.0,NW
102.82,20.0,NW
105.95,24.0,NW
110.87,24.0,NW
114.89,20.0,NW
118.02,20.0,NW
122.04,20.0,NW
127.85,30.0,NW
133.66,25.0,NW
137.68,12.0,NW
142.6,20.0,NW
144.39,16.0,NW
147.52,19.0,NW
151.54,16.0,NW
5.81,18.0,SE
9.83,22.0,SE
11.62,16.0,SE
1.79,22.0,NW
4.92,28.0,NW
8.94,32.0,NW
14.75,23.0,NW
20.56,24.0,NW
27.71,15.0,NW
42.91,13.0,NW
52.74,13.0,NW
60.79,10.0,NW
68.84,8.0,NW
78.67,9.0,NW
86.72,8.0,NW
95.66,10.0,NW
104.6,12.0,NW
113.54,18.0,NW
119.35,15.0,NW
126.5,13.0,NW
134.55,12.0,NW
142.6,11.0,NW
150.65,15.0,NW
161.83,12.0,NW
169.88,15.0,NW
177.93,17.0,NW
186.87,6.0,NW
194.02,7.0,NW
199.83,6.0,NW
207.88,4.0,NW
213.69,3.0,NW
218.61,4.0,NW
222.63,8.0,NW
226.65,13.0,NW
229.78,13.0,NW
231.57,15.0,NW
0.45,23.0,cv
4.02,23.0,NW
8.04,27.0,NW
11.17,18.0,NW
16.98,25.0,NW
24.13,31.0,NW
29.05,23.0,NW
33.07,17.0,NW
0.89,22.0,cv
4.02,16.0,NW
9.83,15.0,NW
4.02,13.0,NE
8.94,25.0,NE
3.13,18.0,SE
6.26,17.0,SE
10.28,22.0,SE
13.41,39.0,SE
15.2,21.0,SE
16.99,24.0,SE
18.78,37.0,SE
0.89,36.0,cv
1.79,46.0,SE
0.89,57.0,cv
1.79,66.0,NE
1.79,78.0,SE
0.89,76.0,cv
1.79,85.0,SE
0.89,126.0,cv
1.79,145.0,SE
3.58,178.0,SE
1.79,157.0,cv
3.13,130.0,NW
4.92,60.0,NW
3.13,38.0,NE
3.13,39.0,NW
1.79,36.0,cv
5.81,29.0,cv
4.02,23.0,NW
5.81,11.0,NW
8.94,12.0,NW
12.07,16.0,NW
16.99,12.0,NW
21.91,13.0,NW
27.72,11.0,NW
32.64,20.0,NW
38.45,6.0,NW
44.26,20.0,NW
49.18,13.0,NW
54.99,16.0,NW
60.8,12.0,NW
67.95,17.0,NW
72.87,27.0,NW
80.92,21.0,NW
88.97,20.0,NW
97.02,26.0,NW
104.17,27.0,NW
111.32,29.0,NW
117.13,25.0,NW
3.13,16.0,cv
6.26,23.0,cv
3.13,21.0,SE
4.92,13.0,SE
5.81,13.0,SE
7.6,17.0,SE
10.73,50.0,SE
3.13,22.0,NW
4.92,22.0,SE
9.84,69.0,SE
14.76,43.0,SE
18.78,40.0,SE
21.91,38.0,SE
1.79,37.0,NE
2.68,39.0,NE
1.79,45.0,NW
4.92,50.0,NW
6.71,44.0,NW
8.5,58.0,NW
10.29,48.0,NW
12.08,48.0,NW
13.87,39.0,NW
3.13,44.0,SE
1.79,36.0,cv
3.58,36.0,cv
5.37,38.0,cv
7.16,43.0,cv
1.79,35.0,SE
4.92,42.0,SE
8.05,51.0,SE
12.97,60.0,SE
16.99,65.0,SE
21.01,61.0,SE
24.14,56.0,SE
25.93,69.0,SE
27.72,76.0,SE
0.89,58.0,cv
0.89,64.0,SE
0.45,79.0,cv
1.34,100.0,cv
0.89,128.0,NE
0.89,110.0,cv
3.13,116.0,NW
7.15,97.0,NW
8.94,99.0,NW
1.79,107.0,cv
1.79,101.0,NW
1.79,94.0,cv
3.58,70.0,cv
4.02,49.0,SE
7.15,59.0,SE
11.17,60.0,SE
14.3,51.0,SE
17.43,55.0,SE
21.45,73.0,SE
25.47,70.0,SE
29.49,67.0,SE
0.89,64.0,NE
0.89,75.0,cv
1.34,87.0,cv
1.79,96.0,NW
0.89,103.0,cv
0.89,115.0,NW
2.68,112.0,NW
3.57,95.0,NW
0.89,87.0,cv
1.78,95.0,cv
1.79,123.0,SE
0.89,136.0,cv
2.68,143.0,cv
4.47,152.0,cv
4.02,132.0,SE
9.83,104.0,SE
14.75,84.0,SE
20.56,66.0,SE
27.71,50.0,SE
30.84,57.0,SE
33.97,77.0,SE
8.5,148.0,SE
1.78,204.0,cv
1.79,212.0,SE
1.79,188.0,cv
3.13,179.0,SE
6.26,166.0,SE
0.89,168.0,cv
0.89,295.0,cv
3.13,328.0,NE
6.26,287.0,NE
15.2,222.0,NE
21.01,147.0,NE
26.82,51.0,NE
36.65,23.0,NE
44.7,19.0,NE
52.75,18.0,NE
60.8,15.0,NE
69.74,18.0,NE
77.79,25.0,NE
85.84,17.0,NE
91.65,18.0,NE
97.46,20.0,NE
102.38,17.0,NE
107.3,15.0,NE
7.15,16.0,NW
12.07,23.0,NW
17.88,34.0,NW
3.13,19.0,NE
3.13,25.0,NW
7.15,33.0,SE
3.13,36.0,NW
4.02,33.0,SE
0.89,23.0,cv
4.02,30.0,NW
8.04,48.0,NW
11.17,44.0,NW
15.19,56.0,NW
18.32,46.0,NW
21.45,32.0,NW
24.58,54.0,NW
27.71,89.0,NW
31.73,79.0,NW
1.79,45.0,cv
3.58,68.0,cv
6.71,158.0,cv
8.5,178.0,cv
11.63,63.0,cv
13.42,108.0,cv
15.21,92.0,cv
3.13,127.0,SE
6.26,11.0,SE
10.28,5.0,SE
15.2,24.0,SE
19.22,5.0,SE
23.24,5.0,SE
27.26,55.0,SE
1.79,79.0,cv
0.89,124.0,SE
0.89,143.0,NE
3.13,186.0,NW
4.92,167.0,NW
6.71,184.0,NW
9.84,172.0,NW
13.86,149.0,NW
16.99,156.0,NW
21.01,144.0,NW
25.03,135.0,NW
29.05,94.0,NW
32.18,105.0,NW
1.79,50.0,cv
4.02,167.0,NW
7.15,138.0,NW
1.79,170.0,cv
4.02,89.0,SE
8.04,108.0,SE
29.05,86.0,SE
32.18,65.0,SE
0.89,88.0,cv
1.34,80.0,cv
0.89,125.0,NW
1.78,123.0,NW
3.57,151.0,NW
4.46,174.0,NW
5.35,241.0,NW
7.14,132.0,NW
1.79,159.0,cv
1.79,138.0,NW
3.58,177.0,NW
3.13,149.0,SE
7.15,192.0,SE
11.17,171.0,SE
15.19,211.0,SE
21.0,124.0,SE
26.81,170.0,SE
31.73,52.0,SE
35.75,22.0,SE
39.77,17.0,SE
43.79,54.0,SE
47.81,59.0,SE
50.94,150.0,SE
54.07,146.0,SE
57.2,154.0,SE
58.99,166.0,SE
60.78,164.0,SE
62.57,191.0,SE
64.36,152.0,SE
0.89,160.0,cv
0.89,254.0,SE
2.68,231.0,SE
4.47,254.0,SE
10.28,277.0,SE
18.33,207.0,SE
25.48,218.0,SE
30.4,264.0,SE
38.45,227.0,SE
45.6,188.0,SE
52.75,253.0,SE
57.67,227.0,SE
62.59,166.0,SE
65.72,143.0,SE
67.51,184.0,SE
71.53,246.0,SE
75.55,279.0,SE
77.34,233.0,SE
80.47,220.0,SE
83.6,190.0,SE
89.41,196.0,SE
94.33,96.0,SE
100.14,103.0,SE
0.89,94.0,cv
1.78,120.0,cv
0.89,77.0,SE
1.78,158.0,SE
4.91,169.0,SE
32.18,24.0,SE
36.2,27.0,SE
42.01,39.0,SE
79.12,69.0,SE
1.79,105.0,SE
4.92,103.0,SE
8.05,105.0,SE
12.07,107.0,SE
15.2,105.0,SE
18.33,102.0,SE
22.35,102.0,SE
26.37,100.0,SE
1.79,109.0,NW
4.92,107.0,NW
3.13,77.0,NE
8.94,80.0,NE
16.99,82.0,NE
37.11,50.0,NE
44.26,39.0,NE
52.31,24.0,NE
59.46,28.0,NE
4.02,14.0,NW
8.94,13.0,NW
12.96,11.0,NW
17.88,17.0,NW
25.03,15.0,NW
4.02,8.0,NE
3.13,10.0,cv
3.13,12.0,NE
1.79,12.0,cv
4.92,13.0,cv
7.15,14.0,NW
14.3,11.0,NW
23.24,10.0,NW
32.18,10.0,NW
37.99,11.0,NW
42.01,17.0,NW
45.14,91.0,NW
49.16,22.0,NW
53.18,16.0,NW
59.44,12.0,NW
63.46,8.0,NW
67.48,9.0,NW
70.61,14.0,NW
1.79,16.0,SE
0.45,14.0,cv
1.34,29.0,cv
3.13,24.0,NW
7.15,19.0,NW
11.17,16.0,NW
1.79,17.0,cv
2.68,13.0,cv
1.79,12.0,SE
1.79,10.0,cv
4.92,11.0,cv
4.92,12.0,SE
10.73,13.0,SE
17.88,18.0,SE
22.8,26.0,SE
27.72,27.0,SE
33.53,45.0,SE
39.34,49.0,SE
43.36,50.0,SE
3.13,51.0,cv
4.02,64.0,cv
3.13,67.0,SE
0.45,77.0,cv
0.89,85.0,NW
4.02,91.0,NW
0.89,88.0,cv
1.79,91.0,NW
0.89,103.0,cv
1.78,101.0,cv
3.57,88.0,cv
5.36,91.0,cv
3.13,99.0,SE
7.15,94.0,SE
11.17,101.0,SE
16.09,91.0,SE
23.24,73.0,SE
29.05,94.0,SE
33.97,88.0,SE
37.1,104.0,SE
38.89,145.0,SE
40.68,171.0,SE
42.47,184.0,SE
43.36,202.0,SE
0.89,196.0,cv
1.78,186.0,cv
2.67,184.0,cv
1.79,188.0,SE
0.89,189.0,cv
0.89,201.0,NE
0.89,231.0,cv
1.79,225.0,NW
0.89,169.0,cv
1.78,163.0,cv
1.79,142.0,NE
1.79,136.0,SE
5.81,141.0,SE
8.94,125.0,SE
12.07,131.0,SE
16.09,138.0,SE
20.11,152.0,SE
23.24,145.0,SE
25.03,157.0,SE
0.89,172.0,cv
4.02,170.0,SE
7.15,172.0,SE
0.89,155.0,cv
1.78,168.0,cv
2.67,163.0,cv
3.56,144.0,cv
3.13,137.0,NW
4.02,133.0,NW
0.89,158.0,cv
1.78,162.0,cv
1.79,158.0,NW
3.58,174.0,NW
6.71,184.0,NW
9.84,191.0,NW
13.86,159.0,NW
19.67,74.0,NW
27.72,27.0,NW
36.66,21.0,NW
39.79,21.0,NW
8.05,53.0,NW
13.86,28.0,NE
19.67,26.0,NE
24.59,27.0,NE
29.51,25.0,NE
19.67,36.0,SE
29.06,76.0,SE
36.21,87.0,SE
44.26,146.0,SE
53.2,149.0,SE
57.22,121.0,SE
63.03,79.0,SE
70.18,58.0,SE
77.33,53.0,SE
82.25,56.0,SE
0.89,60.0,cv
5.81,65.0,NW
11.62,41.0,NW
18.77,23.0,NW
25.92,20.0,NW
33.07,12.0,NW
40.22,13.0,NW
48.27,16.0,NW
57.21,22.0,NW
67.04,35.0,NW
74.19,72.0,NW
84.02,249.0,NW
92.07,76.0,NW
105.03,90.0,NW
117.1,74.0,NW
130.06,44.0,NW
142.13,93.0,NW
151.07,118.0,NW
156.88,120.0,NW
164.03,97.0,NW
171.18,14.0,NW
178.33,15.0,NW
183.25,18.0,NW
191.29,21.0,NW
195.31,10.0,NW
200.23,9.0,NW
0.89,7.0,cv
1.79,4.0,NE
3.58,6.0,NE
4.92,6.0,NW
12.97,4.0,NW
22.8,3.0,NW
9.83,5.0,NE
8.05,9.0,NW
15.2,12.0,NW
5.81,11.0,NE
5.81,11.0,NW
3.13,13.0,NE
7.15,10.0,NE
10.28,10.0,NE
12.07,15.0,NE
0.89,19.0,SE
2.68,32.0,SE
4.47,43.0,SE
0.89,65.0,cv
3.13,54.0,SE
4.92,56.0,SE
6.71,63.0,SE
0.89,52.0,NE
1.78,53.0,NE
2.67,48.0,NE
0.89,62.0,cv
1.78,59.0,cv
1.79,93.0,SE
3.58,103.0,SE
5.37,79.0,SE
7.16,80.0,SE
11.18,84.0,SE
14.31,73.0,SE
19.23,52.0,SE
25.04,44.0,SE
29.96,58.0,SE
34.88,68.0,SE
39.8,86.0,SE
42.93,99.0,SE
46.06,105.0,SE
50.08,93.0,SE
51.87,120.0,SE
53.66,115.0,SE
55.45,91.0,SE
57.24,82.0,SE
60.37,84.0,SE
62.16,114.0,SE
0.89,97.0,cv
1.78,87.0,cv
1.79,91.0,SE
0.89,97.0,cv
0.89,121.0,NE
1.79,136.0,SE
3.58,160.0,SE
1.79,175.0,cv
1.79,166.0,SE
3.58,153.0,SE
6.71,165.0,SE
9.84,135.0,SE
12.97,270.0,SE
16.1,141.0,SE
17.89,137.0,SE
19.68,143.0,SE
21.47,157.0,SE
23.26,156.0,SE
25.05,189.0,SE
1.79,165.0,NE
3.58,195.0,NE
5.37,175.0,NE
0.89,157.0,cv
1.79,161.0,NE
3.58,167.0,NE
5.37,171.0,NE
6.26,160.0,NE
1.79,140.0,SE
3.58,161.0,SE
1.79,169.0,NE
5.81,113.0,NE
9.83,69.0,NE
15.64,44.0,NE
0.89,49.0,cv
0.89,74.0,cv
2.67,39.0,cv
3.13,34.0,cv
4.92,70.0,SE
16.1,36.0,SE
5.81,28.0,NW
10.73,49.0,SE
4.92,16.0,NE
8.05,10.0,NW
15.2,12.0,NW
20.12,16.0,NW
28.17,14.0,NW
38.0,13.0,NW
49.18,12.0,NW
59.01,12.0,NW
73.31,9.0,NW
80.46,8.0,NW
85.38,11.0,NW
90.3,15.0,NW
96.11,16.0,NW
101.92,17.0,NW
107.73,23.0,NW
115.78,17.0,NW
123.83,19.0,NW
131.88,15.0,NW
139.93,22.0,NW
147.08,13.0,NW
155.13,14.0,NW
162.28,15.0,NW
3.13,10.0,cv
8.94,23.0,NW
16.09,14.0,NW
19.22,12.0,NW
1.79,13.0,SE
4.92,24.0,SE
6.71,32.0,SE
9.84,37.0,SE
11.63,41.0,SE
0.89,99.0,cv
1.78,73.0,cv
2.67,60.0,cv
3.56,78.0,cv
3.13,96.0,SE
4.92,91.0,SE
1.79,93.0,NE
0.89,122.0,cv
3.13,165.0,SE
4.92,156.0,SE
6.71,162.0,SE
9.84,167.0,SE
12.97,167.0,SE
16.1,155.0,SE
19.23,126.0,SE
24.15,117.0,SE
28.17,97.0,SE
31.3,95.0,SE
33.09,90.0,SE
33.98,93.0,SE
35.77,100.0,SE
36.66,83.0,SE
37.55,96.0,SE
40.68,103.0,SE
43.81,138.0,SE
45.6,148.0,SE
46.49,126.0,SE
0.45,101.0,cv
1.79,104.0,NW
0.89,116.0,SE
0.89,143.0,cv
3.13,151.0,SE
4.92,149.0,SE
7.15,86.0,cv
8.94,51.0,NW
20.12,41.0,NW
32.19,31.0,NW
8.94,26.0,NE
8.05,20.0,NW
15.2,15.0,NW
21.01,13.0,NW
25.03,16.0,NW
28.16,18.0,NW
0.89,22.0,NE
0.89,63.0,cv
1.78,68.0,cv
2.23,82.0,cv
1.79,79.0,NE
1.79,51.0,NW
4.92,46.0,NW
8.05,67.0,NW
9.84,54.0,NW
12.97,43.0,NW
16.1,42.0,NW
0.89,44.0,cv
1.79,29.0,SE
5.81,29.0,NE
10.73,25.0,NE
13.86,20.0,NE
3.13,19.0,SE
3.13,25.0,NE
1.79,27.0,cv
4.02,27.0,SE
11.17,36.0,SE
16.98,39.0,SE
21.0,47.0,SE
24.13,62.0,SE
28.15,64.0,SE
33.07,73.0,SE
34.86,59.0,SE
37.99,60.0,SE
41.12,61.0,SE
42.91,61.0,SE
44.7,59.0,SE
48.72,63.0,SE
1.79,70.0,cv
1.79,64.0,NE
1.79,75.0,SE
3.58,82.0,SE
5.37,93.0,SE
3.13,90.0,NE
4.92,84.0,NE
1.79,84.0,cv
3.58,99.0,cv
3.13,105.0,SE
0.89,165.0,cv
1.79,166.0,NW
1.79,185.0,SE
4.92,162.0,SE
8.05,163.0,SE
9.84,172.0,SE
12.97,165.0,SE
16.1,163.0,SE
19.23,152.0,SE
21.02,157.0,SE
24.15,162.0,SE
28.17,171.0,SE
31.3,172.0,SE
34.43,170.0,SE
36.22,168.0,SE
0.89,172.0,NE
0.89,168.0,cv
1.78,178.0,cv
2.67,170.0,cv
1.79,172.0,SE
3.58,186.0,SE
6.71,176.0,SE
9.84,183.0,SE
11.63,194.0,SE
13.42,195.0,SE
16.55,200.0,SE
18.34,218.0,SE
21.47,232.0,SE
5.81,187.0,cv
12.96,97.0,NW
28.16,76.0,NW
41.12,53.0,NW
53.19,36.0,NW
66.15,41.0,NW
74.2,81.0,NW
85.38,120.0,NW
98.34,201.0,NW
109.52,214.0,NW
119.35,238.0,NW
125.16,251.0,NW
132.31,234.0,NW
139.46,164.0,NW
145.27,136.0,NW
150.19,108.0,NW
156.0,88.0,NW
164.05,65.0,NW
169.86,83.0,NW
177.01,96.0,NW
185.06,100.0,NW
194.0,99.0,NW
199.81,89.0,NW
205.62,86.0,NW
209.64,60.0,NW
216.79,49.0,NW
225.73,38.0,NW
234.67,38.0,NW
242.72,42.0,NW
247.64,39.0,NW
252.56,31.0,NW
255.69,41.0,NW
3.13,33.0,SE
7.15,37.0,SE
12.07,40.0,SE
1.79,37.0,NW
4.92,33.0,NW
8.05,38.0,NW
11.18,48.0,NW
15.2,26.0,NW
16.99,15.0,NW
0.89,18.0,cv
1.78,17.0,cv
1.79,15.0,NW
4.92,24.0,NW
6.71,23.0,NW
13.86,20.0,NW
23.69,27.0,NW
35.76,14.0,NW
47.83,12.0,NW
59.01,16.0,NW
71.08,27.0,NW
83.15,24.0,NW
94.33,41.0,NW
102.38,31.0,NW
108.19,23.0,NW
112.21,19.0,NW
115.34,34.0,NW
118.47,34.0,NW
120.26,21.0,NW
124.28,14.0,NW
128.3,13.0,NW
0.89,16.0,cv
4.02,12.0,NW
11.17,8.0,NW
16.09,7.0,NW
20.11,7.0,NW
21.9,8.0,NW
23.69,11.0,NW
3.13,13.0,NE
3.13,14.0,NW
3.13,14.0,NE
1.79,14.0,cv
1.79,13.0,SE
1.79,15.0,cv
1.79,16.0,SE
1.79,13.0,cv
1.79,36.0,SE
5.81,33.0,SE
10.73,33.0,SE
14.75,28.0,SE
17.88,27.0,SE
21.01,35.0,SE
24.14,45.0,SE
27.27,57.0,SE
31.29,68.0,SE
33.08,79.0,SE
36.21,65.0,SE
38.0,70.0,SE
39.79,79.0,SE
41.58,81.0,SE
44.71,93.0,SE
48.73,81.0,SE
51.86,50.0,SE
55.88,63.0,SE
59.9,44.0,SE
63.92,42.0,SE
67.05,39.0,SE
71.97,55.0,SE
75.1,48.0,SE
78.23,53.0,SE
81.36,43.0,SE
83.15,54.0,SE
84.94,58.0,SE
0.89,63.0,cv
1.78,80.0,cv
4.02,95.0,SE
5.81,93.0,SE
6.7,94.0,SE
0.89,98.0,cv
1.78,110.0,cv
2.67,113.0,cv
3.12,107.0,cv
1.79,114.0,NW
1.79,123.0,SE
4.92,130.0,SE
1.79,136.0,NW
0.89,147.0,cv
1.78,148.0,cv
4.92,168.0,NW
1.79,201.0,cv
2.68,188.0,cv
3.13,150.0,NW
12.96,118.0,NW
22.79,84.0,NW
30.84,59.0,NW
38.89,44.0,NW
44.7,39.0,NW
1.79,35.0,NE
3.13,63.0,SE
4.92,95.0,SE
6.71,79.0,SE
0.89,75.0,cv
1.78,97.0,cv
2.67,110.0,cv
3.13,111.0,NW
0.89,98.0,cv
1.79,97.0,NW
0.89,86.0,cv
3.13,58.0,NW
0.89,60.0,cv
1.79,55.0,NW
1.79,39.0,NE
8.94,33.0,NW
18.77,34.0,NW
29.95,34.0,NW
39.78,37.0,NW
50.96,38.0,NW
63.03,32.0,NW
72.86,30.0,NW
81.8,26.0,NW
86.72,23.0,NW
89.85,28.0,NW
0.89,37.0,cv
1.79,43.0,NE
0.89,30.0,NW
3.13,31.0,NE
0.89,40.0,cv
1.79,46.0,NE
3.13,30.0,NW
7.15,27.0,NW
10.28,26.0,NW
13.41,17.0,NW
18.33,19.0,NW
3.13,15.0,NE
4.02,27.0,NW
8.04,23.0,NW
4.02,18.0,cv
3.13,14.0,NW
1.79,16.0,cv
3.58,20.0,cv
4.02,29.0,SE
7.15,45.0,SE
8.94,46.0,SE
12.07,48.0,SE
16.99,47.0,SE
20.12,39.0,SE
23.25,53.0,SE
25.04,55.0,SE
29.06,50.0,SE
33.08,69.0,SE
37.1,80.0,SE
38.89,88.0,SE
40.68,62.0,SE
0.89,54.0,cv
0.89,66.0,SE
1.78,64.0,SE
2.67,79.0,SE
5.8,82.0,SE
7.59,80.0,SE
9.38,63.0,SE
13.4,54.0,SE
17.42,59.0,SE
22.34,53.0,SE
25.47,39.0,SE
29.49,40.0,SE
31.28,42.0,SE
0.89,46.0,cv
4.92,44.0,NW
8.05,41.0,NW
1.79,58.0,NE
0.89,63.0,cv
1.78,65.0,cv
1.79,61.0,NE
0.89,76.0,cv
0.89,78.0,NW
2.68,74.0,NW
4.47,78.0,NW
5.36,83.0,NW
7.15,79.0,NW
8.94,88.0,NW
10.73,82.0,NW
14.75,84.0,NW
16.54,94.0,NW
18.33,75.0,NW
21.46,40.0,NW
1.79,33.0,SE
1.79,38.0,cv
1.79,22.0,SE
0.89,19.0,cv
3.13,23.0,NW
10.28,18.0,NW
15.2,20.0,NW
21.01,20.0,NW
25.03,25.0,NW
29.95,35.0,NW
33.97,28.0,NW
37.99,28.0,NW
42.91,31.0,NW
46.93,26.0,NW
48.72,22.0,NW
0.89,16.0,cv
1.78,20.0,cv
1.79,24.0,NW
4.92,33.0,NW
8.05,32.0,NW
12.07,44.0,NW
15.2,76.0,NW
3.13,27.0,NE
0.89,24.0,cv
1.79,21.0,SE
5.81,28.0,SE
8.94,32.0,SE
12.07,70.0,SE
15.2,41.0,SE
19.22,29.0,SE
24.14,23.0,SE
29.06,24.0,SE
33.08,27.0,SE
36.21,35.0,SE
39.34,46.0,SE
42.47,56.0,SE
45.6,80.0,SE
48.73,83.0,SE
50.52,86.0,SE
51.41,92.0,SE
52.3,98.0,SE
0.89,98.0,cv
1.79,104.0,NE
0.89,106.0,cv
1.78,111.0,cv
1.79,117.0,NE
0.89,102.0,cv
2.68,99.0,cv
3.13,184.0,NW
12.07,202.0,NW
21.9,165.0,NW
30.84,159.0,NW
39.78,183.0,NW
49.61,118.0,NW
58.55,61.0,NW
66.6,33.0,NW
77.78,44.0,NW
86.72,60.0,NW
95.66,56.0,NW
105.49,68.0,NW
115.32,51.0,NW
120.24,75.0,NW
127.39,72.0,NW
133.2,77.0,NW
138.12,72.0,NW
141.25,69.0,NW
145.27,63.0,NW
150.19,63.0,NW
160.02,60.0,NW
172.09,56.0,NW
181.03,35.0,NW
190.86,24.0,NW
199.8,22.0,NW
207.85,17.0,NW
216.79,12.0,NW
224.84,12.0,NW
233.78,11.0,NW
243.61,63.0,NW
254.79,32.0,NW
260.6,34.0,NW
268.65,32.0,NW
273.57,24.0,NW
276.7,16.0,NW
281.62,29.0,NW
286.54,27.0,NW
291.46,22.0,NW
296.38,20.0,NW
300.4,18.0,NW
304.42,24.0,NW
3.13,18.0,cv
3.58,29.0,cv
4.47,20.0,cv
8.05,28.0,NW
17.88,28.0,NW
30.84,27.0,NW
46.04,27.0,NW
59.9,27.0,NW
75.1,31.0,NW
87.17,28.0,NW
100.13,25.0,NW
112.2,24.0,NW
124.27,32.0,NW
134.1,31.0,NW
143.93,35.0,NW
151.98,70.0,NW
156.9,40.0,NW
161.82,72.0,NW
164.95,59.0,NW
168.97,44.0,NW
174.78,27.0,NW
179.7,31.0,NW
0.89,29.0,cv
7.15,25.0,NW
11.17,22.0,NW
12.96,21.0,NW
4.02,27.0,SE
7.15,32.0,SE
12.07,26.0,SE
5.81,30.0,NW
13.86,25.0,NW
22.8,26.0,NW
30.85,20.0,NW
40.68,16.0,NW
4.92,18.0,SE
12.97,22.0,SE
21.02,27.0,SE
29.07,40.0,SE
38.01,29.0,SE
45.16,58.0,SE
52.31,50.0,SE
59.46,39.0,SE
65.27,46.0,SE
0.89,53.0,cv
1.78,55.0,cv
0.89,50.0,NW
0.89,58.0,cv
1.78,63.0,cv
3.13,58.0,NW
4.92,34.0,NE
10.73,18.0,NE
16.54,16.0,NE
22.35,16.0,NE
28.16,15.0,NE
32.18,83.0,NE
36.2,21.0,NE
3.13,16.0,cv
4.02,8.0,cv
1.79,18.0,NE
3.13,27.0,SE
4.92,48.0,SE
9.84,57.0,SE
17.89,50.0,SE
21.02,45.0,SE
24.15,44.0,SE
28.17,40.0,SE
31.3,53.0,SE
33.09,68.0,SE
0.89,42.0,NE
0.89,37.0,SE
1.79,37.0,NE
0.89,43.0,cv
1.78,40.0,cv
3.13,55.0,NW
4.92,65.0,NW
6.71,66.0,NW
0.89,64.0,cv
1.79,71.0,SE
3.58,69.0,SE
3.13,75.0,cv
4.02,156.0,SE
9.83,70.0,SE
15.64,24.0,SE
22.79,19.0,SE
29.94,24.0,SE
34.86,40.0,SE
40.67,35.0,SE
44.69,45.0,SE
47.82,41.0,SE
52.74,40.0,SE
56.76,42.0,SE
60.78,45.0,SE
63.91,52.0,SE
67.04,57.0,SE
0.89,62.0,cv
1.79,80.0,SE
3.58,134.0,SE
0.89,107.0,cv
1.79,105.0,SE
4.92,140.0,SE
6.71,147.0,SE
9.84,153.0,SE
12.97,138.0,SE
16.1,149.0,SE
20.12,160.0,SE
23.25,159.0,SE
25.04,158.0,SE
28.17,155.0,SE
29.96,174.0,SE
0.89,184.0,cv
1.78,206.0,cv
1.79,217.0,NW
3.58,236.0,NW
1.79,237.0,SE
3.13,250.0,NW
0.89,264.0,cv
1.79,251.0,SE
3.58,255.0,SE
5.37,206.0,SE
0.89,204.0,cv
1.78,213.0,cv
2.67,219.0,cv
1.79,227.0,SE
4.92,212.0,SE
6.71,205.0,SE
0.89,209.0,cv
3.13,215.0,SE
6.26,217.0,SE
0.89,237.0,cv
3.13,226.0,SE
4.92,236.0,SE
6.71,221.0,SE
8.5,222.0,SE
9.83,205.0,NW
16.98,75.0,NW
26.81,32.0,NW
36.64,27.0,NW
46.47,23.0,NW
56.3,19.0,NW
62.11,7.0,NW
67.03,6.0,NW
71.95,7.0,NW
76.87,6.0,NW
84.92,6.0,NW
93.86,5.0,NW
98.78,6.0,NW
104.59,10.0,NW
110.4,11.0,NW
116.21,11.0,NW
7.15,8.0,NE
11.17,7.0,NE
1.79,9.0,SE
1.79,13.0,cv
3.58,14.0,cv
4.02,16.0,SE
8.04,15.0,SE
13.85,19.0,SE
17.87,11.0,SE
25.02,15.0,SE
26.81,20.0,SE
32.62,29.0,SE
37.54,27.0,SE
41.56,27.0,SE
44.69,28.0,SE
3.13,33.0,NW
8.05,35.0,NW
11.18,26.0,NW
19.23,20.0,NW
27.28,23.0,NW
36.22,46.0,NW
46.05,17.0,NW
59.91,14.0,NW
67.96,18.0,NW
75.11,16.0,NW
82.26,10.0,NW
88.07,11.0,NW
92.09,12.0,NW
3.13,7.0,NE
4.92,19.0,NE
0.89,180.0,cv
3.13,69.0,SE
4.92,47.0,SE
6.71,31.0,SE
8.5,51.0,SE
10.29,32.0,SE
11.18,22.0,SE
14.31,27.0,SE
16.1,26.0,SE
17.89,34.0,SE
19.68,39.0,SE
3.13,44.0,NW
4.92,56.0,NW
8.05,52.0,NW
11.18,47.0,NW
14.31,41.0,NW
24.14,54.0,NW
35.32,52.0,NW
43.37,55.0,NW
50.52,53.0,NW
56.33,91.0,NW
64.38,25.0,NW
70.19,15.0,NW
73.32,34.0,NW
4.02,43.0,cv
8.05,16.0,NW
13.86,9.0,NW
8.05,30.0,SE
15.2,51.0,SE
22.35,55.0,SE
27.27,29.0,SE
31.29,56.0,SE
35.31,36.0,SE
0.45,40.0,cv
0.9,55.0,cv
1.79,47.0,SE
0.89,53.0,cv
1.78,58.0,cv
1.79,74.0,NE
3.58,122.0,NE
0.89,115.0,cv
1.78,67.0,cv
3.13,114.0,SE
3.13,69.0,cv
5.81,76.0,SE
12.96,55.0,SE
21.01,25.0,SE
29.95,24.0,SE
39.78,21.0,SE
49.61,24.0,SE
57.66,31.0,SE
64.81,116.0,SE
72.86,118.0,SE
77.78,89.0,SE
82.7,49.0,SE
87.62,83.0,SE
89.41,73.0,SE
91.2,69.0,SE
0.89,66.0,cv
1.79,77.0,SE
3.58,78.0,SE
5.37,81.0,SE
8.5,89.0,SE
10.29,123.0,SE
0.89,149.0,cv
1.79,155.0,SE
0.89,168.0,cv
3.13,200.0,SE
6.26,187.0,SE
9.39,152.0,SE
13.41,123.0,SE
19.22,114.0,SE
25.03,120.0,SE
32.18,109.0,SE
39.33,90.0,SE
45.14,70.0,SE
50.06,61.0,SE
54.08,47.0,SE
58.1,46.0,SE
63.02,41.0,SE
67.04,53.0,SE
71.96,49.0,SE
75.98,58.0,SE
77.77,57.0,SE
79.56,59.0,SE
81.35,63.0,SE
83.14,71.0,SE
86.27,81.0,SE
88.06,86.0,SE
89.85,100.0,SE
92.98,106.0,SE
96.11,109.0,SE
100.13,102.0,SE
105.05,107.0,SE
110.86,77.0,SE
118.01,57.0,SE
125.16,63.0,SE
130.97,50.0,SE
135.89,46.0,SE
141.7,35.0,SE
146.62,67.0,SE
149.75,53.0,SE
153.77,59.0,SE
158.69,53.0,SE
163.61,78.0,SE
166.74,46.0,SE
169.87,45.0,SE
171.66,51.0,SE
174.79,58.0,SE
177.92,58.0,SE
181.05,56.0,SE
185.07,66.0,SE
188.2,72.0,SE
193.12,80.0,SE
198.04,79.0,SE
203.85,69.0,SE
211.9,73.0,SE
219.95,66.0,SE
227.1,62.0,SE
235.15,66.0,SE
243.2,61.0,SE
251.25,55.0,SE
259.3,55.0,SE
266.9,47.0,SE
0.89,48.0,cv
1.79,62.0,SE
4.92,57.0,SE
8.05,88.0,SE
11.18,96.0,SE
12.97,97.0,SE
14.76,95.0,SE
17.89,100.0,SE
19.68,100.0,SE
22.81,112.0,SE
26.83,115.0,SE
30.85,116.0,SE
33.98,116.0,SE
38.0,110.0,SE
15.19,97.0,SE
19.21,82.0,SE
24.13,73.0,SE
28.15,96.0,SE
32.17,107.0,SE
36.19,122.0,SE
37.98,137.0,SE
39.77,132.0,SE
41.56,153.0,SE
44.69,160.0,SE
46.48,177.0,SE
48.27,190.0,SE
0.89,186.0,cv
0.89,195.0,SE
0.89,153.0,cv
1.79,184.0,SE
4.92,171.0,SE
6.71,154.0,SE
9.84,253.0,SE
12.97,140.0,SE
16.1,113.0,SE
21.02,122.0,SE
26.83,119.0,SE
34.88,124.0,SE
40.69,105.0,SE
46.5,106.0,SE
52.31,104.0,SE
58.12,112.0,SE
59.91,109.0,SE
63.04,110.0,SE
66.17,100.0,SE
71.09,100.0,SE
74.22,99.0,SE
76.01,101.0,SE
79.14,100.0,SE
0.89,99.0,cv
1.79,97.0,SE
3.58,100.0,SE
5.37,95.0,SE
6.26,90.0,SE
9.39,99.0,SE
11.18,105.0,SE
1.79,112.0,cv
3.58,109.0,cv
1.79,116.0,SE
4.92,118.0,SE
8.05,112.0,SE
11.18,104.0,SE
0.89,112.0,cv
1.79,117.0,SE
1.79,139.0,cv
4.02,146.0,NE
4.91,150.0,NE
3.13,114.0,NW
6.26,61.0,NW
3.13,92.0,NE
1.79,96.0,NW
3.58,107.0,NW
6.71,82.0,NW
8.5,71.0,NW
1.79,58.0,NE
0.89,55.0,NW
4.02,62.0,NW
4.91,56.0,NW
8.04,52.0,NW
9.83,99.0,NW
1.79,65.0,cv
1.79,72.0,NW
1.79,85.0,cv
4.02,85.0,SE
7.15,44.0,SE
3.13,67.0,NW
4.92,26.0,SE
8.94,26.0,SE
12.96,28.0,SE
16.98,39.0,SE
1.79,49.0,cv
2.68,15.0,cv
4.02,12.0,NW
8.04,18.0,NW
0.89,29.0,cv
3.13,13.0,NW
7.15,14.0,NW
11.17,15.0,NW
19.22,17.0,NW
27.27,10.0,NW
35.32,10.0,NW
43.37,9.0,NW
52.31,9.0,NW
59.46,9.0,NW
66.61,8.0,NW
73.76,8.0,NW
79.57,9.0,NW
85.38,11.0,NW
94.32,13.0,NW
99.24,14.0,NW
110.42,12.0,NW
120.25,16.0,NW
129.19,10.0,NW
137.24,24.0,NW
147.08,14.0,NW
152.0,20.0,NW
156.92,10.0,NW
160.94,12.0,NW
165.86,17.0,NW
170.78,12.0,NW
175.7,16.0,NW
181.51,8.0,NW
185.53,11.0,NW
188.66,17.0,NW
192.68,8.0,NW
196.7,16.0,NW
200.72,15.0,NW
203.85,15.0,NW
206.98,13.0,NW
0.89,20.0,cv
1.79,9.0,SE
1.79,10.0,cv
5.81,11.0,NE
3.13,17.0,SE
7.15,18.0,SE
10.28,28.0,SE
16.09,28.0,SE
19.22,29.0,SE
21.01,33.0,SE
22.8,29.0,SE
25.93,33.0,SE
0.89,33.0,cv
1.79,31.0,SE
5.81,36.0,SE
9.83,45.0,SE
11.62,48.0,SE
0.89,57.0,cv
1.78,81.0,cv
1.79,98.0,SE
3.58,99.0,SE
1.79,143.0,cv
3.58,105.0,cv
1.79,83.0,SE
3.13,81.0,cv
5.81,128.0,SE
11.62,127.0,SE
20.56,64.0,SE
27.71,60.0,SE
32.63,100.0,SE
38.44,92.0,SE
44.25,116.0,SE
47.38,74.0,SE
4.02,64.0,NE
4.02,73.0,NW
8.94,69.0,NW
13.86,68.0,NW
4.02,37.0,NE
4.92,37.0,NW
5.81,32.0,NE
12.96,23.0,NE
21.01,18.0,NE
28.16,25.0,NE
8.94,34.0,NW
16.09,9.0,NW
21.01,12.0,NW
25.03,28.0,NW
29.95,9.0,NW
34.87,9.0,NW
39.79,11.0,NW
4.02,11.0,SE
7.15,8.0,SE
1.79,56.0,cv
4.92,15.0,NW
9.84,15.0,NW
3.13,48.0,SE
6.26,56.0,SE
9.39,45.0,SE
11.18,48.0,SE
0.89,53.0,cv
1.79,53.0,NE
2.68,70.0,NE
0.89,48.0,SE
0.45,58.0,cv
1.34,68.0,cv
1.79,57.0,NW
0.89,44.0,cv
7.59,30.0,cv
4.02,44.0,SE
8.94,37.0,SE
14.75,40.0,SE
20.56,45.0,SE
27.71,21.0,SE
31.73,18.0,SE
35.75,25.0,SE
38.88,27.0,SE
0.89,24.0,cv
1.79,22.0,SE
3.58,28.0,SE
0.89,40.0,cv
1.78,63.0,cv
2.67,78.0,cv
3.56,100.0,cv
4.45,109.0,cv
5.34,124.0,cv
1.79,125.0,SE
0.89,133.0,cv
1.78,133.0,cv
1.79,126.0,SE
4.92,142.0,SE
8.94,109.0,SE
14.75,43.0,SE
20.56,57.0,SE
26.37,90.0,SE
31.29,83.0,SE
38.44,60.0,SE
43.36,67.0,SE
49.17,67.0,SE
53.19,59.0,SE
54.98,64.0,SE
0.89,69.0,cv
1.79,67.0,SE
3.58,75.0,SE
5.37,65.0,SE
7.16,50.0,SE
1.79,41.0,NE
3.58,44.0,NE
1.79,74.0,SE
0.89,92.0,cv
1.78,103.0,cv
0.89,87.0,cv
1.78,85.0,cv
1.79,100.0,NW
1.79,100.0,SE
3.13,93.0,NW
6.26,86.0,NW
11.18,91.0,NW
3.13,99.0,SE
0.89,114.0,cv
1.79,123.0,SE
3.58,145.0,SE
1.79,163.0,NE
3.58,170.0,NE
1.79,163.0,SE
0.89,166.0,cv
1.78,167.0,cv
2.67,201.0,cv
0.89,201.0,NE
0.89,204.0,cv
0.89,217.0,NW
2.68,206.0,NW
0.89,241.0,cv
1.79,237.0,SE
3.58,231.0,SE
0.89,177.0,cv
3.13,160.0,SE
8.05,152.0,SE
13.86,102.0,SE
18.78,66.0,SE
22.8,69.0,SE
25.93,69.0,SE
17.88,82.0,NW
3.13,37.0,SE
4.92,47.0,SE
1.79,55.0,NE
3.58,58.0,NE
4.47,59.0,NE
4.02,66.0,cv
11.18,61.0,NW
20.12,35.0,NW
31.3,9.0,NW
37.11,7.0,NW
41.13,6.0,NW
0.89,7.0,cv
1.78,7.0,cv
3.13,20.0,NW
6.26,13.0,NW
10.28,27.0,NW
13.41,24.0,NW
16.54,14.0,NW
1.79,22.0,cv
4.02,33.0,SE
7.15,49.0,SE
10.28,26.0,SE
14.3,22.0,SE
17.43,27.0,SE
20.56,28.0,SE
24.58,40.0,SE
28.6,29.0,SE
31.73,33.0,SE
34.86,47.0,SE
36.65,53.0,SE
38.44,86.0,SE
0.89,151.0,cv
1.79,210.0,SE
0.89,188.0,NW
2.68,176.0,NW
0.89,184.0,NE
0.89,190.0,cv
1.78,196.0,cv
3.57,189.0,cv
4.46,165.0,cv
1.79,152.0,SE
0.89,126.0,cv
3.13,111.0,SE
6.26,112.0,SE
12.07,106.0,SE
16.09,76.0,SE
19.22,67.0,SE
24.14,92.0,SE
28.16,62.0,SE
31.29,75.0,SE
33.08,96.0,SE
34.87,123.0,SE
36.66,119.0,SE
38.45,121.0,SE
41.58,121.0,SE
45.6,121.0,SE
0.89,108.0,cv
1.79,117.0,SE
3.58,176.0,SE
7.6,199.0,SE
1.79,185.0,cv
2.68,173.0,cv
3.57,172.0,cv
1.79,141.0,SE
3.58,130.0,SE
1.79,132.0,cv
5.81,117.0,SE
12.96,91.0,SE
20.11,83.0,SE
25.92,71.0,SE
31.73,80.0,SE
36.65,92.0,SE
7.15,80.0,NE
12.96,48.0,NE
14.75,64.0,NE
17.88,74.0,NE
4.02,84.0,SE
7.15,96.0,SE
10.28,122.0,SE
12.07,53.0,SE
13.86,52.0,SE
0.89,57.0,cv
1.78,87.0,cv
1.79,95.0,SE
0.89,109.0,cv
1.78,96.0,cv
3.57,91.0,cv
5.36,82.0,cv
6.25,73.0,cv
3.13,81.0,SE
4.92,67.0,SE
3.13,74.0,cv
5.81,85.0,SE
12.96,29.0,SE
16.09,25.0,SE
0.89,39.0,cv
1.79,27.0,SE
0.89,33.0,cv
1.78,43.0,cv
1.79,55.0,NE
4.02,48.0,NW
8.04,20.0,NW
9.83,16.0,NW
0.89,18.0,NE
1.79,14.0,NW
2.68,12.0,NW
0.89,18.0,cv
0.89,10.0,NE
1.79,19.0,NW
4.92,15.0,NW
8.05,12.0,NW
12.07,11.0,NW
15.2,10.0,NW
18.33,11.0,NW
22.35,13.0,NW
3.13,22.0,cv
4.92,15.0,cv
5.81,14.0,cv
3.13,17.0,SE
6.26,46.0,SE
11.18,48.0,SE
14.31,49.0,SE
17.44,39.0,SE
20.57,34.0,SE
3.13,45.0,NE
3.13,52.0,SE
4.92,63.0,SE
0.89,79.0,cv
1.78,85.0,cv
1.79,95.0,SE
0.89,96.0,cv
1.78,98.0,cv
1.79,117.0,SE
3.58,119.0,SE
5.37,103.0,SE
1.79,98.0,cv
3.13,96.0,SE
6.26,98.0,SE
9.39,95.0,SE
1.79,88.0,cv
3.13,83.0,SE
6.26,69.0,SE
9.39,65.0,SE
13.41,63.0,SE
16.54,45.0,SE
18.33,70.0,SE
22.35,63.0,SE
24.14,116.0,SE
27.27,127.0,SE
31.29,132.0,SE
34.42,147.0,SE
37.55,156.0,SE
0.89,125.0,cv
1.78,100.0,cv
1.79,93.0,SE
3.58,94.0,SE
5.37,94.0,SE
7.16,133.0,SE
8.95,153.0,SE
1.79,187.0,cv
3.13,195.0,SE
7.15,205.0,SE
11.17,234.0,SE
18.32,236.0,SE
24.13,231.0,SE
29.94,220.0,SE
35.75,175.0,SE
38.88,146.0,SE
0.89,151.0,cv
4.02,141.0,SE
4.92,142.0,NW
8.05,123.0,NW
12.07,78.0,NW
1.79,54.0,NE
1.79,71.0,SE
0.89,106.0,cv
1.78,128.0,cv
0.89,124.0,SE
0.89,135.0,cv
1.78,167.0,cv
2.67,165.0,cv
1.79,171.0,SE
4.92,170.0,SE
8.05,156.0,SE
11.18,167.0,SE
14.31,175.0,SE
20.12,164.0,SE
25.93,153.0,SE
31.74,152.0,SE
35.76,158.0,SE
39.78,144.0,SE
42.91,142.0,SE
5.81,135.0,NE
4.02,165.0,SE
0.89,198.0,cv
1.78,195.0,cv
2.67,138.0,cv
1.79,154.0,NW
4.92,192.0,NW
10.73,177.0,NW
14.75,120.0,NW
0.89,96.0,cv
1.78,80.0,cv
1.79,91.0,NW
0.89,76.0,cv
1.78,69.0,cv
2.67,69.0,cv
1.79,80.0,SE
3.13,95.0,NE
3.13,95.0,SE
6.26,97.0,SE
8.05,124.0,SE
11.18,140.0,SE
14.31,123.0,SE
16.1,139.0,SE
16.99,144.0,SE
0.89,135.0,cv
1.79,137.0,SE
4.92,113.0,SE
0.89,117.0,cv
3.13,114.0,SE
6.26,115.0,SE
9.39,134.0,SE
11.18,134.0,SE
0.89,125.0,cv
1.78,106.0,cv
2.23,121.0,cv
3.13,110.0,NW
4.92,115.0,NW
0.89,102.0,cv
1.78,88.0,cv
2.67,87.0,cv
4.46,85.0,cv
6.25,88.0,cv
1.79,85.0,SE
3.13,80.0,cv
3.13,67.0,SE
1.79,66.0,cv
4.02,69.0,SE
8.04,79.0,SE
11.17,89.0,SE
12.96,87.0,SE
14.75,104.0,SE
15.64,135.0,SE
17.43,142.0,SE
18.32,151.0,SE
0.89,179.0,cv
1.79,190.0,SE
0.89,194.0,cv
1.78,212.0,cv
0.89,257.0,NE
1.78,244.0,NE
0.45,257.0,cv
1.34,227.0,cv
2.23,198.0,cv
3.12,180.0,cv
4.01,154.0,cv
1.79,132.0,NE
3.13,106.0,SE
1.79,95.0,cv
4.02,101.0,SE
8.04,110.0,SE
12.06,99.0,SE
16.98,113.0,SE
20.11,147.0,SE
25.03,269.0,SE
29.95,285.0,SE
33.97,245.0,SE
35.76,237.0,SE
37.55,221.0,SE
39.34,221.0,SE
42.47,201.0,SE
44.26,195.0,SE
0.89,205.0,cv
1.78,242.0,cv
0.89,235.0,SE
0.89,209.0,cv
1.78,199.0,cv
2.67,198.0,cv
3.56,205.0,cv
1.79,207.0,SE
1.79,201.0,cv
3.58,182.0,cv
1.79,167.0,SE
4.92,161.0,SE
8.94,167.0,SE
12.07,155.0,SE
16.09,149.0,SE
20.11,158.0,SE
24.13,203.0,SE
28.15,209.0,SE
32.17,206.0,SE
33.96,217.0,SE
34.85,222.0,SE
36.64,236.0,SE
38.43,207.0,SE
0.89,254.0,cv
1.78,205.0,cv
0.89,230.0,NE
0.89,214.0,cv
1.78,187.0,cv
2.67,192.0,cv
3.56,184.0,cv
1.79,174.0,SE
0.89,185.0,cv
2.68,173.0,cv
1.79,158.0,SE
4.92,165.0,SE
8.05,134.0,SE
13.86,104.0,SE
18.78,120.0,SE
22.8,111.0,SE
25.93,139.0,SE
27.72,173.0,SE
29.51,192.0,SE
30.4,181.0,SE
32.19,183.0,SE
33.98,199.0,SE
37.11,183.0,SE
40.24,158.0,SE
43.37,160.0,SE
44.26,161.0,SE
46.05,171.0,SE
47.84,176.0,SE
49.63,176.0,SE
51.42,172.0,SE
54.55,169.0,SE
58.57,178.0,SE
4.02,149.0,cv
7.15,164.0,SE
12.96,117.0,SE
18.77,120.0,SE
23.69,109.0,SE
29.5,106.0,SE
33.52,137.0,SE
37.54,91.0,SE
41.56,91.0,SE
43.35,101.0,SE
46.48,116.0,SE
49.61,145.0,SE
52.74,164.0,SE
55.87,166.0,SE
59.0,156.0,SE
62.13,146.0,SE
65.26,137.0,SE
68.39,145.0,SE
70.18,146.0,SE
0.89,204.0,cv
1.78,231.0,cv
1.79,217.0,SE
4.92,187.0,SE
8.05,194.0,SE
11.18,204.0,SE
0.89,251.0,cv
1.79,337.0,SE
3.58,402.0,SE
5.37,432.0,SE
7.16,442.0,SE
8.95,459.0,SE
10.74,445.0,SE
12.53,352.0,SE
15.66,399.0,SE
18.79,132.0,SE
21.92,99.0,SE
0.89,136.0,cv
1.79,139.0,SE
3.58,145.0,SE
5.37,152.0,SE
0.89,150.0,cv
1.79,152.0,SE
3.58,185.0,SE
6.71,166.0,SE
9.84,169.0,SE
12.97,182.0,SE
16.99,166.0,SE
21.01,160.0,SE
24.14,169.0,SE
28.16,185.0,SE
32.18,184.0,SE
36.2,182.0,SE
40.22,163.0,SE
45.14,179.0,SE
3.13,194.0,NE
4.92,133.0,NW
3.13,51.0,NE
3.13,44.0,SE
6.26,34.0,SE
10.28,36.0,SE
3.13,29.0,NE
6.26,49.0,NE
9.39,54.0,NE
13.41,22.0,NE
5.81,25.0,NW
10.73,11.0,NW
14.75,25.0,NW
17.88,18.0,NW
21.9,9.0,NW
26.82,8.0,NW
30.84,11.0,NW
34.86,16.0,NW
3.13,22.0,NE
1.79,18.0,cv
4.92,25.0,cv
6.71,20.0,cv
3.13,23.0,NW
4.02,25.0,SE
1.79,27.0,cv
4.92,34.0,cv
4.02,36.0,NW
8.04,35.0,NW
11.17,45.0,NW
1.79,48.0,cv
3.13,41.0,NW
4.92,51.0,NW
8.05,43.0,NW
9.84,50.0,NW
11.63,31.0,NW
0.89,34.0,cv
1.79,31.0,NW
3.58,22.0,NW
5.37,20.0,NW
3.13,22.0,NE
4.92,29.0,NE
1.79,23.0,SE
1.79,29.0,cv
3.13,30.0,SE
0.89,27.0,cv
2.68,18.0,cv
1.79,19.0,SE
3.58,22.0,SE
5.37,25.0,SE
0.89,25.0,cv
1.79,26.0,SE
0.89,40.0,cv
1.78,43.0,cv
3.13,62.0,SE
6.26,77.0,SE
8.05,102.0,SE
0.89,87.0,cv
1.79,91.0,SE
1.79,109.0,NW
5.81,134.0,NW
9.83,87.0,NW
13.85,56.0,NW
17.87,52.0,NW
21.0,52.0,NW
25.92,41.0,NW
31.73,29.0,NW
4.92,24.0,NE
8.05,16.0,NE
12.07,19.0,NE
13.86,16.0,NE
0.89,21.0,cv
1.79,20.0,NE
4.92,21.0,NE
8.05,24.0,NE
11.18,23.0,NE
12.07,27.0,NE
0.89,75.0,cv
1.79,64.0,NW
4.92,62.0,NW
8.05,72.0,NW
12.07,74.0,NW
15.2,49.0,NW
1.79,47.0,SE
0.89,57.0,cv
0.89,49.0,NE
1.78,81.0,NE
0.89,125.0,cv
1.78,127.0,cv
2.67,79.0,cv
4.46,59.0,cv
4.02,36.0,NW
1.79,26.0,cv
3.58,30.0,cv
3.13,16.0,SE
6.26,31.0,SE
11.18,39.0,SE
15.2,40.0,SE
19.22,51.0,SE
22.35,53.0,SE
24.14,58.0,SE
25.93,55.0,SE
29.06,56.0,SE
32.19,93.0,SE
33.08,108.0,SE
33.97,94.0,SE
35.76,112.0,SE
37.55,118.0,SE
1.79,121.0,NE
0.45,119.0,cv
0.89,127.0,SE
1.79,123.0,NW
0.89,125.0,cv
1.79,127.0,NE
1.79,205.0,SE
1.79,149.0,NE
1.79,162.0,SE
3.13,173.0,cv
3.13,202.0,SE
7.15,185.0,SE
11.17,166.0,SE
12.96,152.0,SE
16.09,137.0,SE
19.22,156.0,SE
22.35,132.0,SE
25.48,116.0,SE
28.61,113.0,SE
30.4,141.0,SE
0.89,177.0,cv
1.79,199.0,NE
0.89,226.0,cv
1.78,229.0,cv
2.23,242.0,cv
3.12,244.0,cv
0.89,265.0,SE
0.89,266.0,cv
1.79,259.0,SE
4.92,274.0,SE
6.71,275.0,SE
8.5,242.0,SE
10.29,232.0,SE
14.31,208.0,SE
18.33,204.0,SE
22.35,190.0,SE
27.27,223.0,SE
32.19,228.0,SE
37.11,243.0,SE
42.03,229.0,SE
46.95,224.0,SE
50.97,206.0,SE
0.89,226.0,cv
3.13,256.0,SE
6.26,266.0,SE
9.39,242.0,SE
11.18,255.0,SE
1.79,238.0,NE
0.89,229.0,cv
1.79,231.0,SE
4.92,219.0,SE
6.71,145.0,SE
0.89,35.0,cv
1.78,38.0,cv
1.79,37.0,NE
0.89,33.0,cv
1.78,48.0,cv
2.67,48.0,cv
1.79,47.0,NE
1.79,52.0,SE
1.79,58.0,cv
1.79,75.0,SE
3.13,113.0,NE
1.79,150.0,SE
3.58,213.0,SE
4.47,213.0,SE
6.26,218.0,SE
9.39,233.0,SE
11.18,245.0,SE
12.97,254.0,SE
0.89,232.0,cv
1.78,220.0,cv
1.79,222.0,SE
0.89,230.0,cv
0.89,226.0,SE
0.89,221.0,cv
4.92,206.0,SE
8.05,82.0,SE
0.89,29.0,cv
1.79,39.0,SE
4.92,61.0,SE
6.71,77.0,SE
3.13,93.0,NE
1.79,109.0,SE
0.89,94.0,cv
1.79,81.0,SE
0.89,91.0,cv
1.79,117.0,SE
3.58,121.0,SE
5.37,112.0,SE
0.89,108.0,cv
1.79,118.0,SE
0.89,133.0,cv
0.89,141.0,SE
0.89,150.0,cv
1.78,170.0,cv
1.79,165.0,NE
2.68,179.0,NE
0.89,153.0,cv
1.79,166.0,SE
0.89,165.0,cv
1.78,160.0,cv
4.02,176.0,NW
5.81,162.0,NW
0.89,144.0,cv
1.79,128.0,SE
3.58,140.0,SE
5.37,133.0,SE
0.89,122.0,cv
1.78,164.0,cv
2.67,155.0,cv
4.46,170.0,cv
1.79,164.0,SE
0.89,187.0,cv
1.78,187.0,cv
1.79,198.0,SE
2.68,202.0,SE
4.47,215.0,SE
0.89,195.0,cv
0.89,195.0,NE
0.89,245.0,cv
1.79,224.0,NW
4.92,220.0,NW
8.94,244.0,NW
12.96,238.0,NW
16.98,140.0,NW
20.11,72.0,NW
4.02,47.0,NE
3.13,30.0,NW
4.92,26.0,NW
3.13,25.0,cv
1.79,19.0,NE
1.79,26.0,cv
2.68,23.0,cv
1.79,30.0,SE
4.92,44.0,SE
8.94,46.0,SE
13.86,44.0,SE
17.88,46.0,SE
21.9,56.0,SE
1.79,72.0,NE
0.89,96.0,cv
1.79,108.0,NE
0.89,104.0,cv
0.89,74.0,NW
4.02,85.0,NW
7.15,55.0,NW
8.94,48.0,NW
10.73,46.0,NW
12.52,47.0,NW
0.89,36.0,cv
1.79,42.0,NW
0.89,36.0,cv
1.79,37.0,SE
4.92,40.0,SE
3.13,52.0,cv
1.79,71.0,SE
5.81,63.0,SE
8.94,88.0,SE
12.07,96.0,SE
16.09,73.0,SE
20.11,63.0,SE
25.03,61.0,SE
29.05,57.0,SE
33.07,65.0,SE
36.2,82.0,SE
40.22,86.0,SE
43.35,89.0,SE
46.48,67.0,SE
49.61,79.0,SE
52.74,95.0,SE
55.87,112.0,SE
59.0,105.0,SE
62.13,119.0,SE
63.92,134.0,SE
65.71,133.0,SE
67.5,144.0,SE
3.13,165.0,NE
4.02,153.0,NW
7.15,142.0,NW
1.79,141.0,NE
3.58,139.0,NE
5.37,152.0,NE
7.16,160.0,NE
0.89,145.0,SE
0.89,132.0,cv
0.89,141.0,SE
0.89,145.0,cv
1.34,152.0,cv
2.23,173.0,cv
3.12,199.0,cv
0.89,193.0,SE
0.89,193.0,NE
1.78,185.0,NE
2.67,184.0,NE
3.56,178.0,NE
0.89,145.0,cv
1.79,142.0,SE
0.89,158.0,cv
1.79,173.0,SE
1.79,164.0,cv
3.58,180.0,cv
4.92,181.0,SE
9.84,172.0,SE
13.86,171.0,SE
18.78,167.0,SE
23.7,170.0,SE
26.83,174.0,SE
28.62,171.0,SE
29.51,188.0,SE
34.43,179.0,SE
4.92,121.0,NW
1.79,66.0,NE
3.13,54.0,NW
1.79,56.0,NE
0.89,87.0,cv
7.15,48.0,NW
12.07,42.0,NW
16.09,44.0,NW
3.13,31.0,NE
4.02,12.0,NW
8.04,10.0,NW
16.09,11.0,NW
24.14,11.0,NW
29.95,16.0,NW
35.76,9.0,NW
4.02,16.0,cv
4.92,17.0,NW
3.13,16.0,SE
3.13,12.0,cv
4.02,21.0,SE
8.04,20.0,SE
9.83,22.0,SE
11.62,19.0,SE
14.75,23.0,SE
7.15,28.0,NW
1.79,21.0,NE
0.89,22.0,cv
1.79,31.0,NE
2.68,37.0,NE
0.89,38.0,cv
1.78,32.0,cv
1.79,27.0,NW
0.89,40.0,cv
1.78,37.0,cv
1.79,32.0,SE
4.92,26.0,SE
5.81,25.0,NW
9.83,18.0,NW
16.98,23.0,NW
24.13,14.0,NW
31.28,12.0,NW
38.43,16.0,NW
44.24,7.0,NW
51.39,9.0,NW
56.31,12.0,NW
60.33,16.0,NW
62.12,17.0,NW
0.89,17.0,cv
1.79,28.0,NW
4.92,18.0,NW
1.79,22.0,SE
3.13,34.0,NE
0.89,41.0,cv
0.89,21.0,NW
4.02,28.0,NW
7.15,25.0,NW
10.28,19.0,NW
12.07,14.0,NW
1.79,23.0,NE
1.79,18.0,NW
3.13,18.0,cv
4.92,12.0,cv
3.13,17.0,SE
1.79,14.0,cv
1.79,23.0,SE
5.81,18.0,SE
10.73,19.0,SE
14.75,21.0,SE
17.88,18.0,SE
19.67,23.0,SE
21.46,25.0,SE
22.35,29.0,SE
23.24,28.0,SE
0.89,42.0,cv
1.79,53.0,SE
3.58,57.0,SE
5.37,62.0,SE
0.89,80.0,cv
3.13,100.0,SE
6.26,93.0,SE
8.05,82.0,SE
9.84,79.0,SE
11.63,83.0,SE
1.79,75.0,cv
1.79,88.0,SE
0.89,90.0,cv
2.68,90.0,cv
1.79,79.0,SE
6.71,89.0,SE
10.73,87.0,SE
13.86,91.0,SE
16.99,73.0,SE
20.12,66.0,SE
21.01,72.0,SE
0.45,117.0,cv
3.13,111.0,SE
7.15,125.0,SE
10.28,146.0,SE
12.07,171.0,SE
12.96,185.0,SE
0.89,296.0,cv
1.78,275.0,cv
0.89,288.0,SE
0.45,298.0,cv
1.34,274.0,cv
3.13,281.0,SE
6.26,280.0,SE
9.39,249.0,SE
11.18,239.0,SE
1.79,218.0,cv
4.02,197.0,SE
8.04,154.0,SE
12.96,130.0,SE
16.98,122.0,SE
21.0,125.0,SE
24.13,118.0,SE
27.26,153.0,SE
30.39,132.0,SE
33.52,91.0,SE
37.54,102.0,SE
40.67,113.0,SE
44.69,112.0,SE
47.82,96.0,SE
50.95,107.0,SE
0.89,118.0,cv
1.79,105.0,SE
0.89,104.0,cv
3.13,107.0,SE
4.92,127.0,SE
8.05,128.0,SE
11.18,111.0,SE
12.97,126.0,SE
16.1,109.0,SE
1.79,108.0,cv
3.13,122.0,SE
6.26,112.0,SE
8.05,112.0,SE
11.18,100.0,SE
14.31,109.0,SE
17.44,99.0,SE
20.57,92.0,SE
21.46,113.0,SE
0.89,117.0,cv
3.13,117.0,SE
4.92,112.0,SE
9.84,120.0,SE
13.86,116.0,SE
16.99,87.0,SE
20.12,95.0,SE
23.25,92.0,SE
25.04,89.0,SE
28.17,102.0,SE
31.3,99.0,SE
33.09,97.0,SE
34.88,92.0,SE
38.01,91.0,SE
1.79,95.0,cv
3.13,95.0,SE
0.89,102.0,cv
1.79,103.0,SE
4.92,101.0,SE
8.05,89.0,SE
11.18,87.0,SE
14.31,84.0,SE
17.44,91.0,SE
19.23,91.0,SE
22.36,97.0,SE
26.38,93.0,SE
29.51,81.0,SE
32.64,80.0,SE
34.43,77.0,SE
0.89,80.0,cv
1.78,82.0,cv
0.89,85.0,NE
1.79,78.0,SE
0.89,90.0,cv
1.79,86.0,SE
3.58,94.0,SE
5.37,95.0,SE
7.16,125.0,SE
0.89,131.0,cv
1.79,135.0,NE
0.89,144.0,cv
1.79,144.0,NW
1.79,133.0,cv
3.13,132.0,SE
1.79,137.0,cv
3.13,141.0,NE
1.79,133.0,SE
3.58,94.0,SE
6.71,83.0,SE
13.86,71.0,SE
16.99,62.0,SE
18.78,44.0,SE
20.57,39.0,SE
1.79,42.0,cv
4.02,58.0,NW
8.04,59.0,NW
11.17,57.0,NW
1.79,59.0,SE
3.58,52.0,SE
0.89,64.0,cv
1.79,70.0,NE
0.89,66.0,cv
1.78,66.0,cv
1.79,70.0,SE
3.58,83.0,SE
8.5,103.0,SE
11.63,109.0,SE
15.65,91.0,SE
18.78,90.0,SE
21.91,88.0,SE
25.93,97.0,SE
27.72,107.0,SE
30.85,94.0,SE
32.64,74.0,SE
34.43,100.0,SE
37.56,72.0,SE
39.35,78.0,SE
41.14,80.0,SE
44.27,77.0,SE
47.4,86.0,SE
49.19,108.0,SE
0.89,90.0,cv
1.78,73.0,cv
2.67,71.0,cv
4.46,54.0,cv
5.35,52.0,cv
6.24,55.0,cv
9.37,69.0,cv
3.13,70.0,SE
6.26,87.0,SE
9.39,75.0,SE
12.52,84.0,SE
16.54,91.0,SE
19.67,90.0,SE
22.8,92.0,SE
24.59,96.0,SE
8.94,84.0,NW
7.15,37.0,SE
8.04,47.0,SE
3.13,48.0,NW
1.79,63.0,SE
0.89,67.0,cv
1.79,69.0,NW
0.89,71.0,SE
0.45,80.0,cv
1.79,82.0,NW
3.58,93.0,NW
5.37,97.0,NW
0.89,121.0,cv
1.79,137.0,SE
0.89,147.0,cv
2.68,166.0,cv
3.57,181.0,cv
1.79,186.0,SE
3.58,200.0,SE
9.39,75.0,SE
12.52,77.0,SE
14.31,87.0,SE
16.1,61.0,SE
19.23,75.0,SE
0.89,87.0,cv
1.79,93.0,SE
1.79,88.0,NE
1.79,117.0,NW
3.58,77.0,NW
4.47,61.0,NW
6.26,58.0,NW
8.05,54.0,NW
9.84,69.0,NW
11.63,62.0,NW
14.76,64.0,NW
16.55,74.0,NW
0.89,74.0,cv
1.79,69.0,NW
0.89,76.0,cv
2.68,101.0,cv
1.79,119.0,SE
0.89,127.0,cv
1.78,128.0,cv
2.67,128.0,cv
1.79,144.0,NW
5.81,142.0,NW
8.94,134.0,NW
12.96,149.0,NW
0.89,151.0,cv
1.34,160.0,cv
1.79,157.0,cv
3.13,165.0,NW
7.15,181.0,NW
8.04,174.0,NW
1.79,140.0,NE
0.89,126.0,NW
2.68,121.0,NW
4.47,130.0,NW
0.89,131.0,cv
1.79,140.0,NW
4.92,150.0,NW
4.02,117.0,NE
3.13,105.0,NW
4.92,66.0,NW
8.05,62.0,NW
0.89,68.0,cv
3.13,75.0,SE
4.92,73.0,SE
6.71,72.0,SE
8.5,65.0,SE
11.63,79.0,SE
15.65,83.0,SE
17.44,50.0,SE
0.89,44.0,cv
1.78,45.0,cv
2.67,51.0,cv
3.13,57.0,SE
4.02,53.0,SE
7.15,27.0,SE
10.28,21.0,SE
0.89,28.0,cv
1.78,16.0,cv
1.79,10.0,NW
4.92,13.0,NW
8.05,14.0,NW
11.18,11.0,NW
15.2,26.0,NW
0.89,24.0,cv
4.02,21.0,SE
7.15,14.0,SE
10.28,47.0,SE
13.41,58.0,SE
16.54,61.0,SE
19.67,65.0,SE
21.46,56.0,SE
0.89,63.0,NE
0.89,80.0,SE
1.79,84.0,NE
0.89,116.0,cv
0.89,100.0,SE
0.89,107.0,NW
1.79,86.0,SE
0.89,87.0,cv
0.89,89.0,NE
0.89,83.0,cv
1.78,77.0,cv
1.79,65.0,NE
1.79,83.0,SE
3.58,103.0,SE
5.37,90.0,SE
0.89,92.0,cv
1.78,95.0,cv
3.57,111.0,cv
4.02,112.0,SE
8.04,87.0,SE
13.85,88.0,SE
17.87,88.0,SE
21.89,86.0,SE
25.02,78.0,SE
28.15,75.0,SE
31.28,91.0,SE
33.07,91.0,SE
34.86,106.0,SE
36.65,94.0,SE
39.78,118.0,SE
42.91,129.0,SE
46.04,116.0,SE
49.17,119.0,SE
52.3,118.0,SE
54.09,65.0,SE
55.88,59.0,SE
57.67,74.0,SE
59.46,111.0,SE
61.25,146.0,SE
63.04,155.0,SE
64.83,161.0,SE
0.89,170.0,cv
1.79,189.0,SE
3.58,196.0,SE
6.71,203.0,SE
9.84,211.0,SE
11.63,230.0,SE
13.42,256.0,SE
0.89,271.0,cv
1.79,291.0,SE
3.58,271.0,SE
5.37,273.0,SE
0.89,261.0,NE
0.89,296.0,cv
1.78,321.0,cv
2.67,290.0,cv
0.89,288.0,NE
0.89,293.0,cv
1.78,307.0,cv
2.67,335.0,cv
1.79,330.0,SE
0.89,334.0,cv
1.79,334.0,SE
0.89,336.0,cv
1.79,302.0,SE
0.89,308.0,cv
1.79,299.0,SE
3.58,293.0,SE
5.37,269.0,SE
0.89,206.0,cv
1.79,223.0,SE
3.58,235.0,SE
5.37,244.0,SE
7.16,237.0,SE
8.05,277.0,SE
9.84,300.0,SE
12.97,361.0,SE
16.1,325.0,SE
19.23,330.0,SE
21.02,354.0,SE
22.81,321.0,SE
0.89,383.0,cv
3.13,355.0,SE
0.89,354.0,cv
3.13,375.0,SE
6.26,390.0,SE
9.39,376.0,SE
0.89,356.0,cv
1.79,375.0,SE
4.92,337.0,SE
8.05,310.0,SE
8.05,127.0,NW
11.18,38.0,NW
15.2,62.0,NW
21.01,49.0,NW
24.14,59.0,NW
3.13,53.0,NE
4.92,51.0,NE
3.13,23.0,NW
4.92,19.0,NW
0.89,20.0,cv
1.78,32.0,cv
2.67,31.0,cv
3.56,40.0,cv
1.79,41.0,SE
0.89,38.0,cv
0.89,31.0,SE
0.89,38.0,cv
1.78,57.0,cv
2.67,58.0,cv
3.56,64.0,cv
1.79,56.0,NE
1.79,48.0,SE
3.13,41.0,NW
6.26,27.0,NW
1.79,34.0,NE
3.58,29.0,NE
5.37,34.0,NE
1.79,40.0,SE
3.58,40.0,SE
4.47,63.0,SE
0.89,111.0,cv
0.89,118.0,NE
1.78,84.0,NE
0.89,85.0,cv
1.79,100.0,NE
0.89,102.0,NW
0.89,80.0,cv
0.89,73.0,NW
2.68,47.0,NW
4.47,38.0,NW
0.45,39.0,cv
3.13,25.0,NW
1.79,24.0,NE
3.13,22.0,NW
1.79,24.0,NE
0.89,23.0,cv
1.79,30.0,NE
1.79,36.0,SE
4.92,45.0,SE
8.94,42.0,SE
12.07,33.0,SE
16.09,35.0,SE
19.22,55.0,SE
21.01,60.0,SE
22.8,60.0,SE
25.93,56.0,SE
33.98,70.0,SE
3.13,32.0,NE
3.13,37.0,SE
1.79,39.0,NE
3.58,61.0,NE
1.79,53.0,NW
5.81,48.0,NW
7.6,40.0,NW
0.89,37.0,cv
1.78,42.0,cv
2.67,51.0,cv
1.79,68.0,SE
3.58,77.0,SE
6.71,88.0,SE
9.84,72.0,SE
13.86,65.0,SE
17.88,67.0,SE
21.01,55.0,SE
24.14,62.0,SE
28.16,73.0,SE
31.29,84.0,SE
32.18,90.0,SE
33.07,102.0,SE
33.96,93.0,SE
34.85,99.0,SE
37.98,116.0,SE
39.77,151.0,SE
42.9,171.0,SE
44.69,179.0,SE
46.48,183.0,SE
48.27,190.0,SE
50.06,202.0,SE
53.19,209.0,SE
54.98,226.0,SE
0.89,220.0,cv
3.13,218.0,SE
4.92,201.0,SE
1.79,201.0,cv
3.58,213.0,cv
1.79,210.0,SE
5.81,233.0,SE
8.94,215.0,SE
12.07,184.0,SE
13.86,186.0,SE
15.65,187.0,SE
17.44,209.0,SE
19.23,238.0,SE
21.02,259.0,SE
0.89,269.0,cv
1.79,286.0,SE
4.92,311.0,SE
0.89,306.0,cv
1.79,307.0,SE
0.89,313.0,cv
1.79,300.0,SE
0.89,284.0,NE
1.79,273.0,SE
3.58,264.0,SE
7.15,88.0,NW
11.17,50.0,NW
4.02,49.0,NE
3.13,42.0,NW
4.92,43.0,NW
12.07,32.0,NW
4.02,54.0,NE
3.13,66.0,NW
6.26,50.0,NW
9.39,38.0,NW
13.41,43.0,NW
18.33,56.0,NW
24.14,49.0,NW
27.27,37.0,NW
30.4,41.0,NW
1.79,39.0,SE
1.79,36.0,NE
4.92,41.0,NE
6.71,35.0,NE
4.02,40.0,NW
7.15,36.0,NW
4.02,39.0,NE
4.02,32.0,NW
8.04,27.0,NW
9.83,35.0,NW
12.96,38.0,NW
16.09,35.0,NW
19.22,18.0,NW
1.79,33.0,cv
2.68,30.0,cv
3.57,37.0,cv
1.79,51.0,SE
3.58,54.0,SE
6.71,48.0,SE
10.73,44.0,SE
13.86,56.0,SE
17.88,57.0,SE
21.01,62.0,SE
25.03,58.0,SE
0.89,61.0,cv
0.89,77.0,SE
0.89,78.0,NE
1.78,86.0,NE
2.67,102.0,NE
3.56,87.0,NE
3.13,72.0,NW
6.26,73.0,NW
10.28,59.0,NW
14.3,64.0,NW
17.43,51.0,NW
19.22,29.0,NW
1.79,38.0,NE
3.58,46.0,NE
5.37,37.0,NE
6.26,20.0,NE
1.79,41.0,cv
3.13,47.0,SE
4.92,82.0,SE
8.05,88.0,SE
12.07,104.0,SE
3.13,59.0,SE
7.15,46.0,SE
12.07,49.0,SE
16.99,46.0,SE
21.91,49.0,SE
26.83,50.0,SE
30.85,66.0,SE
34.87,68.0,SE
36.66,74.0,SE
39.79,75.0,SE
43.81,81.0,SE
46.94,70.0,SE
50.07,85.0,SE
51.86,77.0,SE
53.65,86.0,SE
55.44,101.0,SE
57.23,98.0,SE
0.89,91.0,cv
0.89,108.0,SE
1.78,110.0,SE
3.57,109.0,SE
1.79,119.0,cv
2.68,113.0,cv
1.79,114.0,NW
0.89,106.0,cv
1.79,103.0,SE
3.58,109.0,SE
7.6,114.0,SE
11.62,101.0,SE
15.64,100.0,SE
20.56,117.0,SE
23.69,115.0,SE
25.48,117.0,SE
0.89,101.0,cv
1.34,107.0,cv
1.79,118.0,SE
3.58,138.0,SE
5.37,166.0,SE
7.16,144.0,SE
8.05,146.0,SE
8.94,154.0,SE
10.73,166.0,SE
12.52,190.0,SE
0.89,205.0,cv
1.79,200.0,SE
3.58,178.0,SE
5.37,134.0,SE
7.16,134.0,SE
10.29,144.0,SE
13.42,142.0,SE
17.44,140.0,SE
21.46,132.0,SE
24.59,143.0,SE
27.72,144.0,SE
30.85,175.0,SE
33.98,154.0,SE
37.11,142.0,SE
40.24,119.0,SE
42.03,104.0,SE
43.82,114.0,SE
46.95,112.0,SE
61.23,105.0,SE
4.92,115.0,NW
8.05,107.0,NW
12.07,135.0,NW
15.2,109.0,NW
1.79,98.0,NE
1.79,90.0,NW
3.58,91.0,NW
1.79,84.0,NE
3.58,87.0,NE
0.89,75.0,cv
1.79,102.0,SE
4.92,104.0,SE
8.05,92.0,SE
11.18,97.0,SE
12.97,94.0,SE
14.76,92.0,SE
16.55,98.0,SE
18.34,139.0,SE
21.92,194.0,SE
23.71,209.0,SE
25.5,208.0,SE
27.29,211.0,SE
0.89,201.0,cv
1.78,226.0,cv
1.79,214.0,SE
3.58,212.0,SE
0.89,227.0,cv
1.78,217.0,cv
2.67,212.0,cv
1.79,230.0,NW
0.89,202.0,cv
1.79,195.0,SE
4.92,221.0,SE
8.05,201.0,SE
9.84,202.0,SE
9.83,102.0,NW
17.88,34.0,NW
0.89,30.0,cv
4.92,36.0,SE
3.13,42.0,NW
19.68,58.0,SE
21.47,54.0,SE
0.89,70.0,cv
1.79,74.0,NE
0.89,64.0,SE
1.79,82.0,NE
0.89,119.0,cv
0.89,146.0,NE
1.78,121.0,NE
1.79,64.0,NW
3.58,51.0,NW
0.89,61.0,cv
1.79,83.0,SE
0.89,96.0,cv
1.78,80.0,cv
1.79,87.0,SE
3.58,91.0,SE
12.97,103.0,SE
16.1,101.0,SE
17.89,111.0,SE
19.68,108.0,SE
21.47,113.0,SE
24.6,130.0,SE
26.39,133.0,SE
28.18,161.0,SE
29.97,123.0,SE
31.76,115.0,SE
0.89,111.0,cv
0.89,105.0,SE
0.89,111.0,NE
1.79,103.0,SE
0.89,107.0,cv
0.89,125.0,SE
0.89,128.0,cv
1.78,141.0,cv
1.79,112.0,SE
0.89,118.0,cv
3.13,132.0,SE
6.26,153.0,SE
8.05,159.0,SE
11.18,151.0,SE
14.31,161.0,SE
17.44,148.0,SE
20.57,138.0,SE
23.7,171.0,SE
27.72,174.0,SE
29.51,154.0,SE
32.64,140.0,SE
0.89,130.0,cv
1.79,113.0,SE
3.58,100.0,SE
6.71,98.0,SE
9.84,91.0,SE
11.63,86.0,SE
13.42,96.0,SE
15.21,92.0,SE
18.34,99.0,SE
21.47,116.0,SE
23.26,110.0,SE
25.05,132.0,SE
26.84,137.0,SE
29.97,135.0,SE
33.1,125.0,SE
36.23,148.0,SE
39.36,134.0,SE
42.49,134.0,SE
45.62,147.0,SE
48.75,141.0,SE
50.54,142.0,SE
52.33,130.0,SE
54.12,123.0,SE
55.01,131.0,SE
56.8,135.0,SE
58.59,125.0,SE
60.38,138.0,SE
4.02,153.0,NW
3.13,31.0,SE
4.02,47.0,NW
5.81,56.0,NW
1.79,46.0,NE
0.89,33.0,cv
1.79,40.0,NE
0.89,41.0,cv
1.79,65.0,SE
3.58,110.0,SE
5.37,108.0,SE
7.16,93.0,SE
8.95,107.0,SE
10.74,100.0,SE
0.89,97.0,cv
1.78,120.0,cv
3.13,122.0,NW
3.13,128.0,SE
6.26,158.0,SE
0.89,206.0,cv
3.13,221.0,NE
3.13,156.0,SE
1.79,165.0,NE
1.79,160.0,SE
4.92,175.0,SE
8.05,158.0,SE
9.84,137.0,SE
11.63,128.0,SE
14.76,126.0,SE
16.55,124.0,SE
18.34,109.0,SE
20.13,107.0,SE
21.92,99.0,SE
1.79,143.0,NE
4.92,118.0,NE
8.05,116.0,NE
1.79,109.0,SE
0.89,109.0,cv
1.79,109.0,NE
0.89,87.0,cv
1.78,100.0,cv
0.89,117.0,SE
1.79,107.0,NW
1.79,110.0,NE
4.02,107.0,NW
3.13,38.0,NE
4.92,10.0,NE
0.89,7.0,cv
0.89,6.0,NE
0.89,9.0,cv
4.02,8.0,NW
7.15,8.0,NW
11.17,17.0,NW
14.3,21.0,NW
18.32,16.0,NW
21.45,17.0,NW
25.47,13.0,NW
30.39,7.0,NW
4.02,7.0,NE
8.04,11.0,NE
12.06,7.0,NE
3.13,4.0,SE
4.92,4.0,SE
8.05,8.0,SE
9.84,17.0,SE
13.86,24.0,SE
16.99,35.0,SE
20.12,32.0,SE
21.91,37.0,SE
23.7,45.0,SE
0.89,45.0,cv
1.79,51.0,SE
0.89,67.0,NE
1.78,68.0,NE
2.67,66.0,NE
0.89,63.0,cv
0.89,74.0,NE
0.89,74.0,cv
1.78,69.0,cv
2.67,59.0,cv
1.79,69.0,SE
4.92,88.0,NW
9.84,88.0,NW
1.79,67.0,NE
3.13,48.0,NW
8.05,37.0,NW
12.97,37.0,NW
17.89,22.0,NW
23.7,16.0,NW
26.83,29.0,NW
30.85,31.0,NW
34.87,25.0,NW
38.89,19.0,NW
42.91,17.0,NW
3.13,16.0,SE
4.92,16.0,SE
6.71,18.0,SE
0.89,7.0,NW
0.89,3.0,cv
1.78,2.0,cv
0.89,5.0,NE
0.89,10.0,SE
3.13,12.0,NW
6.26,11.0,NW
9.39,10.0,NW
1.79,8.0,cv
3.58,9.0,cv
1.79,18.0,NW
1.79,22.0,SE
4.92,29.0,SE
9.84,23.0,SE
16.99,21.0,SE
21.91,29.0,SE
26.83,37.0,SE
29.96,37.0,SE
33.98,49.0,SE
37.11,44.0,SE
40.24,47.0,SE
43.37,48.0,SE
44.26,55.0,SE
46.05,61.0,SE
0.89,56.0,cv
0.89,51.0,SE
0.89,62.0,cv
0.89,63.0,SE
0.89,60.0,cv
1.78,75.0,cv
2.67,77.0,cv
1.79,67.0,NE
3.13,87.0,cv
4.02,81.0,SE
8.94,59.0,SE
12.96,48.0,SE
16.98,54.0,SE
21.0,48.0,SE
24.13,42.0,SE
27.26,34.0,SE
30.39,48.0,SE
34.41,54.0,SE
36.2,50.0,SE
37.99,51.0,SE
39.78,69.0,SE
41.57,67.0,SE
43.36,68.0,SE
45.15,85.0,SE
46.94,76.0,SE
1.79,81.0,NE
3.58,82.0,NE
5.37,96.0,NE
0.89,89.0,cv
1.78,120.0,cv
1.79,124.0,NE
0.89,106.0,cv
1.78,79.0,cv
1.79,85.0,SE
3.58,92.0,SE
6.71,99.0,SE
9.84,97.0,SE
13.86,74.0,SE
16.99,54.0,SE
21.01,47.0,SE
24.14,45.0,SE
27.27,44.0,SE
31.29,54.0,SE
0.89,45.0,cv
1.79,57.0,SE
2.68,60.0,SE
4.47,61.0,SE
1.79,73.0,NE
2.68,90.0,NE
0.89,92.0,cv
0.89,105.0,NE
1.78,102.0,NE
0.89,110.0,cv
1.78,118.0,cv
1.79,107.0,NW
0.89,92.0,cv
1.79,85.0,SE
1.79,91.0,cv
1.79,100.0,SE
5.81,79.0,SE
11.62,48.0,SE
16.54,52.0,SE
20.56,69.0,SE
25.48,71.0,SE
28.61,72.0,SE
1.79,77.0,NE
0.89,92.0,cv
1.78,104.0,cv
1.79,106.0,SE
4.92,120.0,SE
1.79,127.0,NE
0.89,145.0,cv
1.78,134.0,cv
2.67,139.0,cv
1.79,81.0,NW
0.89,53.0,cv
1.79,97.0,NW
0.89,94.0,cv
1.78,99.0,cv
3.57,110.0,cv
5.36,117.0,cv
3.13,114.0,SE
7.15,92.0,SE
11.17,74.0,SE
15.19,81.0,SE
18.32,98.0,SE
20.11,120.0,SE
0.89,113.0,cv
4.02,104.0,cv
1.79,130.0,NE
8.5,92.0,SE
1.78,137.0,cv
1.79,132.0,SE
4.92,134.0,SE
4.92,129.0,NW
3.13,109.0,SE
7.15,93.0,SE
12.07,87.0,SE
13.86,88.0,SE
16.99,94.0,SE
21.91,70.0,SE
1.79,88.0,NE
1.79,113.0,NW
1.79,115.0,NE
0.89,96.0,cv
1.79,87.0,NW
3.58,93.0,NW
0.89,98.0,cv
1.79,97.0,SE
3.58,97.0,SE
5.37,103.0,SE
7.16,111.0,SE
0.89,110.0,cv
1.79,117.0,SE
4.92,125.0,SE
8.05,106.0,SE
11.18,91.0,SE
14.31,80.0,SE
3.13,97.0,NE
4.92,98.0,NW
6.71,92.0,NW
10.73,93.0,NW
12.52,85.0,NW
1.79,95.0,NE
0.45,93.0,cv
1.79,96.0,NE
0.89,92.0,cv
1.78,109.0,cv
2.67,118.0,cv
1.79,121.0,NW
2.68,108.0,NW
0.89,121.0,cv
1.34,126.0,cv
2.23,114.0,cv
3.12,116.0,cv
1.79,120.0,NE
4.92,126.0,NE
5.81,35.0,NW
8.94,32.0,NW
9.83,31.0,NW
13.85,57.0,NW
16.98,69.0,NW
20.11,70.0,NW
23.24,82.0,NW
26.37,75.0,NW
29.5,80.0,NW
32.63,71.0,NW
35.76,80.0,NW
37.55,95.0,NW
40.68,108.0,NW
0.89,118.0,cv
1.78,118.0,cv
2.67,111.0,cv
0.89,118.0,NE
0.89,111.0,SE
2.68,111.0,SE
4.47,103.0,SE
0.89,92.0,cv
1.78,111.0,cv
2.67,124.0,cv
1.79,112.0,NW
3.58,120.0,NW
5.37,115.0,NW
1.79,95.0,SE
3.58,110.0,SE
6.71,109.0,SE
9.84,71.0,SE
12.97,80.0,SE
17.89,64.0,SE
21.91,87.0,SE
25.93,58.0,SE
29.06,69.0,SE
30.85,56.0,SE
0.89,55.0,cv
0.89,52.0,SE
0.45,62.0,cv
1.34,78.0,cv
2.23,78.0,cv
1.79,86.0,NW
0.89,102.0,cv
1.34,98.0,cv
1.79,122.0,NW
2.68,100.0,NW
4.47,103.0,NW
6.26,97.0,NW
8.05,101.0,NW
11.18,98.0,NW
1.79,84.0,NE
0.89,84.0,cv
1.79,77.0,NE
3.13,83.0,NW
4.92,89.0,NW
1.79,86.0,SE
3.58,84.0,SE
5.37,63.0,SE
9.39,75.0,SE
13.41,72.0,SE
17.43,75.0,SE
0.89,69.0,cv
1.78,75.0,cv
2.67,69.0,cv
0.89,65.0,SE
0.89,76.0,cv
1.34,98.0,cv
2.23,114.0,cv
3.12,124.0,cv
4.01,143.0,cv
0.89,129.0,NW
0.89,150.0,cv
1.78,151.0,cv
1.79,146.0,SE
0.89,160.0,cv
2.68,129.0,cv
3.13,104.0,SE
4.92,102.0,SE
8.05,90.0,SE
12.97,93.0,SE
16.1,93.0,SE
17.89,100.0,SE
19.68,104.0,SE
21.47,117.0,SE
0.89,135.0,cv
0.89,179.0,SE
0.89,188.0,cv
1.79,202.0,NE
2.68,184.0,NE
3.57,195.0,NE
5.36,203.0,NE
7.15,191.0,NE
0.89,178.0,NW
0.89,171.0,cv
0.89,171.0,NE
0.89,166.0,cv
1.78,172.0,cv
2.67,169.0,cv
3.56,174.0,cv
1.79,152.0,NE
3.13,143.0,SE
1.79,141.0,cv
1.79,134.0,SE
4.92,136.0,SE
8.05,141.0,SE
12.07,147.0,SE
15.2,161.0,SE
18.33,152.0,SE
20.12,148.0,SE
0.89,155.0,cv
0.89,172.0,SE
1.78,193.0,SE
2.67,205.0,SE
0.89,203.0,NE
0.89,211.0,cv
0.89,204.0,SE
1.78,201.0,SE
0.89,206.0,cv
1.78,205.0,cv
2.67,204.0,cv
3.56,205.0,cv
1.79,210.0,NW
1.79,201.0,cv
2.68,213.0,cv
1.79,204.0,SE
1.79,233.0,cv
1.79,233.0,SE
0.89,266.0,cv
1.79,240.0,NE
3.58,269.0,NE
0.89,272.0,cv
1.78,316.0,cv
2.67,309.0,cv
3.13,300.0,NE
6.26,341.0,NE
5.81,280.0,NW
3.13,96.0,NE
4.92,36.0,NE
4.02,41.0,SE
8.94,52.0,SE
12.96,25.0,SE
16.09,16.0,SE
17.88,13.0,SE
21.01,14.0,SE
1.79,16.0,cv
1.79,27.0,SE
3.13,22.0,NW
1.79,27.0,cv
3.13,23.0,SE
7.15,19.0,SE
11.17,22.0,SE
15.19,12.0,SE
19.21,23.0,SE
23.23,20.0,SE
28.15,24.0,SE
32.17,31.0,SE
35.3,32.0,SE
37.09,32.0,SE
37.98,31.0,SE
38.87,39.0,SE
39.76,32.0,SE
40.65,40.0,SE
0.89,36.0,cv
1.78,43.0,cv
2.23,58.0,cv
2.68,82.0,cv
3.13,83.0,cv
1.79,81.0,NE
1.79,88.0,NW
1.79,78.0,cv
1.79,52.0,SE
1.79,40.0,cv
3.58,39.0,cv
6.71,37.0,cv
9.84,31.0,cv
4.02,57.0,SE
8.04,59.0,SE
12.06,49.0,SE
13.85,57.0,SE
15.64,51.0,SE
17.43,71.0,SE
20.56,72.0,SE
22.35,50.0,SE
0.89,47.0,cv
1.79,39.0,SE
1.79,49.0,NE
0.89,60.0,cv
1.78,82.0,cv
0.89,78.0,NW
0.89,79.0,SE
0.89,102.0,cv
1.78,96.0,cv
1.79,103.0,SE
4.92,99.0,SE
8.05,107.0,SE
12.07,89.0,SE
16.09,69.0,SE
20.11,78.0,SE
24.13,61.0,SE
29.05,69.0,SE
33.97,69.0,SE
37.99,81.0,SE
39.78,105.0,SE
42.91,107.0,SE
0.89,102.0,cv
3.13,121.0,SE
4.92,137.0,SE
5.81,169.0,SE
0.89,191.0,NE
2.68,191.0,NE
0.89,189.0,NW
0.89,160.0,cv
1.34,159.0,cv
2.23,112.0,cv
3.12,111.0,cv
4.02,83.0,NW
5.81,65.0,NW
1.79,66.0,NE
1.79,76.0,NW
3.13,79.0,cv
4.92,63.0,cv
1.79,58.0,SE
1.79,56.0,cv
3.58,62.0,cv
3.13,58.0,SE
7.15,52.0,SE
10.28,35.0,SE
13.41,36.0,SE
16.54,39.0,SE
18.33,37.0,SE
0.89,48.0,cv
1.79,73.0,SE
1.79,78.0,NE
0.89,90.0,cv
1.78,81.0,cv
2.67,93.0,cv
3.12,83.0,cv
0.89,78.0,NE
0.89,85.0,cv
1.78,96.0,cv
1.79,146.0,SE
3.58,163.0,SE
5.37,161.0,SE
10.29,151.0,SE
14.31,105.0,SE
18.33,101.0,SE
22.35,92.0,SE
25.48,118.0,SE
29.5,96.0,SE
32.63,51.0,SE
35.76,38.0,SE
37.55,58.0,SE
39.34,55.0,SE
0.45,41.0,cv
1.34,36.0,cv
2.23,49.0,cv
0.89,50.0,SE
0.89,51.0,cv
1.78,60.0,cv
2.67,73.0,cv
3.56,86.0,cv
4.45,157.0,cv
0.89,100.0,NW
1.79,109.0,NE
3.58,117.0,NE
0.89,95.0,cv
1.79,85.0,SE
4.92,103.0,SE
8.05,127.0,SE
12.07,108.0,SE
16.09,85.0,SE
21.01,98.0,SE
25.93,125.0,SE
29.06,155.0,SE
32.19,143.0,SE
33.98,160.0,SE
37.11,164.0,SE
38.9,200.0,SE
40.69,194.0,SE
42.48,195.0,SE
44.27,206.0,SE
46.06,221.0,SE
47.85,217.0,SE
49.64,218.0,SE
51.43,230.0,SE
53.22,228.0,SE
55.01,249.0,SE
56.8,256.0,SE
0.89,264.0,cv
1.79,256.0,NE
1.79,277.0,SE
4.92,287.0,SE
8.05,202.0,SE
15.2,116.0,SE
20.12,50.0,SE
25.04,35.0,SE
3.13,30.0,cv
4.02,43.0,NW
1.79,46.0,NE
4.02,70.0,NW
4.02,66.0,NE
0.89,79.0,cv
1.79,76.0,NW
2.68,80.0,NW
5.81,69.0,NW
9.83,64.0,NW
12.96,17.0,NW
16.09,14.0,NW
20.11,13.0,NW
0.89,11.0,cv
3.13,10.0,NW
6.26,21.0,NW
3.13,17.0,NE
4.92,27.0,NE
0.89,26.0,cv
1.78,23.0,cv
4.02,24.0,SE
7.15,51.0,SE
8.94,40.0,SE
10.73,45.0,SE
12.52,57.0,SE
14.31,57.0,SE
0.89,58.0,NE
0.89,58.0,cv
1.79,44.0,SE
0.89,43.0,cv
1.78,48.0,cv
1.79,43.0,SE
3.58,58.0,SE
0.89,54.0,cv
1.79,48.0,NW
4.92,34.0,NW
8.94,26.0,NW
12.07,5.0,NW
16.09,6.0,NW
21.01,11.0,NW
25.03,13.0,NW
29.95,7.0,NW
4.92,3.0,NE
7.15,16.0,NW
11.17,9.0,NW
4.92,8.0,NE
4.92,7.0,NW
1.79,10.0,NE
4.92,12.0,NE
0.89,14.0,cv
0.89,23.0,SE
0.89,32.0,cv
1.79,32.0,SE
3.13,19.0,NW
0.89,21.0,NE
1.79,48.0,NW
3.58,31.0,NW
5.37,31.0,NW
0.89,25.0,SE
4.92,23.0,NW
9.84,22.0,NW
13.86,11.0,NW
16.99,10.0,NW
21.01,11.0,NW
25.93,12.0,NW
29.95,10.0,NW
31.74,22.0,NW
34.87,8.0,NW
38.0,19.0,NW
1.79,20.0,NE
0.89,14.0,cv
1.79,24.0,NW
4.92,17.0,NW
0.89,15.0,cv
1.79,29.0,NW
3.58,27.0,NW
1.79,31.0,NE
1.79,31.0,NW
4.92,28.0,NW
6.71,35.0,NW
9.84,27.0,NW
12.97,28.0,NW
13.86,28.0,NW
15.65,30.0,NW
17.44,28.0,NW
0.89,28.0,cv
1.79,27.0,NW
3.58,39.0,NW
0.89,38.0,cv
1.79,36.0,NE
1.79,37.0,cv
2.68,33.0,cv
4.47,56.0,cv
6.26,58.0,cv
1.79,67.0,SE
3.58,71.0,SE
5.37,61.0,SE
6.26,47.0,SE
9.39,56.0,SE
11.18,52.0,SE
12.97,51.0,SE
0.89,56.0,cv
1.78,54.0,cv
1.79,68.0,SE
2.68,71.0,SE
3.57,75.0,SE
0.89,83.0,NE
1.78,78.0,NE
2.67,77.0,NE
0.89,100.0,cv
1.78,94.0,cv
2.67,118.0,cv
3.56,124.0,cv
4.45,128.0,cv
1.79,131.0,SE
4.92,149.0,SE
8.05,114.0,SE
11.18,142.0,SE
15.2,168.0,SE
18.33,163.0,SE
20.12,154.0,SE
23.25,176.0,SE
25.04,180.0,SE
26.83,179.0,SE
28.62,135.0,SE
30.41,85.0,SE
32.2,102.0,SE
33.99,108.0,SE
37.12,113.0,SE
38.91,116.0,SE
42.04,113.0,SE
43.83,117.0,SE
45.62,117.0,SE
0.89,117.0,cv
1.79,113.0,SE
3.58,117.0,SE
6.71,124.0,SE
9.84,134.0,SE
11.63,120.0,SE
13.42,126.0,SE
16.55,117.0,SE
19.68,117.0,SE
22.81,132.0,SE
25.94,118.0,SE
27.73,102.0,SE
29.52,102.0,SE
31.31,128.0,SE
33.1,140.0,SE
0.89,134.0,cv
1.78,136.0,cv
2.67,120.0,cv
0.89,142.0,SE
0.89,146.0,cv
1.78,164.0,cv
2.23,163.0,cv
0.89,180.0,SE
0.89,172.0,cv
0.89,170.0,NE
0.89,178.0,cv
1.78,188.0,cv
1.79,177.0,SE
0.89,188.0,cv
3.13,186.0,SE
7.15,196.0,SE
10.28,155.0,SE
13.41,133.0,SE
15.2,145.0,SE
1.79,147.0,cv
3.13,113.0,SE
4.92,99.0,SE
6.71,96.0,SE
7.6,131.0,SE
0.89,146.0,NE
0.89,155.0,cv
1.78,172.0,cv
0.89,204.0,NW
0.45,188.0,cv
0.89,180.0,SE
1.79,186.0,NE
0.89,182.0,cv
0.89,187.0,NW
0.89,203.0,cv
0.89,173.0,SE
2.68,183.0,SE
0.89,195.0,cv
1.79,174.0,NE
1.79,168.0,cv
1.79,160.0,NW
0.89,168.0,cv
2.68,164.0,cv
1.79,164.0,SE
4.92,145.0,SE
6.71,123.0,SE
8.5,102.0,SE
9.39,105.0,SE
10.28,124.0,SE
5.81,108.0,NE
10.73,70.0,NE
12.52,92.0,NE
1.79,36.0,NW
0.89,31.0,cv
1.79,24.0,NE
1.79,17.0,NW
3.58,25.0,NW
0.89,22.0,cv
1.78,26.0,cv
2.67,28.0,cv
4.02,33.0,NW
8.94,26.0,NW
4.92,22.0,NE
9.84,21.0,NE
14.76,11.0,NE
20.57,12.0,NE
26.38,19.0,NE
31.3,23.0,NE
34.43,12.0,NE
1.79,16.0,NW
4.92,16.0,NW
8.94,25.0,NW
12.07,26.0,NW
15.2,28.0,NW
16.99,26.0,NW
20.12,31.0,NW
21.91,25.0,NW
0.89,26.0,cv
1.78,24.0,cv
3.13,10.0,NE
3.13,21.0,NW
4.02,5.0,NE
7.15,8.0,NE
3.13,9.0,NW
6.26,10.0,NW
10.28,18.0,NW
15.2,12.0,NW
4.02,12.0,NE
8.94,11.0,NE
12.96,6.0,NE
16.09,4.0,NE
1.79,7.0,SE
0.89,7.0,cv
1.79,7.0,SE
0.89,21.0,cv
4.02,20.0,SE
7.15,26.0,SE
3.13,35.0,NW
1.79,47.0,NE
3.13,59.0,NW
4.92,49.0,NW
8.05,35.0,NW
9.84,28.0,NW
12.97,28.0,NW
1.79,29.0,NE
0.89,32.0,cv
3.13,31.0,NW
7.15,44.0,NW
4.02,17.0,NE
4.02,14.0,NW
8.04,9.0,NW
12.06,17.0,NW
16.08,5.0,NW
19.21,8.0,NW
21.0,11.0,NW
0.89,8.0,cv
1.79,8.0,SE
5.81,9.0,SE
8.94,8.0,SE
12.07,21.0,SE
16.09,26.0,SE
19.22,28.0,SE
0.89,24.0,cv
1.78,27.0,cv
1.79,48.0,NE
3.13,48.0,NW
4.92,64.0,NW
8.05,41.0,NW
11.18,21.0,NW
15.2,25.0,NW
19.22,28.0,NW
22.35,41.0,NW
27.27,29.0,NW
31.29,22.0,NW
34.42,23.0,NW
36.21,15.0,NW
38.0,12.0,NW
41.13,10.0,NW
44.26,11.0,NW
1.79,13.0,cv
3.13,22.0,SE
0.89,12.0,cv
1.79,18.0,SE
3.58,55.0,SE
6.71,22.0,SE
8.5,29.0,SE
10.29,37.0,SE
0.45,43.0,cv
0.89,64.0,NE
0.45,78.0,cv
1.34,78.0,cv
1.79,76.0,NW
4.92,59.0,NW
8.05,23.0,NW
11.18,25.0,NW
14.31,27.0,NW
18.33,49.0,NW
22.35,38.0,NW
25.48,39.0,NW
28.61,42.0,NW
30.4,24.0,NW
33.53,26.0,NW
35.32,16.0,NW
38.45,12.0,NW
1.79,7.0,cv
3.13,7.0,SE
4.92,32.0,SE
6.71,26.0,SE
9.84,28.0,SE
11.63,49.0,SE
0.45,39.0,cv
1.34,24.0,cv
2.23,57.0,cv
3.12,47.0,cv
1.79,60.0,NW
3.58,66.0,NW
6.71,37.0,NW
9.84,45.0,NW
11.63,57.0,NW
14.76,58.0,NW
18.78,45.0,NW
4.02,30.0,NE
3.13,38.0,NW
6.26,31.0,NW
10.28,18.0,NW
3.13,14.0,NE
6.26,18.0,NE
8.05,21.0,NE
1.79,18.0,SE
3.58,19.0,SE
6.71,28.0,SE
9.84,37.0,SE
13.86,36.0,SE
0.89,50.0,cv
1.78,50.0,cv
2.67,68.0,cv
0.89,92.0,NE
3.13,87.0,NW
6.26,66.0,NW
8.05,59.0,NW
12.07,40.0,NW
15.2,42.0,NW
19.22,36.0,NW
24.14,32.0,NW
28.16,32.0,NW
33.08,46.0,NW
38.0,28.0,NW
42.02,40.0,NW
46.04,33.0,NW
4.02,16.0,NE
7.15,15.0,NE
8.94,14.0,NE
1.79,21.0,SE
3.58,26.0,SE
0.45,31.0,cv
3.13,56.0,SE
0.89,74.0,cv
1.78,60.0,cv
2.23,133.0,cv
0.89,125.0,NE
1.79,164.0,SE
3.58,140.0,SE
0.89,138.0,NW
2.68,137.0,NW
5.81,114.0,NW
7.6,58.0,NW
9.39,57.0,NW
12.52,84.0,NW
14.31,94.0,NW
0.89,74.0,cv
1.79,76.0,SE
3.13,94.0,cv
3.13,106.0,SE
7.15,104.0,SE
11.17,100.0,SE
15.19,100.0,SE
19.21,104.0,SE
23.23,113.0,SE
25.02,90.0,SE
0.89,115.0,cv
3.13,120.0,SE
4.92,179.0,SE
6.71,208.0,SE
8.5,225.0,SE
10.29,227.0,SE
1.79,197.0,NE
0.89,162.0,cv
0.89,152.0,NW
2.68,130.0,NW
4.47,125.0,NW
5.36,119.0,NW
7.15,139.0,NW
1.79,122.0,NE
0.89,132.0,cv
1.78,137.0,cv
1.79,150.0,NE
0.89,134.0,cv
3.13,125.0,SE
4.92,127.0,SE
8.05,135.0,SE
12.07,153.0,SE
16.09,141.0,SE
20.11,139.0,SE
23.24,140.0,SE
0.89,158.0,cv
1.79,163.0,SE
3.58,176.0,SE
0.89,177.0,cv
1.78,181.0,cv
2.67,209.0,cv
3.56,252.0,cv
1.79,247.0,NE
0.89,253.0,cv
1.78,240.0,cv
0.89,231.0,NE
0.45,240.0,cv
0.89,273.0,NE
0.89,275.0,cv
1.78,274.0,cv
2.67,271.0,cv
1.79,284.0,SE
4.92,280.0,SE
8.05,277.0,SE
11.18,260.0,SE
14.31,256.0,SE
16.1,256.0,SE
0.89,269.0,cv
0.89,259.0,SE
1.78,255.0,SE
2.67,289.0,SE
3.56,316.0,SE
4.45,301.0,SE
0.89,299.0,cv
0.89,307.0,SE
0.89,299.0,cv
1.78,295.0,cv
2.67,298.0,cv
0.89,316.0,NE
1.78,279.0,NE
2.67,247.0,NE
0.89,256.0,cv
1.78,290.0,cv
2.67,282.0,cv
4.46,309.0,cv
4.92,263.0,SE
10.73,156.0,SE
16.54,108.0,SE
21.46,107.0,SE
25.48,118.0,SE
28.61,130.0,SE
30.4,112.0,SE
31.29,112.0,SE
33.08,129.0,SE
34.87,139.0,SE
36.66,153.0,SE
38.45,159.0,SE
40.24,200.0,SE
41.13,219.0,SE
0.89,226.0,NE
0.89,218.0,SE
1.78,251.0,SE
0.89,250.0,cv
0.89,253.0,NE
0.89,282.0,cv
1.79,290.0,SE
1.79,294.0,NE
1.79,288.0,SE
3.58,281.0,SE
1.79,247.0,cv
1.79,199.0,SE
5.81,132.0,SE
9.83,130.0,SE
12.96,140.0,SE
14.75,155.0,SE
16.54,161.0,SE
18.33,167.0,SE
20.12,242.0,SE
21.91,235.0,SE
0.89,178.0,cv
1.79,177.0,SE
0.89,204.0,NE
1.79,221.0,SE
0.89,239.0,cv
1.79,246.0,SE
0.89,244.0,cv
0.89,280.0,NE
1.79,277.0,NW
0.89,278.0,cv
1.78,273.0,cv
2.67,286.0,cv
3.56,282.0,cv
4.45,291.0,cv
5.34,302.0,cv
6.23,283.0,cv
1.79,288.0,SE
2.68,300.0,SE
3.57,326.0,SE
0.89,338.0,cv
0.89,349.0,NE
0.89,346.0,SE
0.89,373.0,cv
1.78,386.0,cv
1.79,350.0,NW
3.58,339.0,NW
6.71,328.0,NW
9.84,241.0,NW
13.86,80.0,NW
19.67,28.0,NW
25.48,18.0,NW
29.5,15.0,NW
37.55,25.0,NW
46.49,15.0,NW
55.43,15.0,NW
63.48,14.0,NW
68.4,26.0,NW
74.21,26.0,NW
80.02,19.0,NW
85.83,25.0,NW
90.75,19.0,NW
95.67,18.0,NW
101.48,14.0,NW
106.4,13.0,NW
111.32,25.0,NW
114.45,24.0,NW
119.37,33.0,NW
0.89,23.0,cv
1.79,27.0,NW
3.13,19.0,NE
7.15,20.0,NE
11.17,19.0,NE
15.19,11.0,NE
20.11,26.0,NE
25.03,20.0,NE
29.95,16.0,NE
34.87,20.0,NE
38.89,19.0,NE
42.91,18.0,NE
46.04,20.0,NE
3.13,21.0,cv
3.13,18.0,NE
0.89,13.0,cv
1.79,18.0,SE
3.13,21.0,cv
4.92,28.0,SE
9.84,35.0,SE
12.97,37.0,SE
16.99,26.0,SE
0.89,41.0,cv
1.78,35.0,cv
2.67,50.0,cv
3.56,49.0,cv
0.89,62.0,NE
0.89,72.0,cv
1.34,85.0,cv
1.79,72.0,NW
3.58,59.0,NW
5.37,50.0,NW
7.16,31.0,NW
8.95,59.0,NW
10.74,60.0,NW
12.53,39.0,NW
15.66,10.0,NW
22.81,15.0,NW
29.96,4.0,NW
35.77,23.0,NW
4.92,11.0,cv
1.79,18.0,SE
1.79,6.0,NE
3.13,27.0,SE
4.92,26.0,SE
6.71,60.0,SE
3.13,53.0,NE
7.15,79.0,NE
8.94,51.0,NE
10.73,24.0,NE
3.13,19.0,NW
4.92,24.0,NW
1.79,20.0,NE
3.13,22.0,NW
1.79,47.0,NE
1.79,36.0,NW
3.58,22.0,NW
6.71,19.0,NW
10.73,8.0,NW
14.75,23.0,NW
3.13,18.0,NE
7.15,19.0,NE
1.79,22.0,cv
2.68,13.0,cv
3.13,11.0,NE
1.79,11.0,cv
1.79,8.0,NE
1.79,9.0,SE
3.58,22.0,SE
5.37,23.0,SE
7.16,29.0,SE
8.95,35.0,SE
12.97,53.0,SE
1.79,55.0,NW
0.89,63.0,cv
1.79,67.0,NW
3.58,61.0,NW
7.6,32.0,NW
9.39,37.0,NW
12.52,36.0,NW
15.65,28.0,NW
19.67,50.0,NW
23.69,40.0,NW
26.82,36.0,NW
28.61,24.0,NW
1.79,26.0,cv
2.68,14.0,cv
16.98,162.0,SE
20.11,139.0,SE
21.0,104.0,SE
21.89,144.0,SE
23.68,146.0,SE
25.47,162.0,SE
0.89,168.0,cv
1.78,145.0,cv
2.67,164.0,cv
0.89,146.0,NW
2.68,122.0,NW
4.47,103.0,NW
7.6,125.0,NW
9.39,138.0,NW
11.18,144.0,NW
12.97,150.0,NW
16.1,164.0,NW
17.89,113.0,NW
19.68,110.0,NW
0.89,111.0,cv
1.79,111.0,NE
0.89,150.0,cv
1.78,160.0,cv
2.67,181.0,cv
1.79,230.0,SE
1.79,250.0,cv
2.68,258.0,cv
0.89,293.0,SE
1.78,325.0,SE
2.67,324.0,SE
0.89,329.0,cv
0.89,347.0,SE
1.78,351.0,SE
0.89,354.0,cv
1.78,314.0,cv
2.67,349.0,cv
1.79,341.0,NW
3.58,324.0,NW
0.89,274.0,cv
3.13,269.0,NW
0.89,284.0,cv
1.79,312.0,NW
4.92,360.0,NW
6.71,404.0,NW
3.13,378.0,NE
4.92,318.0,NE
1.79,297.0,SE
5.81,271.0,SE
8.94,303.0,SE
10.73,335.0,SE
12.52,340.0,SE
14.31,435.0,SE
16.1,562.0,SE
19.23,514.0,SE
23.25,485.0,SE
26.38,453.0,SE
0.89,283.0,cv
1.78,153.0,cv
0.89,105.0,NE
0.89,66.0,cv
0.89,71.0,NE
1.78,63.0,NE
0.89,54.0,cv
1.79,69.0,NE
1.79,69.0,NW
3.13,75.0,NE
6.26,75.0,NE
1.79,64.0,NW
3.58,49.0,NW
1.79,69.0,SE
3.58,89.0,SE
7.6,56.0,SE
10.73,67.0,SE
12.52,63.0,SE
14.31,62.0,SE
16.1,69.0,SE
16.99,64.0,SE
0.89,65.0,cv
1.78,65.0,cv
0.89,59.0,SE
0.89,42.0,cv
1.79,38.0,SE
2.68,35.0,SE
0.45,39.0,cv
0.89,41.0,NE
1.78,64.0,NE
2.67,90.0,NE
0.89,102.0,NW
2.68,86.0,NW
1.79,89.0,cv
2.68,81.0,cv
3.57,87.0,cv
5.36,93.0,cv
3.13,109.0,SE
6.26,139.0,SE
8.05,139.0,SE
9.84,132.0,SE
12.97,151.0,SE
16.99,155.0,SE
18.78,179.0,SE
19.67,188.0,SE
20.56,198.0,SE
0.89,197.0,cv
0.89,199.0,SE
1.78,212.0,SE
0.89,212.0,NE
1.78,221.0,NE
3.57,234.0,NE
4.46,235.0,NE
0.89,221.0,cv
0.89,205.0,NE
0.89,211.0,SE
1.79,216.0,NE
0.89,216.0,cv
1.78,220.0,cv
2.67,238.0,cv
3.56,266.0,cv
4.45,307.0,cv
1.79,313.0,NE
1.79,296.0,SE
3.13,186.0,SE
4.92,149.0,SE
8.05,205.0,SE
0.89,246.0,cv
1.79,239.0,SE
3.58,196.0,SE
5.37,225.0,SE
7.16,225.0,SE
8.95,236.0,SE
10.74,248.0,SE
12.53,259.0,SE
14.32,279.0,SE
0.89,280.0,cv
3.13,258.0,NW
7.15,108.0,NW
12.07,36.0,NW
15.2,8.0,NW
20.12,11.0,NW
1.79,13.0,cv
1.79,17.0,NE
0.89,21.0,cv
1.79,26.0,SE
4.92,36.0,SE
8.05,43.0,SE
12.97,33.0,SE
16.1,40.0,SE
3.13,52.0,cv
3.13,46.0,NW
7.15,57.0,NW
10.28,30.0,NW
0.89,39.0,NE
4.02,23.0,NW
8.04,23.0,NW
11.17,32.0,NW
15.19,21.0,NW
18.32,24.0,NW
0.89,15.0,NE
1.79,9.0,NW
6.71,6.0,NW
14.76,4.0,NW
20.57,3.0,NW
28.62,6.0,NW
35.77,9.0,NW
44.71,5.0,NW
53.65,7.0,NW
62.59,13.0,NW
69.74,11.0,NW
73.76,10.0,NW
0.89,11.0,cv
1.79,16.0,SE
4.02,17.0,NW
4.02,16.0,SE
4.02,17.0,NW
11.17,10.0,NW
18.32,9.0,NW
23.24,9.0,NW
27.26,11.0,NW
32.18,14.0,NW
35.31,16.0,NW
38.44,15.0,NW
43.36,21.0,NW
48.28,23.0,NW
50.07,16.0,NW
53.2,32.0,NW
57.22,23.0,NW
64.37,15.0,NW
71.52,11.0,NW
80.46,8.0,NW
89.4,10.0,NW
100.58,14.0,NW
112.65,9.0,NW
124.72,9.0,NW
130.53,9.0,NW
139.47,7.0,NW
144.39,8.0,NW
147.52,20.0,NW
150.65,13.0,NW
154.67,11.0,NW
159.59,20.0,NW
4.02,16.0,SE
3.13,16.0,NW
7.15,9.0,NW
1.79,9.0,NE
5.81,35.0,NE
3.13,29.0,NW
6.26,22.0,NW
0.89,16.0,cv
3.13,20.0,NW
4.02,12.0,NE
4.02,10.0,NW
8.04,8.0,NW
17.87,8.0,NW
27.7,8.0,NW
36.64,7.0,NW
46.47,7.0,NW
55.41,4.0,NW
60.33,3.0,NW
66.14,6.0,NW
71.06,10.0,NW
76.87,33.0,NW
4.02,54.0,NE
7.15,26.0,NE
1.79,14.0,SE
0.45,23.0,cv
1.34,20.0,cv
2.23,28.0,cv
0.89,31.0,SE
3.13,28.0,NW
4.02,22.0,NW
5.81,17.0,NW
0.45,23.0,cv
1.79,22.0,NW
0.89,12.0,cv
1.78,11.0,cv
3.13,18.0,SE
6.26,9.0,SE
1.79,22.0,cv
3.13,16.0,SE
7.15,19.0,SE
10.28,21.0,SE
13.41,22.0,SE
15.2,30.0,SE
0.89,43.0,cv
1.34,65.0,cv
0.89,76.0,SE
0.89,73.0,cv
0.89,78.0,NE
2.68,83.0,NE
0.89,78.0,cv
1.78,96.0,cv
2.67,96.0,cv
3.56,102.0,cv
0.89,102.0,NW
4.02,93.0,NW
5.81,78.0,NW
1.79,72.0,NE
3.58,60.0,NE
5.37,69.0,NE
0.89,75.0,cv
1.78,83.0,cv
2.67,86.0,cv
4.46,91.0,cv
3.13,86.0,SE
4.92,82.0,SE
6.71,72.0,SE
7.6,87.0,SE
0.89,98.0,cv
1.34,123.0,cv
0.89,122.0,NE
1.78,123.0,NE
0.89,129.0,cv
0.89,141.0,NE
0.89,163.0,cv
1.34,154.0,cv
0.89,150.0,NW
1.78,100.0,NW
3.57,103.0,NW
5.36,100.0,NW
7.15,96.0,NW
10.28,96.0,NW
12.07,99.0,NW
13.86,88.0,NW
15.65,103.0,NW
3.13,133.0,SE
6.26,157.0,SE
9.39,170.0,SE
12.52,187.0,SE
15.65,190.0,SE
17.44,209.0,SE
19.23,253.0,SE
0.89,254.0,cv
1.34,275.0,cv
2.23,292.0,cv
3.12,315.0,cv
1.79,294.0,NW
0.89,280.0,cv
1.34,270.0,cv
2.23,255.0,cv
0.89,243.0,SE
0.89,258.0,NE
0.89,269.0,cv
1.78,263.0,cv
1.79,258.0,SE
2.68,269.0,SE
0.89,278.0,cv
1.79,296.0,SE
3.58,339.0,SE
5.37,332.0,SE
7.16,304.0,SE
10.29,293.0,SE
12.08,284.0,SE
0.89,293.0,cv
1.78,302.0,cv
1.79,300.0,NW
0.89,298.0,NE
0.89,299.0,cv
1.78,300.0,cv
2.67,308.0,cv
3.56,302.0,cv
4.45,298.0,cv
5.34,266.0,cv
0.89,285.0,SE
0.89,282.0,NW
0.89,273.0,cv
1.78,275.0,cv
2.67,248.0,cv
1.79,227.0,NW
3.58,251.0,NW
0.89,249.0,cv
1.78,202.0,cv
2.67,190.0,cv
3.56,175.0,cv
4.45,204.0,cv
1.79,224.0,SE
1.79,231.0,cv
1.79,233.0,SE
2.68,222.0,SE
3.57,254.0,SE
0.89,269.0,cv
0.89,285.0,SE
0.89,298.0,NE
1.78,306.0,NE
2.67,313.0,NE
0.45,318.0,cv
0.9,311.0,cv
1.35,267.0,cv
0.89,261.0,NW
2.68,248.0,NW
4.47,227.0,NW
6.26,212.0,NW
8.05,215.0,NW
9.84,239.0,NW
1.79,259.0,NE
3.13,270.0,NW
4.92,285.0,NW
6.71,287.0,NW
8.5,297.0,NW
0.89,318.0,cv
1.79,347.0,SE
3.58,370.0,SE
4.47,401.0,SE
0.89,416.0,cv
1.78,399.0,cv
1.79,389.0,SE
0.89,408.0,cv
1.78,395.0,cv
0.89,402.0,SE
0.89,430.0,cv
1.79,414.0,NE
0.89,418.0,cv
1.79,408.0,SE
0.89,414.0,cv
1.78,418.0,cv
3.13,409.0,NW
4.92,420.0,NW
8.05,407.0,NW
11.18,390.0,NW
20.12,291.0,NW
8.94,26.0,NE
7.15,19.0,NW
14.3,12.0,NW
22.35,11.0,NW
5.81,8.0,NE
12.96,16.0,NE
17.88,12.0,NE
22.8,13.0,NE
27.72,13.0,NE
31.74,18.0,NE
33.53,17.0,NE
1.79,16.0,NW
0.89,9.0,cv
0.89,7.0,NE
0.89,6.0,NW
0.89,6.0,cv
1.79,8.0,NW
3.58,9.0,NW
6.71,15.0,NW
8.5,15.0,NW
11.63,12.0,NW
13.42,11.0,NW
16.55,18.0,NW
20.57,16.0,NW
22.36,8.0,NW
3.13,6.0,NE
1.79,7.0,cv
2.68,16.0,cv
1.79,9.0,SE
4.92,9.0,SE
0.89,24.0,cv
1.78,35.0,cv
3.58,60.0,NE
5.37,38.0,NE
0.89,45.0,cv
1.79,9.0,NW
4.92,8.0,NW
6.71,8.0,NW
0.89,8.0,cv
1.78,19.0,cv
2.23,19.0,cv
3.12,18.0,cv
3.13,38.0,NW
4.92,35.0,NW
8.05,27.0,NW
11.18,15.0,NW
0.89,16.0,cv
2.68,21.0,cv
1.79,27.0,SE
4.92,26.0,SE
8.05,27.0,SE
12.07,25.0,SE
19.22,55.0,SE
1.78,127.0,cv
0.89,131.0,NE
0.89,158.0,cv
1.34,163.0,cv
1.79,138.0,cv
2.24,114.0,cv
2.69,102.0,cv
0.89,98.0,NE
0.89,80.0,SE
0.89,80.0,cv
1.79,80.0,SE
0.89,101.0,cv
2.68,110.0,cv
1.79,110.0,SE
1.79,110.0,NE
1.79,110.0,SE
0.89,280.0,cv
3.58,199.0,SE
6.71,242.0,SE
9.84,237.0,SE
13.86,207.0,SE
16.99,176.0,SE
17.88,145.0,SE
1.79,137.0,cv
1.79,184.0,SE
2.68,208.0,SE
0.89,224.0,cv
1.78,235.0,cv
2.67,273.0,cv
3.13,261.0,NW
6.26,242.0,NW
10.28,186.0,NW
0.89,187.0,cv
3.13,180.0,NW
0.89,166.0,cv
1.79,141.0,NW
5.81,125.0,NW
4.92,109.0,NE
0.89,92.0,cv
1.78,82.0,cv
2.67,92.0,cv
3.56,118.0,cv
4.45,118.0,cv
1.79,106.0,SE
3.58,129.0,SE
4.47,146.0,SE
0.45,162.0,cv
0.89,214.0,SE
1.78,227.0,SE
0.89,259.0,cv
0.89,280.0,NE
0.89,301.0,SE
0.89,336.0,cv
0.89,342.0,NW
1.78,316.0,NW
2.67,285.0,NW
4.46,218.0,NW
0.45,148.0,cv
0.89,139.0,NW
0.89,135.0,cv
1.78,146.0,cv
2.23,161.0,cv
3.12,215.0,cv
1.79,248.0,SE
3.58,283.0,SE
5.37,302.0,SE
8.5,282.0,SE
11.63,226.0,SE
16.55,207.0,SE
18.34,216.0,SE
19.23,170.0,SE
21.02,167.0,SE
21.91,193.0,SE
22.8,220.0,SE
23.69,267.0,SE
0.89,332.0,cv
0.89,350.0,SE
0.89,329.0,cv
0.89,306.0,NW
0.89,302.0,NE
0.45,297.0,cv
0.89,288.0,SE
0.45,293.0,cv
1.34,275.0,cv
1.79,257.0,SE
0.89,248.0,cv
1.78,291.0,cv
2.67,354.0,cv
1.79,387.0,SE
3.58,420.0,SE
5.37,460.0,SE
7.16,270.0,SE
12.08,181.0,SE
15.21,211.0,SE
17.0,206.0,SE
18.79,224.0,SE
19.68,217.0,SE
20.57,207.0,SE
22.36,233.0,SE
24.15,253.0,SE
25.04,257.0,SE
0.89,258.0,cv
1.34,255.0,cv
0.89,258.0,SE
0.89,257.0,cv
1.78,257.0,cv
0.89,257.0,NE
0.89,256.0,cv
1.78,264.0,cv
2.67,264.0,cv
1.79,268.0,SE
4.92,269.0,SE
8.05,263.0,SE
9.84,214.0,SE
0.89,205.0,cv
1.78,202.0,cv
2.67,208.0,cv
0.89,214.0,NE
0.89,227.0,cv
1.78,245.0,cv
2.67,252.0,cv
3.12,248.0,cv
3.57,248.0,cv
4.02,264.0,cv
4.91,266.0,cv
1.79,253.0,SE
4.92,245.0,SE
0.89,246.0,cv
0.89,254.0,NE
0.89,259.0,SE
0.89,252.0,cv
1.78,256.0,cv
2.67,283.0,cv
1.79,284.0,SE
3.58,297.0,SE
1.78,312.0,cv
2.67,343.0,cv
1.79,339.0,NE
3.13,288.0,NW
8.05,102.0,NW
12.07,48.0,NW
16.09,43.0,NW
20.11,44.0,NW
24.13,57.0,NW
28.15,32.0,NW
31.28,38.0,NW
34.41,38.0,NW
37.54,44.0,NW
40.67,45.0,NW
43.8,34.0,NW
47.82,30.0,NW
51.84,33.0,NW
55.86,29.0,NW
59.88,44.0,NW
63.9,32.0,NW
67.92,17.0,NW
4.92,25.0,NE
4.02,26.0,NW
3.13,20.0,NE
3.13,27.0,NW
0.89,32.0,cv
1.78,35.0,cv
1.79,33.0,NW
3.58,55.0,NW
5.37,66.0,NW
0.89,63.0,cv
1.34,70.0,cv
0.89,86.0,SE
2.68,67.0,SE
4.47,42.0,SE
5.36,27.0,SE
0.89,24.0,cv
1.78,27.0,cv
0.89,46.0,SE
0.89,34.0,cv
0.89,59.0,SE
0.45,61.0,cv
1.34,60.0,cv
2.23,72.0,cv
3.12,79.0,cv
4.01,64.0,cv
1.79,68.0,NW
0.89,71.0,cv
1.78,62.0,cv
2.67,54.0,cv
1.79,54.0,SE
0.89,79.0,cv
1.78,85.0,cv
0.89,80.0,NE
0.89,81.0,SE
0.89,100.0,cv
0.89,94.0,NW
2.68,108.0,NW
0.45,123.0,cv
1.79,102.0,NW
2.68,89.0,NW
3.57,78.0,NW
4.46,76.0,NW
5.35,108.0,NW
0.45,107.0,cv
1.79,91.0,NW
0.89,90.0,NE
1.78,87.0,NE
3.57,90.0,NE
1.79,85.0,NW
0.89,87.0,cv
1.79,96.0,NE
1.79,102.0,NW
3.58,103.0,NW
5.37,113.0,NW
7.16,106.0,NW
1.79,107.0,NE
0.89,121.0,cv
1.78,121.0,cv
1.79,143.0,NW
4.92,123.0,NW
10.73,102.0,NW
15.65,55.0,NW
19.67,38.0,NW
23.69,14.0,NW
29.5,27.0,NW
35.31,24.0,NW
40.23,18.0,NW
45.15,23.0,NW
50.07,11.0,NW
54.09,15.0,NW
55.88,27.0,NW
4.02,31.0,NE
7.15,37.0,NE
8.94,37.0,NE
0.89,33.0,cv
3.13,32.0,NW
6.26,33.0,NW
3.13,28.0,NE
7.15,35.0,NE
0.89,26.0,NW
2.68,23.0,NW
4.47,28.0,NW
1.79,38.0,NE
0.89,37.0,cv
1.34,41.0,cv
2.23,61.0,cv
1.79,85.0,SE
0.45,77.0,cv
1.34,66.0,cv
0.89,69.0,SE
1.79,76.0,NE
2.68,78.0,NE
0.89,49.0,NW
0.89,59.0,NE
1.79,48.0,NW
1.79,35.0,NE
3.58,39.0,NE
6.71,36.0,NE
3.13,45.0,NW
6.26,45.0,NW
9.39,47.0,NW
0.89,45.0,cv
1.78,46.0,cv
2.67,46.0,cv
3.56,60.0,cv
1.79,79.0,NW
0.89,97.0,cv
1.34,114.0,cv
3.13,102.0,NW
4.02,121.0,NW
0.89,111.0,cv
1.79,129.0,NW
4.92,87.0,NW
6.71,63.0,NW
9.84,43.0,NW
12.97,44.0,NW
14.76,32.0,NW
17.89,39.0,NW
21.91,34.0,NW
25.04,27.0,NW
28.17,31.0,NW
3.13,36.0,NE
6.26,40.0,NE
0.89,36.0,cv
1.78,37.0,cv
3.57,37.0,cv
1.79,46.0,SE
4.92,49.0,SE
8.05,56.0,SE
9.84,68.0,SE
0.89,71.0,cv
0.89,79.0,NE
0.89,90.0,SE
0.45,94.0,cv
0.89,127.0,NE
0.45,122.0,cv
1.79,157.0,NW
4.92,144.0,NW
6.71,91.0,NW
8.5,68.0,NW
11.63,56.0,NW
15.65,42.0,NW
19.67,47.0,NW
23.69,33.0,NW
27.71,27.0,NW
30.84,27.0,NW
33.97,25.0,NW
0.89,8.0,cv
2.68,16.0,cv
3.13,11.0,SE
1.79,17.0,NW
1.79,19.0,SE
3.58,21.0,SE
0.89,31.0,cv
3.13,45.0,NW
6.26,56.0,NW
1.79,62.0,NE
1.79,77.0,NW
2.68,65.0,NW
4.47,61.0,NW
8.49,54.0,NW
11.62,33.0,NW
14.75,33.0,NW
18.77,27.0,NW
21.9,22.0,NW
25.92,24.0,NW
29.94,32.0,NW
3.13,23.0,NE
4.02,21.0,NW
5.81,28.0,NW
8.94,23.0,NW
10.73,24.0,NW
0.89,23.0,cv
1.79,23.0,NW
0.89,21.0,cv
0.89,25.0,SE
0.89,30.0,cv
1.79,44.0,SE
3.58,43.0,SE
0.89,66.0,cv
1.78,69.0,cv
0.89,79.0,SE
1.79,84.0,NW
2.68,115.0,NW
4.47,113.0,NW
6.26,91.0,NW
8.05,56.0,NW
9.84,42.0,NW
12.97,29.0,NW
16.1,34.0,NW
20.12,40.0,NW
23.25,44.0,NW
26.38,43.0,NW
28.17,50.0,NW
0.89,47.0,cv
1.78,42.0,cv
3.57,48.0,cv
1.79,45.0,SE
4.92,59.0,SE
8.94,54.0,SE
12.07,55.0,SE
15.2,63.0,SE
0.89,84.0,cv
0.89,92.0,SE
0.89,113.0,NE
1.78,139.0,NE
1.79,135.0,NW
0.45,161.0,cv
0.89,145.0,NW
2.68,154.0,NW
0.89,139.0,cv
0.89,153.0,NW
1.78,105.0,NW
0.89,115.0,cv
3.13,102.0,NW
4.92,78.0,NW
0.89,83.0,cv
1.78,90.0,cv
1.79,96.0,SE
3.58,96.0,SE
5.37,114.0,SE
0.89,153.0,cv
0.89,152.0,SE
1.78,179.0,SE
0.89,208.0,cv
1.78,255.0,cv
2.67,197.0,cv
3.56,211.0,cv
4.45,228.0,cv
5.34,252.0,cv
1.79,277.0,NW
3.58,208.0,NW
5.37,73.0,NW
11.18,43.0,NW
16.99,19.0,NW
20.12,16.0,NW
24.14,21.0,NW
0.89,30.0,cv
4.02,38.0,NW
7.15,43.0,NW
15.2,39.0,NW
24.14,43.0,NW
33.97,34.0,NW
43.8,42.0,NW
53.63,41.0,NW
60.78,46.0,NW
69.72,41.0,NW
73.74,45.0,NW
78.66,50.0,NW
3.13,47.0,SE
4.02,65.0,NW
7.15,75.0,NW
0.89,23.0,cv
5.81,17.0,NW
10.73,21.0,NW
17.88,15.0,NW
22.8,7.0,NW
26.82,6.0,NW
30.84,6.0,NW
35.76,7.0,NW
38.89,8.0,NW
44.7,9.0,NW
51.85,10.0,NW
59.0,9.0,NW
63.92,12.0,NW
67.05,12.0,NW
3.13,18.0,NE
4.02,9.0,SE
3.13,18.0,NE
1.79,19.0,SE
3.58,17.0,SE
4.47,19.0,SE
5.36,34.0,SE
0.89,58.0,cv
1.34,74.0,cv
0.89,89.0,SE
1.78,88.0,SE
3.57,78.0,SE
5.36,93.0,SE
0.89,126.0,cv
0.89,145.0,SE
0.89,141.0,cv
1.79,144.0,NE
0.89,127.0,cv
0.89,124.0,NW
0.89,134.0,cv
1.79,114.0,NW
3.58,84.0,NW
0.89,88.0,cv
1.79,118.0,SE
3.58,113.0,SE
1.79,110.0,cv
1.79,129.0,SE
0.89,124.0,cv
1.78,128.0,cv
2.67,150.0,cv
0.89,178.0,SE
0.89,178.0,cv
1.78,204.0,cv
0.89,242.0,NE
2.68,235.0,NE
4.47,204.0,NE
0.45,314.0,cv
0.89,333.0,NW
0.89,285.0,NE
0.89,289.0,NW
0.89,225.0,cv
1.34,183.0,cv
2.23,190.0,cv
1.79,185.0,NW
3.58,188.0,NW
6.71,172.0,NW
8.5,185.0,NW
10.29,185.0,NW
0.89,194.0,cv
1.78,195.0,cv
1.79,173.0,SE
0.89,158.0,cv
1.78,165.0,cv
2.23,168.0,cv
3.12,184.0,cv
0.89,206.0,NW
0.89,205.0,cv
1.78,185.0,cv
2.67,225.0,cv
3.56,206.0,cv
1.79,206.0,NW
2.68,187.0,NW
4.47,195.0,NW
6.26,202.0,NW
8.05,184.0,NW
0.89,186.0,cv
0.89,177.0,NW
4.02,193.0,NW
5.81,193.0,NW
0.89,149.0,cv
1.79,154.0,NW
1.79,210.0,SE
3.58,224.0,SE
0.89,271.0,cv
0.89,306.0,SE
0.89,342.0,cv
1.78,358.0,cv
2.67,380.0,cv
3.13,336.0,SE
4.92,166.0,SE
8.05,132.0,SE
9.84,128.0,SE
11.63,127.0,SE
0.89,100.0,cv
1.78,93.0,cv
2.67,103.0,cv
0.89,113.0,NW
4.02,111.0,NW
5.81,111.0,NW
8.94,113.0,NW
12.07,126.0,NW
1.79,121.0,NE
3.13,127.0,NW
4.92,119.0,NW
6.71,99.0,NW
1.79,107.0,NE
1.79,114.0,NW
3.58,119.0,NW
6.71,153.0,NW
9.84,160.0,NW
11.63,109.0,NW
13.42,112.0,NW
17.44,166.0,NW
21.46,144.0,NW
24.59,136.0,NW
0.89,128.0,cv
1.79,139.0,NW
3.58,141.0,NW
6.71,157.0,NW
10.73,142.0,NW
13.86,127.0,NW
17.88,95.0,NW
19.67,85.0,NW
22.8,97.0,NW
25.93,89.0,NW
4.02,78.0,NE
4.92,54.0,NW
9.84,56.0,NW
3.13,60.0,NE
6.26,59.0,NE
0.89,53.0,cv
1.79,40.0,SE
6.71,43.0,SE
11.63,70.0,SE
16.55,55.0,SE
21.47,70.0,SE
25.49,77.0,SE
27.28,91.0,SE
29.07,91.0,SE
32.2,99.0,SE
4.02,90.0,NE
4.02,82.0,SE
5.81,72.0,SE
6.7,71.0,SE
7.15,34.0,NW
15.2,13.0,NW
23.25,7.0,NW
34.43,3.0,NW
46.5,9.0,NW
55.44,13.0,NW
66.62,15.0,NW
77.8,9.0,NW
88.98,16.0,NW
97.03,13.0,NW
105.08,15.0,NW
112.23,10.0,NW
119.38,6.0,NW
125.19,7.0,NW
129.21,8.0,NW
132.34,10.0,NW
136.36,18.0,NW
139.49,12.0,NW
144.41,22.0,NW
150.22,9.0,NW
155.14,9.0,NW
160.06,10.0,NW
163.19,12.0,NW
3.13,16.0,NE
7.15,17.0,NE
1.79,25.0,NW
3.58,20.0,NW
5.37,29.0,NW
8.5,19.0,NW
10.29,21.0,NW
12.08,30.0,NW
13.87,42.0,NW
0.89,58.0,cv
1.79,53.0,SE
4.92,55.0,SE
8.05,55.0,SE
11.18,47.0,SE
12.97,48.0,SE
0.89,45.0,cv
0.89,52.0,SE
0.89,77.0,NE
1.78,113.0,NE
2.67,172.0,NE
0.89,249.0,cv
1.34,226.0,cv
1.79,191.0,cv
1.79,154.0,NW
3.58,123.0,NW
6.71,106.0,NW
8.5,102.0,NW
10.29,80.0,NW
13.42,71.0,NW
0.89,91.0,cv
3.13,81.0,NW
6.26,73.0,NW
0.89,89.0,cv
1.78,99.0,cv
2.67,99.0,cv
1.79,115.0,SE
4.92,132.0,SE
6.71,135.0,SE
8.5,165.0,SE
0.89,163.0,cv
1.78,172.0,cv
1.79,190.0,SE
0.89,196.0,cv
1.78,210.0,cv
1.79,239.0,SE
0.89,380.0,cv
1.78,358.0,cv
2.23,364.0,cv
1.79,363.0,SE
0.89,322.0,NE
0.89,315.0,NW
2.68,271.0,NW
0.89,227.0,cv
1.79,197.0,SE
0.89,194.0,cv
3.13,198.0,SE
4.92,223.0,SE
0.89,241.0,cv
7.15,208.0,NW
19.22,55.0,NW
28.16,12.0,NW
40.23,17.0,NW
52.3,7.0,NW
64.37,7.0,NW
80.46,9.0,NW
98.34,10.0,NW
113.54,7.0,NW
123.37,9.0,NW
135.44,19.0,NW
146.62,6.0,NW
157.8,7.0,NW
169.87,9.0,NW
179.7,10.0,NW
186.85,10.0,NW
195.79,10.0,NW
203.84,8.0,NW
210.99,9.0,NW
215.01,12.0,NW
222.16,13.0,NW
229.31,14.0,NW
235.12,14.0,NW
240.93,14.0,NW
248.08,11.0,NW
255.23,10.0,NW
261.04,15.0,NW
266.85,13.0,NW
268.64,13.0,NW
0.89,18.0,SE
0.89,28.0,cv
1.79,40.0,SE
4.92,48.0,SE
8.05,63.0,SE
0.89,72.0,cv
1.79,91.0,SE
0.89,98.0,cv
1.79,99.0,NE
2.68,100.0,NE
0.89,118.0,NW
0.89,135.0,NE
0.89,134.0,NW
0.89,121.0,NE
1.78,96.0,NE
0.89,90.0,cv
1.78,96.0,cv
0.89,114.0,SE
2.68,135.0,SE
0.89,151.0,cv
1.79,180.0,NE
3.58,211.0,NE
0.89,251.0,SE
0.89,278.0,NE
1.78,266.0,NE
0.45,273.0,cv
1.34,282.0,cv
0.89,290.0,NW
2.68,323.0,NW
4.47,333.0,NW
7.6,305.0,NW
8.49,280.0,NW
11.62,260.0,NW
13.41,207.0,NW
16.54,232.0,NW
18.33,155.0,NW
19.22,128.0,NW
20.11,105.0,NW
21.9,120.0,NW
0.89,121.0,cv
1.78,126.0,cv
2.67,145.0,cv
3.56,163.0,cv
1.79,206.0,SE
3.58,227.0,SE
0.89,196.0,cv
1.78,193.0,cv
0.89,229.0,SE
0.89,259.0,cv
1.78,256.0,cv
2.67,258.0,cv
0.89,274.0,NE
0.89,332.0,SE
0.89,343.0,NE
1.78,337.0,NE
1.79,311.0,NW
2.68,292.0,NW
5.81,227.0,NW
7.6,222.0,NW
10.73,229.0,NW
12.52,222.0,NW
15.65,233.0,NW
17.44,234.0,NW
20.57,223.0,NW
24.59,203.0,NW
27.72,223.0,NW
29.51,209.0,NW
31.3,193.0,NW
33.09,200.0,NW
34.88,200.0,NW
0.89,210.0,cv
1.79,222.0,NW
0.89,250.0,cv
1.78,271.0,cv
1.79,300.0,NW
4.92,292.0,NW
0.89,305.0,cv
1.79,322.0,NW
3.58,330.0,NW
5.37,326.0,NW
0.89,306.0,cv
1.79,295.0,NW
3.58,302.0,NW
6.71,237.0,NW
9.84,176.0,NW
12.97,143.0,NW
16.99,135.0,NW
21.01,133.0,NW
25.03,115.0,NW
0.89,115.0,cv
1.78,106.0,cv
4.92,86.0,SE
8.05,102.0,SE
9.84,140.0,SE
11.63,178.0,SE
0.45,216.0,cv
0.89,243.0,NE
0.89,277.0,SE
0.89,313.0,NE
0.45,350.0,cv
1.34,404.0,cv
1.79,391.0,NW
2.68,362.0,NW
4.47,289.0,NW
6.26,257.0,NW
8.05,222.0,NW
9.84,177.0,NW
11.63,174.0,NW
15.65,148.0,NW
18.78,140.0,NW
23.7,124.0,NW
27.72,127.0,NW
4.02,143.0,NE
9.83,138.0,NE
13.85,96.0,NE
3.13,34.0,SE
8.94,131.0,SE
14.75,180.0,SE
19.67,143.0,SE
23.69,100.0,SE
25.48,93.0,SE
27.27,64.0,SE
30.4,48.0,SE
0.89,50.0,cv
1.78,48.0,cv
1.79,39.0,SE
4.92,40.0,SE
6.71,48.0,SE
0.89,47.0,cv
1.78,50.0,cv
0.89,49.0,SE
2.68,50.0,SE
3.57,52.0,SE
5.36,45.0,SE
0.89,40.0,cv
1.79,31.0,SE
3.58,34.0,SE
6.71,42.0,SE
8.5,45.0,SE
10.29,39.0,SE
12.08,51.0,SE
13.87,48.0,SE
17.0,63.0,SE
0.45,73.0,cv
1.34,78.0,cv
2.23,97.0,cv
3.12,90.0,cv
0.89,115.0,SE
1.78,145.0,SE
0.45,155.0,cv
1.34,127.0,cv
2.23,112.0,cv
1.79,119.0,NW
0.89,174.0,cv
0.89,238.0,NW
2.68,229.0,NW
5.81,208.0,NW
7.6,163.0,NW
4.02,146.0,NE
9.83,43.0,NE
13.85,21.0,NE
7.15,20.0,NW
10.28,32.0,NW
12.07,33.0,NW
13.86,25.0,NW
15.65,31.0,NW
0.89,40.0,SE
1.78,40.0,SE
4.91,70.0,SE
8.04,97.0,SE
1.79,100.0,cv
1.79,111.0,SE
0.89,99.0,cv
1.34,125.0,cv
1.79,149.0,cv
0.89,174.0,NE
0.45,224.0,cv
1.79,215.0,NW
3.58,186.0,NW
4.47,107.0,NW
5.36,73.0,NW
8.49,87.0,NW
0.89,82.0,cv
1.78,53.0,cv
2.67,69.0,cv
3.56,75.0,cv
4.45,92.0,cv
5.34,116.0,cv
1.79,160.0,SE
3.58,271.0,SE
0.89,301.0,cv
1.78,238.0,cv
2.67,183.0,cv
1.79,209.0,SE
0.89,187.0,cv
1.79,198.0,SE
2.68,219.0,SE
4.47,243.0,SE
0.89,287.0,cv
1.78,303.0,cv
0.89,282.0,SE
1.78,284.0,SE
3.57,290.0,SE
0.89,296.0,NE
1.78,306.0,NE
2.67,309.0,NE
0.89,301.0,cv
1.34,265.0,cv
0.89,293.0,NE
0.89,289.0,cv
1.79,254.0,SE
3.58,279.0,SE
5.37,278.0,SE
6.26,281.0,SE
7.15,295.0,SE
8.04,307.0,SE
0.89,365.0,NE
0.89,431.0,cv
0.89,494.0,SE
0.89,490.0,cv
1.78,473.0,cv
0.89,473.0,SE
1.79,477.0,NW
4.92,301.0,NW
8.05,288.0,NW
12.07,96.0,NW
13.86,17.0,NW
3.13,26.0,NE
8.05,37.0,NE
11.18,36.0,NE
15.2,34.0,NE
4.92,34.0,NW
8.94,27.0,NW
4.02,29.0,NE
1.79,29.0,cv
1.79,32.0,NW
3.58,35.0,NW
0.89,39.0,cv
1.79,42.0,SE
3.58,99.0,SE
5.37,137.0,SE
7.16,168.0,SE
0.89,177.0,cv
1.78,184.0,cv
0.89,195.0,SE
1.78,193.0,SE
0.89,187.0,cv
1.78,178.0,cv
2.67,206.0,cv
0.89,260.0,SE
0.89,276.0,NE
0.89,250.0,cv
1.34,203.0,cv
1.79,222.0,NW
0.89,113.0,cv
1.78,54.0,cv
2.67,63.0,cv
3.56,65.0,cv
4.45,100.0,cv
1.79,126.0,SE
3.58,221.0,SE
5.37,406.0,SE
7.16,472.0,SE
8.95,498.0,SE
10.74,522.0,SE
13.87,469.0,SE
15.66,412.0,SE
1.79,372.0,NE
1.79,355.0,SE
0.89,365.0,cv
0.89,392.0,NW
0.89,324.0,cv
4.02,386.0,NW
5.81,397.0,NW
6.7,416.0,NW
7.59,395.0,NW
1.79,370.0,NE
0.45,296.0,cv
1.34,275.0,cv
1.79,282.0,SE
3.58,270.0,SE
0.89,283.0,cv
1.78,269.0,cv
2.67,248.0,cv
3.56,268.0,cv
4.45,306.0,cv
0.89,270.0,SE
0.89,332.0,cv
0.89,335.0,NE
1.78,324.0,NE
0.89,318.0,cv
0.89,304.0,SE
1.78,266.0,SE
1.79,226.0,NW
3.58,252.0,NW
5.37,247.0,NW
6.26,247.0,NW
8.05,237.0,NW
9.84,229.0,NW
11.63,225.0,NW
12.52,231.0,NW
14.31,211.0,NW
16.1,181.0,NW
0.89,210.0,cv
1.78,211.0,cv
3.13,209.0,NW
0.89,215.0,cv
1.78,215.0,cv
2.67,201.0,cv
0.89,193.0,SE
2.68,189.0,SE
4.47,187.0,SE
6.26,240.0,SE
8.05,232.0,SE
0.89,279.0,cv
1.79,456.0,NE
0.89,420.0,cv
1.78,340.0,cv
2.67,306.0,cv
1.79,286.0,SE
0.89,284.0,NE
0.45,287.0,cv
0.89,281.0,NE
0.45,265.0,cv
0.89,232.0,NE
0.89,218.0,cv
1.79,202.0,NE
4.92,146.0,NW
12.97,27.0,NW
21.02,28.0,NW
30.85,17.0,NW
40.68,18.0,NW
51.86,17.0,NW
59.91,18.0,NW
67.96,15.0,NW
75.11,16.0,NW
84.94,13.0,NW
93.88,12.0,NW
105.95,11.0,NW
115.78,12.0,NW
123.83,11.0,NW
133.66,12.0,NW
143.49,11.0,NW
152.43,8.0,NW
160.48,9.0,NW
168.53,11.0,NW
176.58,8.0,NW
183.73,8.0,NW
3.13,16.0,NE
7.15,10.0,NE
4.02,16.0,NW
9.83,12.0,NW
13.85,11.0,NW
23.68,11.0,NW
30.83,17.0,NW
39.77,9.0,NW
50.95,10.0,NW
60.78,12.0,NW
69.72,14.0,NW
78.66,15.0,NW
87.6,15.0,NW
96.54,9.0,NW
104.59,7.0,NW
111.74,7.0,NW
119.79,7.0,NW
123.81,7.0,NW
127.83,17.0,NW
131.85,17.0,NW
134.98,18.0,NW
142.13,13.0,NW
147.05,13.0,NW
1.79,14.0,NE
5.81,12.0,NE
8.94,22.0,NE
4.92,32.0,NW
3.13,26.0,NE
8.94,25.0,NW
17.88,19.0,NW
25.03,19.0,NW
33.08,18.0,NW
41.13,16.0,NW
48.28,17.0,NW
55.43,18.0,NW
60.35,18.0,NW
67.5,20.0,NW
75.55,29.0,NW
82.7,17.0,NW
87.62,19.0,NW
93.43,11.0,NW
99.24,18.0,NW
106.39,11.0,NW
114.44,16.0,NW
121.59,17.0,NW
125.61,14.0,NW
129.63,15.0,NW
134.55,13.0,NW
136.34,15.0,NW
140.36,15.0,NW
144.38,21.0,NW
147.51,22.0,NW
155.56,27.0,NW
161.37,23.0,NW
167.18,21.0,NW
175.23,16.0,NW
183.28,15.0,NW
188.2,12.0,NW
193.12,63.0,NW
4.92,74.0,SE
9.84,77.0,SE
12.97,80.0,SE
14.76,85.0,SE
16.55,77.0,SE
0.89,76.0,cv
1.79,73.0,SE
0.89,82.0,cv
1.78,87.0,cv
2.67,100.0,cv
3.56,113.0,cv
4.45,135.0,cv
1.79,148.0,NE
3.58,153.0,NE
1.79,187.0,NW
3.58,180.0,NW
0.89,176.0,cv
1.78,70.0,cv
7.15,46.0,NW
15.2,30.0,NW
23.25,24.0,NW
30.4,28.0,NW
38.45,30.0,NW
45.6,33.0,NW
51.41,49.0,NW
57.22,47.0,NW
60.35,55.0,NW
65.27,59.0,NW
1.79,79.0,NE
1.79,48.0,NW
2.68,50.0,NW
4.47,62.0,NW
7.6,61.0,NW
11.62,46.0,NW
15.64,35.0,NW
19.66,25.0,NW
23.68,17.0,NW
4.02,16.0,NE
8.94,20.0,NE
12.07,25.0,NE
15.2,29.0,NE
1.79,26.0,SE
1.79,43.0,cv
1.79,31.0,SE
3.58,38.0,SE
5.37,61.0,SE
8.5,65.0,SE
9.39,57.0,SE
11.18,82.0,SE
12.97,91.0,SE
16.1,79.0,SE
17.89,62.0,SE
21.02,62.0,SE
24.15,71.0,SE
25.04,82.0,SE
0.89,81.0,cv
0.89,90.0,SE
0.89,100.0,cv
0.89,88.0,NE
0.89,79.0,cv
1.79,87.0,SE
3.58,90.0,SE
5.37,83.0,SE
7.16,93.0,SE
0.89,121.0,cv
0.89,147.0,SE
0.89,175.0,cv
1.78,181.0,cv
2.67,186.0,cv
3.56,200.0,cv
0.89,223.0,SE
0.89,238.0,cv
1.78,247.0,cv
2.67,279.0,cv
3.56,304.0,cv
4.45,320.0,cv
3.13,282.0,NW
8.05,56.0,NW
20.12,16.0,NW
31.3,15.0,NW
41.13,14.0,NW
49.18,14.0,NW
57.23,13.0,NW
62.15,10.0,NW
70.2,10.0,NW
78.25,11.0,NW
85.4,11.0,NW
92.55,13.0,NW
100.6,16.0,NW
107.75,18.0,NW
114.9,19.0,NW
123.84,13.0,NW
132.78,17.0,NW
140.83,14.0,NW
148.88,11.0,NW
156.03,10.0,NW
163.18,16.0,NW
172.12,17.0,NW
180.17,20.0,NW
188.22,14.0,NW
195.37,12.0,NW
202.52,23.0,NW
207.44,16.0,NW
212.36,16.0,NW
217.28,15.0,NW
219.07,16.0,NW
0.89,22.0,cv
1.79,21.0,NW
4.92,19.0,NW
9.84,28.0,NW
13.86,11.0,NW
18.78,13.0,NW
26.83,19.0,NW
34.88,15.0,NW
40.69,19.0,NW
46.5,12.0,NW
52.31,16.0,NW
61.25,15.0,NW
70.19,7.0,NW
80.02,11.0,NW
92.09,11.0,NW
103.27,7.0,NW
114.45,9.0,NW
124.28,10.0,NW
134.11,11.0,NW
145.29,10.0,NW
152.44,15.0,NW
159.59,11.0,NW
168.53,10.0,NW
177.47,9.0,NW
184.62,8.0,NW
192.67,8.0,NW
200.72,7.0,NW
207.87,10.0,NW
215.92,14.0,NW
224.86,17.0,NW
233.8,13.0,NW
242.74,12.0,NW
250.79,15.0,NW
258.84,16.0,NW
266.89,20.0,NW
274.04,17.0,NW
278.96,17.0,NW
0.89,18.0,cv
1.34,19.0,cv
2.23,36.0,cv
2.68,53.0,cv
3.57,49.0,cv
0.89,74.0,NE
0.89,85.0,cv
1.78,96.0,cv
1.79,123.0,NW
3.58,122.0,NW
5.37,140.0,NW
7.16,114.0,NW
10.29,109.0,NW
11.18,92.0,NW
12.97,68.0,NW
16.1,55.0,NW
17.89,58.0,NW
19.68,57.0,NW
0.89,69.0,cv
1.79,75.0,NW
3.58,77.0,NW
5.37,77.0,NW
1.79,129.0,cv
2.68,107.0,cv
1.79,156.0,SE
0.89,108.0,NE
0.45,109.0,cv
1.34,128.0,cv
1.79,170.0,cv
1.79,151.0,NW
4.92,177.0,NW
8.94,111.0,NW
12.07,50.0,NW
16.09,39.0,NW
20.11,28.0,NW
4.92,14.0,NE
8.94,13.0,NE
13.86,19.0,NE
17.88,19.0,NE
21.9,15.0,NE
25.92,22.0,NE
30.84,33.0,NE
33.97,40.0,NE
1.79,35.0,NW
0.89,38.0,cv
1.78,40.0,cv
1.79,44.0,NW
1.79,45.0,NE
0.89,67.0,cv
1.79,88.0,NE
0.89,111.0,NW
2.68,107.0,NW
5.81,99.0,NW
9.83,116.0,NW
12.96,105.0,NW
16.09,64.0,NW
20.11,31.0,NW
4.02,27.0,NE
4.02,26.0,NW
4.02,23.0,NE
3.13,18.0,NW
3.13,13.0,NE
3.13,21.0,NW
4.92,18.0,NW
4.02,30.0,NE
8.94,30.0,NE
12.07,36.0,NE
1.79,38.0,NW
1.79,39.0,NE
0.89,29.0,cv
1.78,34.0,cv
2.67,42.0,cv
3.56,51.0,cv
4.45,58.0,cv
0.89,150.0,NE
0.89,152.0,cv
1.78,161.0,cv
1.79,153.0,NW
2.68,142.0,NW
0.89,185.0,NE
1.79,191.0,NW
3.58,188.0,NW
5.37,123.0,NW
7.16,72.0,NW
11.18,69.0,NW
14.31,35.0,NW
19.23,36.0,NW
23.25,31.0,NW
26.38,42.0,NW
30.4,48.0,NW
33.53,66.0,NW
35.32,66.0,NW
1.79,62.0,cv
1.79,65.0,NW
3.58,85.0,NW
1.79,112.0,cv
4.92,94.0,SE
8.05,105.0,SE
4.02,62.0,NW
0.45,47.0,cv
0.89,103.0,NW
0.89,100.0,cv
1.78,123.0,cv
1.79,100.0,NW
0.89,74.0,cv
1.78,81.0,cv
0.89,30.0,NW
4.02,21.0,NW
0.89,11.0,cv
1.78,13.0,cv
3.13,13.0,NW
7.15,17.0,NW
12.96,12.0,NW
18.77,18.0,NW
27.71,17.0,NW
43.81,18.0,NW
53.64,19.0,NW
65.71,14.0,NW
78.67,14.0,NW
91.63,13.0,NW
101.46,10.0,NW
110.4,9.0,NW
118.45,12.0,NW
121.58,18.0,NW
0.89,14.0,NE
3.13,16.0,cv
3.13,19.0,NW
6.26,13.0,NW
9.39,14.0,NW
15.2,14.0,NW
19.22,13.0,NW
23.24,12.0,NW
26.37,12.0,NW
31.29,13.0,NW
36.21,18.0,NW
40.23,24.0,NW
47.38,31.0,NW
54.53,27.0,NW
60.34,19.0,NW
65.26,14.0,NW
71.07,16.0,NW
75.99,15.0,NW
80.01,22.0,NW
84.03,27.0,NW
3.13,38.0,SE
1.79,40.0,NW
3.58,51.0,NW
0.89,64.0,NE
0.89,68.0,NW
0.89,70.0,NE
1.78,95.0,NE
0.89,118.0,cv
0.89,117.0,SE
1.79,119.0,NW
2.68,106.0,NW
4.47,98.0,NW
7.6,73.0,NW
1.79,76.0,NE
0.89,87.0,cv
1.79,98.0,NW
4.92,90.0,NW
8.05,70.0,NW
12.07,63.0,NW
16.99,33.0,NW
24.14,15.0,NW
32.19,18.0,NW
38.0,16.0,NW
42.02,18.0,NW
46.94,8.0,NW
0.89,16.0,cv
3.13,17.0,NW
7.15,15.0,NW
11.17,16.0,NW
16.09,13.0,NW
21.9,11.0,NW
25.92,10.0,NW
30.84,11.0,NW
0.89,11.0,cv
1.79,16.0,NW
4.92,14.0,NW
8.94,13.0,NW
12.96,21.0,NW
14.75,20.0,NW
0.89,19.0,cv
1.79,21.0,NW
4.92,27.0,NW
9.84,22.0,NW
16.99,27.0,NW
22.8,38.0,NW
29.95,30.0,NW
35.76,22.0,NW
38.89,21.0,NW
40.68,53.0,NW
1.79,90.0,NE
1.79,102.0,NW
4.92,90.0,NW
1.79,126.0,NE
0.45,131.0,cv
0.9,105.0,cv
0.89,103.0,NW
0.45,99.0,cv
1.79,79.0,NW
3.58,64.0,NW
5.37,37.0,NW
8.5,54.0,NW
12.52,45.0,NW
0.89,38.0,cv
1.79,37.0,NW
4.92,48.0,NW
1.79,48.0,NE
1.79,66.0,NW
0.89,65.0,cv
1.78,63.0,cv
1.79,56.0,NW
1.79,61.0,SE
1.79,70.0,NE
2.68,90.0,NE
0.89,136.0,cv
1.34,165.0,cv
2.23,193.0,cv
1.79,214.0,NW
3.58,147.0,NW
1.79,77.0,NE
0.89,69.0,cv
0.89,79.0,SE
0.45,146.0,cv
1.79,139.0,NW
2.68,124.0,NW
4.47,134.0,NW
0.89,95.0,cv
3.13,79.0,NW
4.92,58.0,NW
1.79,49.0,NE
3.58,60.0,NE
0.89,56.0,cv
1.78,57.0,cv
1.79,67.0,SE
3.58,92.0,SE
4.47,121.0,SE
5.36,151.0,SE
0.89,183.0,NE
2.68,221.0,NE
3.57,268.0,NE
4.46,307.0,NE
5.35,302.0,NE
6.24,316.0,NE
0.89,327.0,cv
1.79,286.0,NW
3.58,249.0,NW
5.37,187.0,NW
7.16,146.0,NW
8.95,150.0,NW
10.74,121.0,NW
12.53,116.0,NW
14.32,122.0,NW
17.45,122.0,NW
20.58,132.0,NW
22.37,142.0,NW
0.89,146.0,cv
1.78,161.0,cv
3.57,157.0,cv
4.46,162.0,cv
0.89,161.0,SE
0.89,183.0,cv
0.89,204.0,SE
0.89,250.0,cv
0.89,271.0,SE
0.89,292.0,NE
1.79,324.0,NW
0.89,356.0,cv
3.13,333.0,NW
6.26,262.0,NW
9.39,199.0,NW
12.52,169.0,NW
16.54,154.0,NW
20.56,145.0,NW
24.58,163.0,NW
28.6,184.0,NW
31.73,187.0,NW
0.45,132.0,cv
3.13,134.0,NE
6.26,108.0,NE
1.79,115.0,cv
1.79,101.0,SE
5.81,63.0,SE
9.83,99.0,SE
11.62,137.0,SE
15.64,200.0,SE
17.43,316.0,SE
20.56,437.0,SE
22.35,228.0,SE
23.24,104.0,SE
25.03,87.0,SE
26.82,66.0,SE
0.89,62.0,NW
0.89,61.0,cv
1.78,47.0,cv
2.67,52.0,cv
1.79,50.0,SE
4.92,42.0,SE
8.05,33.0,SE
9.84,41.0,SE
11.63,36.0,SE
14.76,40.0,SE
18.78,46.0,SE
21.91,57.0,SE
25.93,64.0,SE
29.06,68.0,SE
30.85,72.0,SE
32.64,73.0,SE
34.43,78.0,SE
36.22,79.0,SE
38.01,82.0,SE
39.8,87.0,SE
41.59,91.0,SE
43.38,79.0,SE
45.17,64.0,SE
46.96,69.0,SE
48.75,71.0,SE
49.64,67.0,SE
0.89,64.0,cv
0.89,64.0,NE
1.78,70.0,NE
0.89,71.0,cv
1.78,79.0,cv
2.23,80.0,cv
0.89,81.0,SE
0.89,91.0,cv
1.79,101.0,SE
0.89,112.0,cv
1.78,123.0,cv
2.67,141.0,cv
1.79,150.0,NE
0.89,170.0,cv
1.78,190.0,cv
0.89,201.0,SE
0.89,211.0,cv
0.89,218.0,SE
0.89,222.0,cv
0.89,207.0,NE
3.13,208.0,NW
6.26,195.0,NW
7.15,163.0,NW
10.28,196.0,NW
13.41,175.0,NW
15.2,144.0,NW
18.33,137.0,NW
21.46,128.0,NW
23.25,135.0,NW
26.38,157.0,NW
29.51,164.0,NW
32.64,155.0,NW
35.77,159.0,NW
4.02,130.0,NE
8.94,98.0,NE
3.13,82.0,NW
1.79,71.0,NE
3.58,66.0,NE
0.89,72.0,cv
1.34,192.0,cv
1.79,209.0,cv
2.68,209.0,cv
0.89,217.0,NE
0.89,223.0,cv
1.79,251.0,NE
0.89,283.0,cv
0.89,275.0,NE
1.79,303.0,NW
3.58,215.0,NW
6.71,222.0,NW
4.92,85.0,NE
10.73,38.0,NE
14.75,23.0,NE
17.88,19.0,NE
21.9,14.0,NE
27.71,16.0,NE
33.52,21.0,NE
38.44,22.0,NE
42.46,22.0,NE
45.59,17.0,NE
47.38,22.0,NE
1.79,29.0,NW
0.89,39.0,cv
1.78,42.0,cv
2.23,55.0,cv
2.68,55.0,cv
0.89,72.0,SE
0.89,81.0,cv
3.13,80.0,SE
7.15,128.0,SE
10.28,114.0,SE
12.07,97.0,SE
13.86,79.0,SE
15.65,88.0,SE
17.44,87.0,SE
20.57,98.0,SE
22.36,99.0,SE
0.45,100.0,cv
1.34,104.0,cv
0.89,131.0,SE
0.89,134.0,cv
1.78,169.0,cv
1.79,133.0,SE
8.94,39.0,NW
17.88,12.0,NW
29.06,19.0,NW
40.24,14.0,NW
52.31,13.0,NW
62.14,13.0,NW
74.21,16.0,NW
85.39,8.0,NW
95.22,10.0,NW
108.18,27.0,NW
119.36,18.0,NW
127.41,14.0,NW
134.56,16.0,NW
138.58,17.0,NW
144.39,11.0,NW
151.54,11.0,NW
157.35,12.0,NW
165.4,15.0,NW
172.55,17.0,NW
177.47,14.0,NW
183.28,16.0,NW
191.33,18.0,NW
202.51,24.0,NW
211.45,16.0,NW
223.52,18.0,NW
236.48,13.0,NW
250.34,23.0,NW
262.41,13.0,NW
273.59,11.0,NW
285.66,8.0,NW
297.73,19.0,NW
307.56,11.0,NW
318.74,12.0,NW
329.92,10.0,NW
339.75,16.0,NW
348.69,14.0,NW
355.84,13.0,NW
358.97,10.0,NW
360.76,11.0,NW
363.89,18.0,NW
0.89,13.0,cv
3.13,13.0,NE
1.79,15.0,SE
4.92,20.0,NW
9.84,19.0,NW
16.99,16.0,NW
22.8,17.0,NW
28.61,12.0,NW
34.42,25.0,NW
40.23,16.0,NW
46.04,15.0,NW
50.96,21.0,NW
55.88,37.0,NW
4.02,42.0,SE
4.02,55.0,NW
0.89,74.0,NE
1.79,87.0,cv
0.89,86.0,NE
1.78,87.0,NE
0.89,90.0,cv
1.78,89.0,cv
2.67,91.0,cv
3.12,99.0,cv
3.13,150.0,NW
4.92,143.0,NW
6.71,130.0,NW
8.5,102.0,NW
10.29,96.0,NW
13.42,72.0,NW
16.55,60.0,NW
18.34,70.0,NW
20.13,76.0,NW
0.89,69.0,cv
1.78,53.0,cv
2.67,53.0,cv
0.89,65.0,SE
1.78,86.0,SE
0.45,115.0,cv
0.9,179.0,cv
1.79,235.0,cv
0.89,241.0,NW
0.89,189.0,cv
1.79,161.0,NW
4.92,189.0,NW
0.89,161.0,cv
1.78,161.0,cv
0.89,159.0,SE
0.89,197.0,cv
1.79,183.0,NW
3.58,172.0,NW
5.37,170.0,NW
0.89,179.0,NE
1.79,194.0,SE
4.92,183.0,SE
8.05,150.0,SE
11.18,87.0,SE
12.97,93.0,SE
14.76,91.0,SE
16.55,67.0,SE
19.68,54.0,SE
21.47,62.0,SE
25.49,56.0,SE
27.28,58.0,SE
29.07,54.0,SE
30.86,51.0,SE
32.65,52.0,SE
34.44,45.0,SE
36.23,45.0,SE
38.02,49.0,SE
39.81,47.0,SE
42.94,40.0,SE
44.73,46.0,SE
46.52,51.0,SE
48.31,49.0,SE
51.44,60.0,SE
53.23,69.0,SE
55.02,66.0,SE
56.81,68.0,SE
1.79,83.0,NE
3.58,132.0,NE
0.89,175.0,cv
1.79,170.0,SE
3.58,172.0,SE
5.37,169.0,SE
6.26,176.0,SE
7.15,175.0,SE
1.79,172.0,NE
0.89,166.0,cv
0.89,171.0,NE
0.89,164.0,cv
1.78,191.0,cv
2.23,171.0,cv
0.89,184.0,NW
0.89,191.0,NE
3.13,169.0,NW
4.92,156.0,NW
6.71,151.0,NW
9.84,120.0,NW
11.63,116.0,NW
15.65,109.0,NW
1.79,111.0,NE
1.79,124.0,NW
3.58,125.0,NW
0.89,151.0,cv
1.78,149.0,cv
2.67,153.0,cv
4.46,152.0,cv
5.35,144.0,cv
6.24,197.0,cv
0.89,181.0,SE
0.45,197.0,cv
0.9,201.0,cv
1.35,211.0,cv
2.24,235.0,cv
0.89,275.0,NE
0.45,289.0,cv
0.89,284.0,NW
1.78,205.0,NW
2.67,146.0,NW
4.46,127.0,NW
6.25,79.0,NW
8.04,63.0,NW
11.17,79.0,NW
12.96,126.0,NW
14.75,100.0,NW
1.79,96.0,NE
0.89,74.0,cv
1.78,77.0,cv
2.67,85.0,cv
1.79,204.0,SE
4.92,184.0,SE
8.94,177.0,SE
12.96,175.0,SE
0.89,149.0,cv
1.79,180.0,SE
3.58,267.0,SE
4.47,314.0,SE
1.79,350.0,NE
2.68,335.0,NE
3.57,366.0,NE
1.79,358.0,SE
3.58,388.0,SE
1.79,433.0,NE
3.58,524.0,NE
4.47,534.0,NE
0.89,501.0,cv
1.78,513.0,cv
2.67,491.0,cv
3.56,502.0,cv
1.79,484.0,NW
6.71,494.0,NW
12.52,155.0,NW
20.57,21.0,NW
29.51,21.0,NW
37.56,19.0,NW
46.5,17.0,NW
54.55,13.0,NW
61.7,15.0,NW
70.64,11.0,NW
79.58,12.0,NW
85.39,12.0,NW
89.41,10.0,NW
3.13,18.0,NE
7.15,17.0,NE
10.28,14.0,NE
0.89,17.0,cv
3.13,13.0,NW
3.13,14.0,NE
0.89,24.0,cv
1.34,25.0,cv
1.79,32.0,NW
3.58,29.0,NW
6.71,53.0,NW
8.5,31.0,NW
1.79,33.0,cv
2.68,47.0,cv
4.02,57.0,SE
8.04,47.0,SE
12.96,46.0,SE
17.88,65.0,SE
21.9,71.0,SE
25.03,68.0,SE
28.16,71.0,SE
31.29,93.0,SE
34.42,120.0,SE
36.21,112.0,SE
0.89,123.0,cv
1.79,138.0,SE
1.79,147.0,NE
2.68,156.0,NE
3.57,169.0,NE
0.89,156.0,NW
1.78,148.0,NW
3.57,137.0,NW
4.46,146.0,NW
6.25,130.0,NW
9.38,123.0,NW
13.4,126.0,NW
15.19,130.0,NW
16.98,136.0,NW
1.79,149.0,cv
3.13,196.0,SE
6.26,162.0,SE
8.05,160.0,SE
0.45,160.0,cv
0.9,174.0,cv
1.35,144.0,cv
2.24,171.0,cv
1.79,156.0,NW
3.58,230.0,NW
8.5,182.0,NW
11.63,100.0,NW
15.65,60.0,NW
18.78,50.0,NW
22.8,52.0,NW
25.93,57.0,NW
29.95,41.0,NW
31.74,47.0,NW
33.53,44.0,NW
36.66,37.0,NW
39.79,52.0,NW
43.81,46.0,NW
45.6,43.0,NW
47.39,45.0,NW
1.79,45.0,cv
2.68,61.0,cv
4.02,69.0,SE
7.15,66.0,SE
10.28,39.0,SE
13.41,57.0,SE
15.2,72.0,SE
16.99,73.0,SE
0.89,73.0,cv
1.78,91.0,cv
1.79,101.0,NW
3.58,137.0,NW
6.71,133.0,NW
8.5,130.0,NW
0.89,125.0,cv
4.92,125.0,NW
0.45,98.0,cv
1.79,58.0,NW
3.58,42.0,NW
6.71,39.0,NW
4.02,33.0,NE
5.37,254.0,NW
0.89,281.0,cv
1.78,301.0,cv
2.67,285.0,cv
0.89,304.0,SE
1.78,309.0,SE
0.89,308.0,cv
0.89,338.0,SE
0.89,416.0,NE
0.89,398.0,SE
0.89,385.0,cv
1.78,348.0,cv
1.79,332.0,SE
0.89,339.0,cv
1.78,344.0,cv
1.79,353.0,NW
3.58,385.0,NW
5.37,394.0,NW
8.5,401.0,NW
12.52,393.0,NW
15.65,381.0,NW
19.67,384.0,NW
22.8,372.0,NW
24.59,370.0,NW
0.89,345.0,cv
1.78,359.0,cv
2.67,382.0,cv
3.56,412.0,cv
4.45,440.0,cv
0.89,436.0,SE
1.78,450.0,SE
2.67,456.0,SE
3.56,469.0,SE
4.45,450.0,SE
0.89,458.0,cv
1.78,446.0,cv
2.67,437.0,cv
3.56,460.0,cv
4.45,503.0,cv
0.89,558.0,NW
1.78,486.0,NW
3.57,441.0,NW
5.36,388.0,NW
8.49,351.0,NW
11.62,348.0,NW
0.89,390.0,cv
1.79,405.0,NW
4.92,380.0,NW
0.89,373.0,cv
1.78,379.0,cv
2.67,387.0,cv
0.89,378.0,SE
1.78,399.0,SE
2.67,414.0,SE
3.56,419.0,SE
4.45,436.0,SE
5.34,436.0,SE
6.23,459.0,SE
1.79,494.0,NW
4.92,522.0,NW
6.71,479.0,NW
9.84,315.0,NW
7.15,121.0,NE
12.96,49.0,NE
17.88,52.0,NE
22.8,47.0,NE
27.72,29.0,NE
32.64,17.0,NE
38.45,15.0,NE
42.47,24.0,NE
47.39,22.0,NE
53.2,21.0,NE
60.35,20.0,NE
66.16,22.0,NE
71.08,21.0,NE
76.89,12.0,NE
84.04,13.0,NE
89.85,13.0,NE
94.77,22.0,NE
99.69,16.0,NE
105.5,22.0,NE
111.31,17.0,NE
118.46,21.0,NE
125.61,18.0,NE
131.42,17.0,NE
138.57,10.0,NE
145.72,10.0,NE
152.87,11.0,NE
158.68,11.0,NE
165.83,9.0,NE
171.64,7.0,NE
175.66,10.0,NE
180.58,12.0,NE
185.5,16.0,NE
4.92,21.0,NW
8.94,17.0,NW
12.96,18.0,NW
16.98,20.0,NW
3.13,20.0,NE
4.92,17.0,NE
8.05,13.0,NE
8.94,20.0,NE
10.73,15.0,NE
1.79,14.0,NW
5.81,22.0,NW
9.83,28.0,NW
4.02,20.0,NE
5.81,13.0,NE
8.94,21.0,NE
4.02,29.0,NW
8.94,19.0,NW
13.86,14.0,NW
3.13,11.0,NE
8.05,15.0,NE
12.07,16.0,NE
3.13,16.0,NW
4.92,19.0,NE
9.84,16.0,NE
13.86,21.0,NE
17.88,21.0,NE
4.02,22.0,NW
8.94,20.0,NW
14.75,18.0,NW
22.8,23.0,NW
4.92,35.0,SE
8.94,51.0,SE
10.73,54.0,SE
1.79,68.0,NW
4.92,108.0,NW
0.89,193.0,cv
1.79,182.0,NW
0.89,161.0,cv
3.13,225.0,NW
4.92,994.0,NW
8.05,972.0,NW
11.18,430.0,NW
0.89,296.0,cv
1.79,284.0,NW
3.58,285.0,NW
0.45,223.0,cv
1.79,141.0,NW
0.89,66.0,cv
1.78,33.0,cv
8.05,36.0,NW
16.1,27.0,NW
23.25,27.0,NW
30.4,20.0,NW
37.55,32.0,NW
44.7,24.0,NW
49.62,13.0,NW
52.75,24.0,NW
55.88,88.0,NW
57.67,103.0,NW
60.8,200.0,NW
63.93,157.0,NW
0.89,97.0,cv
1.79,79.0,NW
3.58,14.0,NW
7.6,12.0,NW
12.52,10.0,NW
17.44,8.0,NW
23.25,6.0,NW
29.06,8.0,NW
33.08,11.0,NW
37.1,9.0,NW
41.12,7.0,NW
44.25,10.0,NW
48.27,12.0,NW
52.29,13.0,NW
59.44,13.0,NW
66.59,11.0,NW
73.74,16.0,NW
78.66,15.0,NW
1.79,12.0,NE
1.79,9.0,NW
4.92,18.0,NW
0.89,25.0,cv
1.78,37.0,cv
2.67,85.0,cv
3.12,73.0,cv
1.79,33.0,NW
2.68,45.0,NW
3.57,61.0,NW
0.45,66.0,cv
1.79,50.0,NW
3.58,37.0,NW
6.71,42.0,NW
0.89,43.0,cv
1.78,48.0,cv
2.67,44.0,cv
3.56,50.0,cv
4.45,52.0,cv
5.34,51.0,cv
3.13,47.0,SE
4.92,51.0,NW
12.97,47.0,NW
22.8,43.0,NW
26.82,39.0,NW
4.02,60.0,SE
8.04,69.0,SE
12.06,93.0,SE
15.19,127.0,SE
3.13,122.0,NW
0.89,156.0,cv
1.79,176.0,NW
3.58,169.0,NW
0.89,166.0,cv
1.79,151.0,NW
3.58,113.0,NW
5.37,77.0,NW
7.16,80.0,NW
0.89,80.0,cv
3.13,62.0,NW
0.89,47.0,cv
1.78,55.0,cv
2.67,70.0,cv
3.56,79.0,cv
1.79,66.0,SE
3.58,67.0,SE
5.37,77.0,SE
9.39,84.0,SE
12.52,87.0,SE
0.45,115.0,cv
1.34,111.0,cv
2.23,125.0,cv
3.12,158.0,cv
3.13,227.0,NW
0.89,192.0,cv
4.92,113.0,NE
10.73,51.0,NE
12.52,25.0,NE
0.89,18.0,cv
0.89,40.0,NE
0.89,139.0,cv
1.78,162.0,cv
1.79,95.0,NW
4.02,8.0,NE
8.94,21.0,NE
1.79,20.0,cv
2.68,29.0,cv
3.57,24.0,cv
5.36,23.0,cv
3.13,36.0,SE
6.26,76.0,SE
9.39,84.0,SE
11.18,75.0,SE
12.07,93.0,SE
12.96,103.0,SE
16.09,128.0,SE
19.22,158.0,SE
22.35,124.0,SE
26.37,122.0,SE
0.89,74.0,cv
1.78,51.0,cv
1.79,58.0,SE
3.58,59.0,SE
5.37,69.0,SE
0.45,67.0,cv
0.89,69.0,NW
1.78,63.0,NW
0.89,60.0,cv
1.79,72.0,NE
0.89,75.0,cv
1.78,79.0,cv
1.79,82.0,SE
0.89,79.0,cv
1.78,76.0,cv
2.67,87.0,cv
3.12,91.0,cv
4.01,88.0,cv
4.9,96.0,cv
5.79,103.0,cv
6.24,129.0,cv
7.13,132.0,cv
0.89,159.0,NE
2.68,164.0,NE
4.47,170.0,NE
8.49,165.0,NE
12.51,68.0,NE
4.02,44.0,NW
3.13,25.0,NE
7.15,15.0,NE
11.17,14.0,NE
14.3,14.0,NE
3.13,13.0,NW
3.13,12.0,NE
6.26,23.0,NE
8.05,19.0,NE
0.89,18.0,cv
1.79,20.0,NW
3.58,20.0,NW
1.79,31.0,cv
2.68,35.0,cv
1.79,46.0,SE
2.68,38.0,SE
3.57,49.0,SE
5.36,47.0,SE
8.49,69.0,SE
11.62,76.0,SE
15.64,87.0,SE
17.43,91.0,SE
19.22,73.0,SE
22.35,77.0,SE
24.14,109.0,SE
25.93,81.0,SE
27.72,89.0,SE
0.45,91.0,cv
0.9,91.0,cv
1.35,84.0,cv
2.24,99.0,cv
1.79,112.0,SE
3.58,127.0,SE
5.37,133.0,SE
7.16,133.0,SE
0.89,129.0,cv
1.78,134.0,cv
2.67,135.0,cv
3.56,138.0,cv
0.89,155.0,NE
1.78,157.0,NE
2.67,147.0,NE
3.56,151.0,NE
5.35,152.0,NE
7.14,142.0,NE
0.45,132.0,cv
1.79,139.0,NW
4.92,150.0,NW
8.05,150.0,NW
9.84,143.0,NW
11.63,144.0,NW
14.76,154.0,NW
18.78,152.0,NW
4.02,147.0,NE
8.94,141.0,NE
14.75,135.0,NE
21.9,58.0,NE
27.71,14.0,NE
32.63,19.0,NE
37.55,22.0,NE
43.36,23.0,NE
47.38,18.0,NE
52.3,17.0,NE
56.32,14.0,NE
61.24,13.0,NE
65.26,13.0,NE
70.18,18.0,NE
74.2,8.0,NE
80.01,9.0,NE
85.82,15.0,NE
5.81,14.0,NW
4.92,13.0,NE
9.84,9.0,NE
14.76,11.0,NE
18.78,12.0,NE
20.57,11.0,NE
23.7,13.0,NE
4.02,13.0,NW
12.07,13.0,NW
20.12,14.0,NW
23.25,14.0,NW
4.02,14.0,NE
8.04,12.0,NE
11.17,13.0,NE
14.3,16.0,NE
16.09,16.0,NE
17.88,17.0,NE
0.89,23.0,SE
0.89,25.0,NE
2.68,39.0,NE
6.7,52.0,NE
10.72,42.0,NE
15.64,24.0,NE
4.02,24.0,NW
11.17,30.0,NW
16.09,13.0,NW
21.01,10.0,NW
26.82,8.0,NW
30.84,7.0,NW
37.99,6.0,NW
43.8,9.0,NW
47.82,11.0,NW
52.74,16.0,NW
57.66,13.0,NW
62.58,16.0,NW
69.73,14.0,NW
75.54,17.0,NW
3.13,14.0,NE
3.13,13.0,NW
1.79,18.0,NE
0.89,24.0,cv
1.78,39.0,cv
2.67,57.0,cv
3.56,69.0,cv
4.45,75.0,cv
5.34,82.0,cv
6.23,92.0,cv
0.89,64.0,NW
4.02,61.0,NW
7.15,40.0,NW
8.94,60.0,NW
12.07,68.0,NW
13.86,68.0,NW
16.99,63.0,NW
20.12,63.0,NW
24.14,60.0,NW
27.27,52.0,NW
30.4,49.0,NW
32.19,59.0,NW
1.79,60.0,cv
4.02,52.0,NW
13.85,50.0,NW
25.03,76.0,NW
33.97,66.0,NW
39.78,72.0,NW
1.79,82.0,NE
0.89,100.0,SE
0.89,129.0,cv
1.78,147.0,cv
1.79,114.0,NW
4.92,50.0,NW
10.73,14.0,NW
15.65,16.0,NW
21.46,9.0,NW
3.13,9.0,NE
6.26,8.0,NE
3.13,9.0,NW
5.81,9.0,NE
11.62,9.0,NE
16.54,17.0,NE
20.56,21.0,NE
24.58,19.0,NE
26.37,19.0,NE
1.79,20.0,cv
2.68,22.0,cv
4.47,29.0,cv
1.79,40.0,SE
6.71,69.0,SE
10.73,70.0,SE
13.86,62.0,SE
15.65,60.0,SE
0.89,61.0,cv
1.78,72.0,cv
0.89,82.0,SE
2.68,100.0,SE
4.47,118.0,SE
0.89,126.0,cv
1.79,140.0,SE
2.68,132.0,SE
0.45,119.0,cv
0.89,100.0,SE
0.89,92.0,cv
1.79,90.0,NW
1.79,109.0,NE
1.79,103.0,NW
3.58,81.0,NW
0.89,82.0,cv
1.78,100.0,cv
1.79,103.0,NW
1.79,116.0,cv
1.79,108.0,SE
4.92,113.0,SE
8.94,127.0,SE
12.96,132.0,SE
13.85,128.0,SE
14.74,132.0,SE
0.45,201.0,cv
0.89,265.0,NE
0.89,252.0,cv
0.89,254.0,NE
2.68,262.0,NE
0.89,251.0,NW
2.68,278.0,NW
5.81,263.0,NW
13.86,183.0,NW
23.69,18.0,NW
32.63,20.0,NW
43.81,19.0,NW
59.01,12.0,NW
71.97,11.0,NW
87.17,10.0,NW
99.24,12.0,NW
111.31,19.0,NW
124.27,22.0,NW
137.23,23.0,NW
153.32,13.0,NW
165.39,12.0,NW
174.33,10.0,NW
188.19,27.0,NW
200.26,32.0,NW
213.22,42.0,NW
224.4,66.0,NW
233.34,56.0,NW
239.15,163.0,NW
252.11,17.0,NW
265.97,7.0,NW
278.04,7.0,NW
283.85,7.0,NW
293.68,9.0,NW
300.83,9.0,NW
304.85,7.0,NW
0.89,9.0,cv
7.15,13.0,NW
14.3,22.0,NW
21.45,15.0,NW
30.39,13.0,NW
39.33,18.0,NW
46.48,14.0,NW
54.53,12.0,NW
60.34,12.0,NW
66.15,13.0,NW
71.07,12.0,NW
75.99,12.0,NW
83.14,12.0,NW
88.06,12.0,NW
92.98,9.0,NW
98.79,9.0,NW
105.94,11.0,NW
113.09,9.0,NW
118.9,10.0,NW
124.71,10.0,NW
129.63,11.0,NW
131.42,10.0,NW
134.55,8.0,NW
136.34,9.0,NW
1.79,12.0,NE
3.13,16.0,NW
7.15,11.0,NW
16.09,27.0,NW
25.92,21.0,NW
35.75,16.0,NW
43.8,11.0,NW
49.61,11.0,NW
56.76,17.0,NW
63.91,17.0,NW
1.79,12.0,NE
3.13,20.0,NW
1.79,21.0,NE
3.13,26.0,NW
0.89,18.0,cv
3.13,22.0,NW
4.92,18.0,NW
0.89,39.0,NE
0.45,36.0,cv
0.9,28.0,cv
0.89,28.0,NW
4.02,33.0,NW
5.81,33.0,NW
0.89,38.0,cv
3.13,77.0,NW
6.26,84.0,NW
1.79,84.0,SE
1.79,63.0,cv
3.58,52.0,cv
5.37,40.0,cv
4.02,36.0,SE
8.94,37.0,SE
14.75,45.0,SE
19.67,51.0,SE
23.69,55.0,SE
28.61,66.0,SE
3.13,64.0,NW
6.26,56.0,NW
9.39,57.0,NW
17.44,21.0,NW
28.62,6.0,NW
36.67,4.0,NW
45.61,6.0,NW
52.76,8.0,NW
55.89,7.0,NW
57.68,9.0,NW
59.47,11.0,NW
0.89,13.0,cv
1.78,21.0,cv
1.79,29.0,SE
3.13,19.0,NW
0.89,36.0,cv
2.68,23.0,cv
3.57,23.0,cv
3.13,18.0,SE
8.05,19.0,SE
13.86,27.0,SE
18.78,36.0,SE
23.7,23.0,SE
27.72,34.0,SE
32.64,46.0,SE
37.56,54.0,SE
41.58,63.0,SE
43.37,82.0,SE
45.16,74.0,SE
46.95,95.0,SE
48.74,102.0,SE
50.53,114.0,SE
1.79,121.0,NE
2.68,117.0,NE
0.89,112.0,cv
1.79,123.0,NW
3.58,126.0,NW
6.71,129.0,NW
9.84,121.0,NW
4.02,111.0,NE
7.15,73.0,NE
3.13,49.0,NW
4.02,40.0,NE
7.15,39.0,NE
8.94,40.0,NE
10.73,34.0,NE
0.89,29.0,SE
2.68,44.0,SE
3.57,74.0,SE
4.46,87.0,SE
8.48,106.0,SE
12.5,147.0,SE
16.52,175.0,SE
19.65,107.0,SE
21.44,99.0,SE
0.89,86.0,cv
0.89,74.0,SE
0.89,78.0,cv
1.79,75.0,NE
1.79,70.0,NW
4.92,70.0,NW
8.05,77.0,NW
9.84,90.0,NW
1.79,113.0,SE
1.79,97.0,cv
1.79,111.0,SE
1.79,104.0,NE
0.89,106.0,cv
1.78,105.0,cv
2.67,105.0,cv
1.79,112.0,SE
0.89,120.0,cv
0.89,134.0,NE
0.89,143.0,SE
0.89,157.0,cv
1.78,149.0,cv
3.13,170.0,NW
0.89,183.0,cv
1.78,175.0,cv
1.79,154.0,NW
3.58,145.0,NW
5.37,144.0,NW
6.26,163.0,NW
9.39,172.0,NW
11.18,170.0,NW
12.97,182.0,NW
1.79,138.0,NE
1.79,149.0,NW
0.89,163.0,cv
1.78,165.0,cv
3.13,192.0,SE
6.26,226.0,SE
9.39,221.0,SE
0.89,224.0,cv
0.89,228.0,SE
1.78,254.0,SE
2.67,288.0,SE
0.89,295.0,cv
1.78,332.0,cv
2.67,352.0,cv
0.89,376.0,NW
0.89,380.0,cv
3.13,327.0,NW
7.15,306.0,NW
11.17,248.0,NW
16.98,235.0,NW
21.0,236.0,NW
25.02,151.0,NW
4.02,14.0,NE
7.15,13.0,NW
4.92,16.0,NE
8.94,16.0,NE
5.81,15.0,NW
12.96,22.0,NW
4.02,25.0,NE
5.81,26.0,NE
1.79,23.0,SE
3.58,24.0,SE
4.47,25.0,SE
0.89,22.0,NE
2.68,38.0,NE
3.13,57.0,NW
1.79,41.0,NE
3.13,71.0,SE
4.92,80.0,SE
6.71,129.0,SE
9.84,149.0,SE
12.97,132.0,SE
14.76,97.0,SE
15.65,83.0,SE
0.89,78.0,NE
1.78,92.0,NE
0.89,95.0,cv
0.89,92.0,NE
0.89,87.0,cv
1.78,96.0,cv
3.57,113.0,cv
1.79,138.0,SE
1.79,167.0,cv
4.02,134.0,SE
8.04,112.0,SE
1.79,118.0,cv
2.68,114.0,cv
1.79,126.0,SE
1.79,133.0,NE
3.13,145.0,NW
8.94,163.0,NW
16.09,16.0,NW
20.11,4.0,NW
25.03,5.0,NW
28.16,8.0,NW
33.08,12.0,NW
36.21,11.0,NW
38.0,10.0,NW
41.13,11.0,NW
44.26,9.0,NW
49.18,12.0,NW
54.1,17.0,NW
61.25,15.0,NW
66.17,24.0,NW
71.98,17.0,NW
76.9,11.0,NW
80.92,15.0,NW
88.07,18.0,NW
95.22,18.0,NW
102.37,16.0,NW
109.52,14.0,NW
115.33,16.0,NW
120.25,13.0,NW
125.17,15.0,NW
130.09,15.0,NW
133.22,20.0,NW
136.35,7.0,NW
140.37,8.0,NW
145.29,9.0,NW
150.21,11.0,NW
156.02,12.0,NW
161.83,11.0,NW
170.77,9.0,NW
178.82,10.0,NW
188.65,16.0,NW
201.61,17.0,NW
212.79,15.0,NW
223.97,18.0,NW
235.15,19.0,NW
246.33,26.0,NW
257.51,16.0,NW
268.69,24.0,NW
277.63,15.0,NW
286.57,13.0,NW
294.62,9.0,NW
302.67,8.0,NW
307.59,11.0,NW
313.4,10.0,NW
322.34,18.0,NW
331.28,18.0,NW
338.43,14.0,NW
344.24,16.0,NW
0.89,12.0,cv
3.13,9.0,NW
6.26,8.0,NW
8.05,10.0,NW
12.07,8.0,NW
16.09,17.0,NW
21.01,17.0,NW
25.93,30.0,NW
4.02,27.0,NE
5.81,23.0,NW
11.62,27.0,NW
18.77,19.0,NW
24.58,26.0,NW
30.39,45.0,NW
36.2,40.0,NW
41.12,52.0,NW
4.02,50.0,SE
7.15,53.0,SE
3.13,52.0,NW
0.89,59.0,cv
1.78,74.0,cv
2.67,90.0,cv
1.79,109.0,NW
6.71,105.0,NW
0.89,98.0,cv
1.79,91.0,NW
0.89,99.0,SE
1.79,98.0,NW
3.58,91.0,NW
6.71,87.0,NW
8.5,84.0,NW
1.79,89.0,NE
0.89,87.0,cv
1.79,80.0,NW
3.58,73.0,NW
1.79,52.0,cv
3.58,38.0,cv
5.37,33.0,cv
4.02,33.0,SE
8.04,25.0,SE
12.06,32.0,SE
13.85,41.0,SE
16.98,52.0,SE
0.89,64.0,cv
1.78,64.0,cv
2.67,56.0,cv
3.56,65.0,cv
1.79,81.0,NE
2.68,113.0,NE
1.79,163.0,NW
2.68,162.0,NW
5.81,152.0,NW
8.94,129.0,NW
10.73,105.0,NW
12.52,99.0,NW
0.89,94.0,cv
2.68,85.0,cv
4.47,110.0,cv
1.79,139.0,SE
0.89,139.0,cv
1.79,127.0,SE
3.58,129.0,SE
5.37,135.0,SE
7.16,145.0,SE
8.05,184.0,SE
8.94,236.0,SE
10.73,254.0,SE
12.52,260.0,SE
18.33,216.0,SE
23.25,160.0,SE
0.89,93.0,cv
1.34,75.0,cv
2.23,73.0,cv
3.12,68.0,cv
0.89,69.0,NW
0.89,82.0,cv
1.78,83.0,cv
1.79,99.0,NW
3.58,117.0,NW
5.37,125.0,NW
7.16,95.0,NW
0.89,103.0,cv
2.68,123.0,cv
1.79,117.0,SE
3.58,140.0,SE
6.71,151.0,SE
9.84,143.0,SE
11.63,148.0,SE
13.42,162.0,SE
0.89,134.0,cv
1.34,138.0,cv
1.79,155.0,SE
4.92,172.0,SE
5.81,151.0,SE
0.89,141.0,NE
2.68,153.0,NE
3.57,141.0,NE
0.89,158.0,cv
1.78,153.0,cv
1.79,164.0,NW
4.92,173.0,NW
0.89,174.0,cv
0.89,183.0,NW
0.45,178.0,cv
1.79,193.0,NE
3.13,203.0,NW
1.79,206.0,NE
1.79,203.0,cv
2.68,208.0,cv
3.57,219.0,cv
1.79,235.0,NW
3.58,240.0,NW
6.71,241.0,NW
4.02,248.0,NE
7.15,154.0,NW
12.96,25.0,NW
16.98,16.0,NW
21.0,18.0,NW
24.13,16.0,NW
29.05,11.0,NW
1.79,11.0,NE
4.92,16.0,NW
9.84,8.0,NW
4.92,9.0,NE
9.84,11.0,NE
14.76,14.0,NE
19.68,16.0,NE
25.49,15.0,NE
30.41,20.0,NE
33.54,20.0,NE
36.67,18.0,NE
1.79,15.0,NW
1.79,19.0,cv
3.58,20.0,cv
4.02,20.0,SE
8.04,18.0,SE
11.17,18.0,SE
12.96,27.0,SE
16.98,33.0,SE
18.77,57.0,SE
21.9,70.0,SE
23.69,81.0,SE
25.48,84.0,SE
28.61,78.0,SE
30.4,74.0,SE
32.19,79.0,SE
33.98,99.0,SE
37.11,99.0,SE
38.9,108.0,SE
0.89,103.0,NE
2.68,98.0,NE
0.89,98.0,cv
1.78,102.0,cv
2.67,125.0,cv
1.79,126.0,NW
1.79,122.0,NE
0.89,129.0,cv
1.78,119.0,cv
3.13,134.0,SE
1.79,142.0,NW
5.81,153.0,NW
7.6,149.0,NW
4.92,48.0,NE
4.92,11.0,NW
9.84,15.0,NW
12.97,10.0,NW
17.89,9.0,NW
23.7,10.0,NW
29.51,10.0,NW
33.53,6.0,NW
39.34,17.0,NW
44.26,19.0,NW
48.28,13.0,NW
52.3,16.0,NW
56.32,14.0,NW
60.34,21.0,NW
64.36,21.0,NW
68.38,21.0,NW
72.4,14.0,NW
76.42,21.0,NW
79.55,25.0,NW
81.34,18.0,NW
1.79,20.0,NE
3.58,25.0,NE
0.45,30.0,cv
3.13,42.0,SE
6.26,41.0,SE
8.05,36.0,SE
11.18,44.0,SE
14.31,49.0,SE
15.2,62.0,SE
0.89,70.0,NW
4.02,78.0,NW
7.15,108.0,NW
8.94,139.0,NW
12.07,73.0,NW
1.79,34.0,NE
4.92,29.0,NE
3.13,35.0,NW
1.79,37.0,NE
4.92,46.0,NE
1.79,30.0,cv
3.58,24.0,cv
1.79,25.0,NW
3.58,22.0,NW
5.37,33.0,NW
3.13,41.0,cv
3.13,47.0,SE
4.92,46.0,SE
6.71,42.0,SE
8.5,59.0,SE
10.29,83.0,SE
13.42,111.0,SE
15.21,140.0,SE
19.23,139.0,SE
21.02,161.0,SE
22.81,153.0,SE
24.6,133.0,SE
25.49,127.0,SE
0.89,134.0,cv
0.89,155.0,NE
1.78,172.0,NE
1.79,191.0,SE
5.81,201.0,SE
9.83,216.0,SE
11.62,233.0,SE
13.41,228.0,SE
1.79,230.0,cv
3.13,212.0,SE
7.15,188.0,SE
11.17,193.0,SE
12.06,173.0,SE
12.95,176.0,SE
13.84,179.0,SE
15.63,190.0,SE
0.89,211.0,cv
1.78,278.0,cv
2.67,286.0,cv
3.56,267.0,cv
0.89,278.0,SE
0.45,290.0,cv
0.9,287.0,cv
0.89,276.0,NE
1.78,274.0,NE
0.89,264.0,cv
1.34,245.0,cv
0.89,259.0,NE
0.89,264.0,cv
1.79,299.0,SE
3.58,308.0,SE
5.37,281.0,SE
9.39,192.0,SE
13.41,154.0,SE
19.22,140.0,SE
24.14,112.0,SE
28.16,101.0,SE
29.95,99.0,SE
30.84,106.0,SE
32.63,109.0,SE
35.76,111.0,SE
38.89,129.0,SE
42.91,161.0,SE
46.04,175.0,SE
49.17,173.0,SE
0.89,185.0,cv
0.89,190.0,NE
0.89,202.0,SE
0.89,200.0,NE
0.89,190.0,NW
1.78,184.0,NW
3.57,193.0,NW
0.89,176.0,cv
8.95,229.0,SE
9.84,203.0,SE
0.89,214.0,NE
1.78,253.0,NE
0.45,285.0,cv
1.79,286.0,NE
2.68,318.0,NE
0.89,324.0,cv
1.79,322.0,NE
0.89,293.0,cv
3.13,290.0,NW
6.26,270.0,NW
8.05,249.0,NW
9.84,230.0,NW
10.73,227.0,NW
12.52,220.0,NW
0.89,222.0,cv
0.89,209.0,NE
0.89,231.0,cv
3.13,262.0,SE
4.92,326.0,SE
0.89,347.0,cv
0.89,314.0,SE
0.89,268.0,cv
1.78,203.0,cv
2.23,192.0,cv
0.89,200.0,SE
1.78,208.0,SE
0.89,213.0,cv
1.78,235.0,cv
1.79,267.0,SE
5.81,278.0,SE
8.94,269.0,SE
12.07,165.0,SE
15.2,154.0,SE
16.99,112.0,SE
20.12,126.0,SE
23.25,113.0,SE
27.27,119.0,SE
29.06,132.0,SE
30.85,136.0,SE
33.98,121.0,SE
37.11,111.0,SE
40.24,120.0,SE
44.26,121.0,SE
0.89,110.0,cv
1.79,110.0,SE
3.58,113.0,SE
0.89,110.0,cv
3.13,110.0,SE
4.92,100.0,SE
6.71,83.0,SE
1.79,75.0,NE
0.89,132.0,SE
0.89,159.0,NE
0.45,151.0,cv
1.34,130.0,cv
0.89,93.0,SE
2.68,79.0,SE
4.47,79.0,SE
7.6,66.0,SE
11.62,77.0,SE
14.75,73.0,SE
16.54,72.0,SE
18.33,76.0,SE
21.46,101.0,SE
29.5,81.0,SE
32.63,91.0,SE
35.76,98.0,SE
40.68,94.0,SE
43.81,108.0,SE
46.94,107.0,SE
48.73,108.0,SE
51.86,117.0,SE
52.75,98.0,SE
54.54,112.0,SE
56.33,104.0,SE
57.22,106.0,SE
58.11,108.0,SE
59.0,107.0,SE
0.89,106.0,NE
0.45,113.0,cv
0.9,131.0,cv
0.89,170.0,SE
0.89,132.0,cv
0.89,122.0,SE
0.89,127.0,NE
1.78,114.0,NE
3.57,121.0,NE
6.7,149.0,NE
1.79,149.0,NW
0.89,143.0,cv
1.78,142.0,cv
2.67,124.0,cv
4.46,93.0,cv
5.35,104.0,cv
0.89,104.0,SE
1.78,97.0,SE
0.89,111.0,NE
0.89,143.0,cv
0.89,170.0,NE
2.68,189.0,NE
1.79,201.0,NW
1.79,200.0,NE
0.89,220.0,SE
0.45,229.0,cv
1.79,213.0,NW
0.89,172.0,NE
1.79,183.0,NW
3.58,179.0,NW
0.89,181.0,NE
1.79,182.0,NW
1.79,185.0,NE
1.79,176.0,NW
3.58,176.0,NW
6.71,166.0,NW
9.84,145.0,NW
11.63,130.0,NW
13.42,137.0,NW
15.21,148.0,NW
0.89,154.0,cv
0.89,150.0,NE
0.89,162.0,cv
1.78,177.0,cv
3.13,180.0,NW
8.94,97.0,NW
14.75,28.0,NW
23.69,24.0,NW
28.61,19.0,NW
34.42,20.0,NW
40.23,13.0,NW
50.06,12.0,NW
61.24,12.0,NW
72.42,16.0,NW
83.6,15.0,NW
94.78,20.0,NW
105.96,27.0,NW
114.9,17.0,NW
123.84,13.0,NW
132.78,17.0,NW
140.83,13.0,NW
148.88,14.0,NW
154.69,18.0,NW
161.84,14.0,NW
167.65,13.0,NW
170.78,18.0,NW
174.8,40.0,NW
177.93,42.0,NW
1.79,35.0,SE
0.45,50.0,cv
4.02,47.0,NW
0.89,33.0,cv
3.13,34.0,SE
0.89,38.0,cv
1.79,26.0,NW
0.89,14.0,cv
4.92,14.0,NW
9.84,11.0,NW
14.76,10.0,NW
19.68,21.0,NW
25.49,18.0,NW
31.3,17.0,NW
37.11,19.0,NW
44.26,20.0,NW
58.56,23.0,NW
68.39,17.0,NW
79.57,18.0,NW
86.72,16.0,NW
92.53,14.0,NW
100.58,14.0,NW
108.63,13.0,NW
116.68,12.0,NW
123.83,11.0,NW
129.64,12.0,NW
136.79,13.0,NW
4.02,11.0,NE
8.94,12.0,NE
14.75,11.0,NE
19.67,12.0,NE
24.59,14.0,NE
29.51,13.0,NE
34.43,13.0,NE
39.35,16.0,NE
4.92,21.0,NW
4.92,20.0,NE
8.94,18.0,NE
4.02,18.0,NW
4.02,19.0,NE
7.15,12.0,NE
10.28,19.0,NE
13.41,16.0,NE
0.89,17.0,SE
1.79,17.0,NW
5.81,18.0,NW
1.79,31.0,cv
0.89,37.0,NE
0.45,26.0,cv
0.89,18.0,SE
2.68,73.0,SE
4.47,102.0,SE
6.26,112.0,SE
0.89,93.0,cv
1.79,89.0,SE
0.89,93.0,cv
0.89,120.0,NE
0.89,119.0,SE
2.68,112.0,SE
4.47,127.0,SE
1.79,133.0,cv
3.13,140.0,SE
8.05,112.0,SE
12.97,82.0,SE
16.99,73.0,SE
21.01,77.0,SE
25.93,73.0,SE
29.95,68.0,SE
33.97,67.0,SE
37.99,69.0,SE
39.78,67.0,SE
42.91,67.0,SE
46.04,77.0,SE
47.83,89.0,SE
50.96,90.0,SE
52.75,93.0,SE
0.45,103.0,cv
1.79,89.0,NW
3.58,93.0,NW
5.37,85.0,NW
8.5,32.0,NW
15.65,28.0,NW
21.46,26.0,NW
30.4,24.0,NW
37.55,18.0,NW
47.38,21.0,NW
59.45,27.0,NW
70.63,22.0,NW
83.59,20.0,NW
95.66,14.0,NW
107.73,20.0,NW
117.56,10.0,NW
126.5,10.0,NW
134.55,9.0,NW
144.38,7.0,NW
153.32,7.0,NW
158.24,5.0,NW
165.39,4.0,NW
173.44,7.0,NW
182.38,6.0,NW
190.43,7.0,NW
197.58,17.0,NW
204.73,12.0,NW
211.88,11.0,NW
215.9,18.0,NW
221.71,12.0,NW
228.86,29.0,NW
236.91,18.0,NW
244.96,18.0,NW
249.88,13.0,NW
255.69,14.0,NW
261.5,16.0,NW
267.31,17.0,NW
273.12,20.0,NW
278.93,18.0,NW
4.92,26.0,SE
9.84,30.0,SE
12.97,30.0,SE
18.78,45.0,SE
22.8,50.0,SE
1.79,64.0,NE
0.45,72.0,cv
0.89,77.0,SE
0.89,84.0,cv
1.79,81.0,NW
3.58,86.0,NW
5.37,78.0,NW
7.16,79.0,NW
8.95,69.0,NW
10.74,95.0,NW
1.79,49.0,NE
1.79,46.0,NW
1.79,47.0,NE
1.79,28.0,cv
3.58,33.0,cv
3.13,41.0,SE
7.15,79.0,SE
11.17,64.0,SE
16.09,78.0,SE
19.22,86.0,SE
22.35,81.0,SE
23.24,83.0,SE
24.13,89.0,SE
0.89,96.0,cv
1.79,106.0,SE
3.58,106.0,SE
5.37,111.0,SE
7.16,123.0,SE
3.13,135.0,NW
0.89,142.0,cv
1.34,175.0,cv
1.79,175.0,NW
2.68,172.0,NW
0.89,180.0,cv
1.78,156.0,cv
2.67,160.0,cv
1.79,157.0,SE
3.13,170.0,cv
3.13,147.0,SE
10.28,127.0,SE
18.33,96.0,SE
25.48,75.0,SE
32.63,68.0,SE
36.65,63.0,SE
39.78,62.0,SE
4.02,81.0,NW
8.04,75.0,NW
12.06,26.0,NW
3.13,13.0,NE
8.05,10.0,NE
4.92,8.0,NW
5.81,12.0,NE
10.73,11.0,NE
16.54,9.0,NE
21.46,7.0,NE
24.59,7.0,NE
27.72,9.0,NE
31.74,17.0,NE
35.76,26.0,NE
37.55,24.0,NE
1.79,15.0,SE
1.79,19.0,cv
3.58,16.0,cv
3.13,26.0,SE
7.15,23.0,SE
16.09,77.0,SE
20.11,52.0,SE
24.13,70.0,SE
29.94,72.0,SE
34.86,65.0,SE
38.88,59.0,SE
42.9,55.0,SE
46.03,71.0,SE
47.82,62.0,SE
49.61,68.0,SE
0.89,54.0,cv
0.89,46.0,NW
2.68,54.0,NW
3.57,59.0,NW
0.45,60.0,cv
1.79,89.0,NE
0.89,65.0,cv
2.68,75.0,cv
1.79,76.0,SE
3.58,85.0,SE
5.37,84.0,SE
8.5,74.0,SE
12.52,68.0,SE
15.65,114.0,SE
18.78,137.0,SE
20.57,135.0,SE
23.7,148.0,SE
0.89,165.0,cv
3.13,170.0,SE
4.92,183.0,SE
8.05,176.0,SE
11.18,180.0,SE
14.31,187.0,SE
17.44,180.0,SE
20.57,181.0,SE
22.36,183.0,SE
1.79,186.0,NE
1.79,196.0,SE
3.58,222.0,SE
0.89,232.0,cv
1.78,263.0,cv
1.79,286.0,NW
0.89,293.0,cv
3.13,328.0,SE
1.79,335.0,cv
1.79,345.0,SE
3.58,360.0,SE
6.71,320.0,SE
9.84,272.0,SE
12.97,315.0,SE
14.76,318.0,SE
16.55,346.0,SE
0.89,334.0,cv
0.89,302.0,NE
0.89,310.0,SE
0.89,280.0,cv
1.78,250.0,cv
0.89,283.0,SE
0.89,268.0,cv
0.89,214.0,SE
0.89,201.0,cv
1.79,210.0,SE
3.58,185.0,SE
6.71,188.0,SE
9.84,175.0,SE
12.97,182.0,SE
16.1,191.0,SE
20.12,173.0,SE
24.14,184.0,SE
29.06,182.0,SE
33.08,181.0,SE
38.0,195.0,SE
42.02,245.0,SE
46.04,204.0,SE
49.17,211.0,SE
50.96,219.0,SE
52.75,185.0,SE
54.54,137.0,SE
0.89,120.0,cv
1.34,113.0,cv
5.81,107.0,NE
10.73,30.0,NE
16.54,21.0,NE
21.46,18.0,NE
24.59,25.0,NE
27.72,21.0,NE
30.85,17.0,NE
35.77,17.0,NE
39.79,16.0,NE
44.71,15.0,NE
48.73,15.0,NE
0.89,21.0,cv
1.79,26.0,NE
1.79,26.0,cv
3.13,39.0,SE
1.79,43.0,cv
3.13,39.0,SE
6.26,65.0,SE
10.28,76.0,SE
4.02,80.0,NW
1.79,86.0,SE
4.92,74.0,SE
0.89,68.0,cv
1.79,69.0,SE
1.79,64.0,NE
2.68,69.0,NE
0.89,75.0,SE
0.89,87.0,NW
1.78,100.0,NW
0.89,97.0,NE
1.78,102.0,NE
2.67,76.0,NE
0.89,66.0,cv
1.78,86.0,cv
3.57,114.0,cv
4.46,150.0,cv
1.79,143.0,SE
4.92,154.0,SE
8.05,128.0,SE
12.07,114.0,SE
16.09,101.0,SE
20.11,91.0,SE
23.24,100.0,SE
3.13,100.0,cv
3.13,100.0,SE
4.92,95.0,SE
8.05,106.0,SE
0.89,125.0,cv
0.89,137.0,SE
0.89,134.0,NE
0.89,142.0,cv
1.34,172.0,cv
0.89,166.0,NW
2.68,164.0,NW
5.81,162.0,NW
9.83,159.0,NW
12.96,155.0,NW
16.09,166.0,NW
19.22,158.0,NW
22.35,107.0,NW
1.79,101.0,SE
4.92,129.0,SE
8.94,143.0,SE
12.07,104.0,SE
16.09,90.0,SE
20.11,79.0,SE
23.24,82.0,SE
26.37,94.0,SE
29.5,126.0,SE
33.52,133.0,SE
38.44,163.0,SE
42.46,187.0,SE
45.59,202.0,SE
48.72,201.0,SE
50.51,188.0,SE
52.3,193.0,SE
54.09,180.0,SE
0.45,193.0,cv
1.79,217.0,SE
1.79,252.0,NE
1.79,252.0,SE
0.89,262.0,cv
1.78,280.0,cv
2.67,308.0,cv
3.56,327.0,cv
1.79,336.0,NE
5.81,259.0,NE
4.02,241.0,NW
7.15,338.0,NW
8.04,338.0,NW
1.79,347.0,NE
3.13,355.0,NW
0.89,356.0,cv
3.13,393.0,NW
0.89,398.0,cv
0.89,407.0,NW
2.68,378.0,NW
0.89,246.0,cv
3.13,260.0,NW
0.89,354.0,cv
1.34,269.0,cv
1.79,306.0,NW
1.79,306.0,SE
2.68,282.0,SE
4.47,212.0,SE
8.49,116.0,SE
12.51,107.0,SE
16.53,94.0,SE
4.92,77.0,cv
4.02,78.0,SE
8.04,64.0,SE
12.06,69.0,SE
16.08,107.0,SE
21.0,106.0,SE
25.92,91.0,SE
30.84,71.0,SE
34.86,57.0,SE
37.99,50.0,SE
41.12,39.0,SE
46.04,37.0,SE
50.06,41.0,SE
57.21,37.0,SE
61.23,40.0,SE
63.02,50.0,SE
64.81,54.0,SE
66.6,56.0,SE
1.79,67.0,NE
1.79,81.0,SE
3.13,79.0,cv
12.07,18.0,NW
25.93,22.0,NW
38.0,18.0,NW
51.86,28.0,NW
68.85,15.0,NW
84.05,15.0,NW
99.25,11.0,NW
114.45,8.0,NW
129.65,10.0,NW
144.85,9.0,NW
0.89,10.0,cv
1.78,24.0,cv
2.67,20.0,cv
3.56,16.0,cv
4.45,14.0,cv
1.79,18.0,NW
14.75,26.0,NW
26.82,27.0,NW
35.76,27.0,NW
42.91,16.0,NW
47.83,12.0,NW
51.85,15.0,NW
57.66,15.0,NW
68.84,13.0,NW
80.02,19.0,NW
92.09,16.0,NW
101.92,20.0,NW
113.99,12.0,NW
126.06,12.0,NW
138.13,12.0,NW
147.96,10.0,NW
156.9,17.0,NW
164.95,8.0,NW
4.02,11.0,NE
8.04,17.0,NE
0.89,21.0,cv
0.89,46.0,SE
0.89,45.0,cv
1.78,31.0,cv
2.67,40.0,cv
1.79,11.0,NE
3.58,13.0,NE
5.37,15.0,NE
0.89,13.0,cv
1.78,16.0,cv
2.67,25.0,cv
1.79,22.0,NE
0.89,21.0,cv
1.78,22.0,cv
2.67,20.0,cv
4.02,21.0,NW
3.13,27.0,SE
6.26,33.0,SE
10.28,35.0,SE
15.2,35.0,SE
20.12,37.0,SE
24.14,50.0,SE
25.93,68.0,SE
27.72,83.0,SE
29.51,93.0,SE
30.4,115.0,SE
0.89,124.0,cv
1.79,118.0,SE
3.58,130.0,SE
0.89,118.0,cv
0.89,126.0,NE
2.68,128.0,NE
4.47,136.0,NE
6.26,152.0,NE
1.79,156.0,NW
2.68,148.0,NW
0.89,129.0,cv
1.79,131.0,NE
3.58,131.0,NE
1.79,133.0,SE
4.92,138.0,SE
3.13,144.0,cv
3.13,148.0,SE
6.26,147.0,SE
9.39,135.0,SE
10.28,134.0,SE
11.17,146.0,SE
0.89,204.0,cv
1.78,238.0,cv
0.89,237.0,NE
0.89,280.0,SE
3.13,280.0,NW
4.02,283.0,NW
5.81,250.0,NW
8.94,261.0,NW
12.07,235.0,NW
13.86,161.0,NW
16.99,139.0,NW
20.12,131.0,NW
23.25,152.0,NW
26.38,119.0,NW
29.51,87.0,NW
32.64,72.0,NW
35.77,49.0,NW
40.69,27.0,NW
45.61,26.0,NW
52.76,32.0,NW
58.57,31.0,NW
1.79,34.0,NE
0.89,42.0,SE
4.02,41.0,SE
4.91,56.0,SE
0.89,72.0,cv
1.78,95.0,cv
0.89,131.0,NE
4.91,117.0,NE
8.93,26.0,NE
13.85,16.0,NE
16.98,18.0,NE
20.11,3.0,NE
0.45,5.0,cv
1.34,40.0,cv
1.79,78.0,SE
1.79,97.0,NE
1.79,96.0,SE
5.81,62.0,SE
10.73,61.0,SE
15.65,58.0,SE
20.57,51.0,SE
25.49,59.0,SE
32.64,57.0,SE
38.45,48.0,SE
44.26,48.0,SE
50.07,41.0,SE
54.99,37.0,SE
58.12,32.0,SE
61.25,38.0,SE
65.27,47.0,SE
68.4,45.0,SE
0.89,47.0,cv
1.78,54.0,cv
2.67,66.0,cv
3.56,60.0,cv
0.89,69.0,SE
0.89,77.0,NW
0.89,80.0,cv
1.78,77.0,cv
4.92,77.0,NW
0.89,79.0,cv
1.79,87.0,SE
4.92,78.0,NW
12.07,64.0,NW
25.03,50.0,NW
36.21,36.0,NW
49.17,30.0,NW
60.35,23.0,NW
72.42,17.0,NW
83.6,16.0,NW
92.54,13.0,NW
102.37,10.0,NW
115.33,8.0,NW
124.27,10.0,NW
136.34,18.0,NW
153.33,15.0,NW
162.27,10.0,NW
171.21,7.0,NW
181.04,10.0,NW
190.87,7.0,NW
198.92,5.0,NW
206.07,7.0,NW
215.9,8.0,NW
223.95,10.0,NW
227.97,11.0,NW
233.78,13.0,NW
245.85,20.0,NW
258.81,22.0,NW
270.88,13.0,NW
279.82,16.0,NW
286.97,8.0,NW
294.12,12.0,NW
303.95,19.0,NW
311.1,13.0,NW
315.12,20.0,NW
318.25,30.0,NW
0.89,32.0,cv
3.13,34.0,NW
3.13,37.0,SE
7.15,40.0,SE
1.79,42.0,NE
5.81,42.0,NE
12.96,33.0,NW
25.92,11.0,NW
34.86,10.0,NW
43.8,10.0,NW
4.92,11.0,NE
10.73,10.0,NE
16.54,17.0,NE
20.56,18.0,NE
25.48,14.0,NE
4.02,21.0,SE
1.79,20.0,cv
5.81,21.0,cv
5.81,24.0,SE
10.73,29.0,SE
14.75,26.0,SE
17.88,27.0,SE
21.01,24.0,SE
24.14,27.0,SE
28.16,54.0,SE
32.18,54.0,SE
33.97,52.0,SE
35.76,39.0,SE
37.55,57.0,SE
40.68,55.0,SE
43.81,71.0,SE
45.6,65.0,SE
0.89,57.0,cv
1.79,54.0,SE
0.89,53.0,cv
1.79,82.0,SE
4.92,90.0,SE
8.05,78.0,SE
12.07,76.0,SE
16.99,79.0,SE
24.14,63.0,SE
29.95,56.0,SE
35.76,49.0,SE
42.91,40.0,SE
50.06,43.0,SE
54.98,38.0,SE
60.79,36.0,SE
64.81,43.0,SE
67.94,47.0,SE
71.07,54.0,SE
72.86,44.0,SE
0.89,28.0,cv
1.78,41.0,cv
1.79,31.0,NW
0.89,35.0,SE
0.45,45.0,cv
0.9,36.0,cv
0.89,28.0,SE
2.68,35.0,SE
4.47,38.0,SE
0.89,49.0,cv
1.78,46.0,cv
1.79,60.0,SE
3.58,52.0,SE
7.6,48.0,SE
10.73,52.0,SE
14.75,55.0,SE
19.67,64.0,SE
24.59,58.0,SE
29.51,55.0,SE
3.13,61.0,cv
4.02,63.0,cv
4.92,12.0,NW
10.73,11.0,NW
18.78,11.0,NW
27.72,11.0,NW
36.66,10.0,NW
42.47,8.0,NW
50.52,7.0,NW
56.33,8.0,NW
61.25,15.0,NW
0.89,17.0,NE
4.02,32.0,NE
1.79,20.0,NW
3.13,24.0,SE
8.94,26.0,SE
14.75,28.0,SE
4.92,34.0,NW
8.05,24.0,SE
8.94,39.0,NW
14.75,35.0,NW
20.56,32.0,NW
28.61,27.0,NW
33.53,10.0,NW
36.66,18.0,NW
40.68,19.0,NW
46.49,15.0,NW
51.41,27.0,NW
0.89,25.0,cv
1.79,18.0,SE
6.71,25.0,SE
8.5,25.0,SE
10.29,9.0,SE
0.89,9.0,cv
7.15,30.0,NW
12.96,19.0,NW
21.01,10.0,NW
25.93,11.0,NW
31.74,32.0,NW
41.57,22.0,NW
49.62,21.0,NW
57.67,21.0,NW
64.82,14.0,NW
76.89,18.0,NW
86.72,22.0,NW
96.55,18.0,NW
104.6,10.0,NW
113.54,11.0,NW
121.59,11.0,NW
128.74,10.0,NW
4.02,11.0,NE
3.13,11.0,NW
8.94,11.0,NW
12.07,19.0,NW
20.12,22.0,NW
27.27,23.0,NW
34.42,11.0,NW
40.23,9.0,NW
46.04,11.0,NW
50.96,12.0,NW
56.77,8.0,NW
61.69,17.0,NW
64.82,14.0,NW
68.84,13.0,NW
75.99,13.0,NW
88.06,31.0,NW
99.24,22.0,NW
109.07,25.0,NW
118.9,13.0,NW
128.73,17.0,NW
140.8,17.0,NW
151.98,13.0,NW
163.16,16.0,NW
171.21,12.0,NW
177.02,13.0,NW
181.94,27.0,NW
189.09,15.0,NW
3.13,15.0,NE
6.26,20.0,NE
9.39,20.0,NE
0.89,17.0,cv
0.89,24.0,SE
0.45,36.0,cv
0.9,37.0,cv
0.89,38.0,NE
1.79,44.0,SE
0.89,51.0,cv
1.79,49.0,NW
5.81,37.0,NW
4.02,37.0,SE
4.92,35.0,NW
8.94,28.0,NW
4.02,24.0,NE
4.02,21.0,NW
7.15,20.0,NW
8.05,32.0,SE
15.2,36.0,SE
20.12,28.0,SE
24.14,18.0,SE
27.27,21.0,SE
29.06,23.0,SE
30.85,18.0,SE
0.89,14.0,NE
0.89,27.0,SE
0.89,42.0,NW
0.89,46.0,NE
0.89,53.0,NW
2.68,52.0,NW
4.47,58.0,NW
6.26,53.0,NW
0.89,56.0,cv
2.68,53.0,cv
4.47,54.0,cv
6.26,63.0,cv
4.02,80.0,SE
8.94,92.0,SE
13.86,81.0,SE
19.67,76.0,SE
23.69,95.0,SE
26.82,87.0,SE
1.79,83.0,NW
0.89,124.0,cv
1.79,171.0,NE
0.89,151.0,cv
1.79,147.0,NW
4.92,160.0,NW
6.71,154.0,NW
8.5,123.0,NW
12.52,93.0,NW
17.44,92.0,NW
24.59,49.0,NW
27.72,42.0,NW
33.53,35.0,NW
41.58,33.0,NW
48.73,24.0,NW
54.54,91.0,NW
60.35,42.0,NW
66.16,20.0,NW
71.08,18.0,NW
76.89,23.0,NW
84.94,23.0,NW
90.75,22.0,NW
95.67,66.0,NW
97.46,17.0,NW
4.02,16.0,SE
7.15,27.0,SE
8.94,31.0,SE
12.07,47.0,SE
15.2,49.0,SE
16.99,63.0,SE
18.78,79.0,SE
20.57,80.0,SE
22.36,100.0,SE
25.49,111.0,SE
27.28,148.0,SE
29.07,150.0,SE
0.89,164.0,NE
0.89,164.0,cv
1.79,181.0,SE
4.92,183.0,SE
8.05,170.0,SE
12.97,171.0,SE
17.89,160.0,SE
22.81,163.0,SE
27.73,138.0,SE
34.88,119.0,SE
42.03,99.0,SE
46.95,108.0,SE
51.87,90.0,SE
55.89,70.0,SE
59.02,73.0,SE
60.81,79.0,SE
62.6,91.0,SE
64.39,81.0,SE
0.89,80.0,cv
3.13,91.0,SE
7.15,101.0,SE
11.17,107.0,SE
14.3,104.0,SE
0.89,94.0,cv
1.78,72.0,cv
8.05,68.0,SE
20.12,41.0,SE
28.17,45.0,SE
39.35,50.0,SE
49.18,62.0,SE
57.23,60.0,SE
65.28,54.0,SE
71.09,56.0,SE
78.24,56.0,SE
85.39,50.0,SE
90.31,49.0,SE
92.1,38.0,SE
5.81,32.0,NW
1.79,32.0,NE
1.79,51.0,NW
3.58,55.0,NW
7.15,37.0,NE
7.15,38.0,NW
8.05,13.0,NE
12.97,12.0,NE
18.78,9.0,NE
5.81,6.0,NW
11.62,7.0,NW
18.77,8.0,NW
24.58,10.0,NW
29.5,10.0,NW
34.42,29.0,NW
39.34,15.0,NW
44.26,14.0,NW
49.18,14.0,NW
56.33,14.0,NW
63.48,18.0,NW
71.53,15.0,NW
78.68,9.0,NW
83.6,8.0,NW
4.92,43.0,SE
12.07,22.0,SE
17.88,32.0,SE
21.9,40.0,SE
25.92,39.0,SE
4.02,45.0,NW
8.04,52.0,NW
11.17,51.0,NW
14.3,33.0,NW
17.43,49.0,NW
21.45,46.0,NW
24.58,57.0,NW
29.5,68.0,NW
34.42,47.0,NW
42.47,13.0,NW
50.52,40.0,NW
58.57,22.0,NW
64.38,16.0,NW
4.02,22.0,cv
3.13,13.0,NW
7.15,22.0,NW
11.17,24.0,NW
0.89,18.0,cv
3.13,17.0,SE
6.26,10.0,SE
9.39,19.0,SE
11.18,29.0,SE
14.31,28.0,SE
0.89,33.0,cv
1.78,51.0,cv
2.67,56.0,cv
0.89,84.0,NE
0.89,80.0,cv
1.78,77.0,cv
2.67,89.0,cv
3.12,63.0,cv
4.01,90.0,cv
1.79,91.0,SE
3.58,91.0,SE
5.37,86.0,SE
8.5,85.0,SE
13.42,58.0,SE
18.34,46.0,SE
23.26,29.0,SE
30.41,25.0,SE
36.22,22.0,SE
42.03,14.0,SE
49.18,22.0,SE
54.1,19.0,SE
57.23,20.0,SE
64.38,24.0,SE
71.53,34.0,SE
78.68,47.0,SE
83.6,50.0,SE
85.39,44.0,SE
87.18,56.0,SE
0.89,56.0,cv
1.34,63.0,cv
1.79,72.0,NW
0.45,76.0,cv
0.9,92.0,cv
0.89,101.0,SE
0.89,112.0,cv
3.13,111.0,SE
6.26,89.0,SE
10.28,51.0,SE
14.3,49.0,SE
20.11,29.0,SE
25.92,34.0,SE
33.97,36.0,SE
41.12,31.0,SE
50.06,22.0,SE
55.87,22.0,SE
60.79,34.0,SE
66.6,51.0,SE
71.52,63.0,SE
76.44,69.0,SE
81.36,79.0,SE
83.15,86.0,SE
84.94,84.0,SE
86.73,80.0,SE
1.79,83.0,NE
1.79,106.0,SE
0.89,114.0,NE
1.78,119.0,NE
3.57,139.0,NE
7.59,112.0,NE
11.61,84.0,NE
17.42,52.0,NE
22.34,35.0,NE
25.47,29.0,NE
4.02,27.0,cv
4.92,28.0,SE
10.73,24.0,SE
15.65,16.0,SE
20.57,115.0,SE
25.49,93.0,SE
30.41,75.0,SE
34.43,66.0,SE
38.45,68.0,SE
41.58,73.0,SE
45.6,56.0,SE
47.39,60.0,SE
0.89,20.0,cv
1.79,9.0,NW
4.92,8.0,NW
0.45,7.0,cv
1.34,22.0,cv
1.79,17.0,NW
0.89,15.0,cv
1.78,22.0,cv
3.13,22.0,NW
0.89,22.0,cv
2.68,21.0,cv
5.81,23.0,cv
1.79,23.0,SE
7.6,23.0,SE
12.52,40.0,SE
19.67,47.0,SE
26.82,38.0,SE
31.74,48.0,SE
34.87,56.0,SE
38.89,56.0,SE
42.02,63.0,SE
46.04,61.0,SE
50.06,70.0,SE
54.08,64.0,SE
58.1,73.0,SE
62.12,80.0,SE
65.25,86.0,SE
67.04,90.0,SE
68.83,90.0,SE
71.96,95.0,SE
73.75,101.0,SE
75.54,108.0,SE
1.79,130.0,NE
1.79,127.0,SE
5.81,128.0,SE
8.94,138.0,SE
12.96,121.0,SE
17.88,235.0,SE
23.69,168.0,SE
29.5,136.0,SE
34.42,163.0,SE
40.23,184.0,SE
45.15,164.0,SE
50.07,127.0,SE
54.09,116.0,SE
59.01,108.0,SE
63.03,105.0,SE
67.05,113.0,SE
70.18,121.0,SE
71.97,136.0,SE
75.1,138.0,SE
78.23,140.0,SE
81.36,141.0,SE
84.49,140.0,SE
87.62,144.0,SE
90.75,142.0,SE
93.88,145.0,SE
97.01,155.0,SE
100.14,160.0,SE
103.27,174.0,SE
106.4,178.0,SE
108.19,202.0,SE
109.98,213.0,SE
0.89,222.0,cv
4.92,219.0,NW
1.79,221.0,NE
0.89,225.0,cv
4.92,229.0,SE
8.05,73.0,SE
11.18,51.0,SE
1.79,50.0,NW
3.13,59.0,NE
1.79,70.0,SE
1.79,59.0,NE
0.89,61.0,cv
1.78,69.0,cv
2.67,77.0,cv
4.02,85.0,SE
5.81,97.0,SE
8.94,100.0,SE
12.07,109.0,SE
13.86,102.0,SE
15.65,102.0,SE
18.78,122.0,SE
20.57,125.0,SE
23.7,139.0,SE
1.79,154.0,NE
3.58,156.0,NE
3.13,158.0,NW
6.26,152.0,NW
8.05,148.0,NW
9.84,151.0,NW
0.89,157.0,cv
1.79,159.0,NW
3.58,164.0,NW
4.47,170.0,NW
5.36,174.0,NW
0.89,169.0,NE
0.89,183.0,cv
1.78,176.0,cv
2.67,183.0,cv
0.89,185.0,SE
2.68,149.0,SE
6.7,143.0,SE
10.72,157.0,SE
14.74,172.0,SE
20.55,194.0,SE
25.47,205.0,SE
29.49,177.0,SE
34.41,149.0,SE
37.54,90.0,SE
43.35,65.0,SE
46.48,89.0,SE
48.27,110.0,SE
0.89,118.0,cv
1.79,98.0,NE
1.79,82.0,SE
5.81,100.0,SE
0.89,129.0,cv
1.79,142.0,SE
3.58,148.0,SE
4.47,151.0,SE
5.36,147.0,SE
7.15,167.0,SE
10.28,185.0,SE
14.3,184.0,SE
18.32,154.0,SE
20.11,155.0,SE
21.9,168.0,SE
0.89,155.0,cv
1.78,181.0,cv
2.67,206.0,cv
1.79,202.0,NE
0.89,185.0,cv
1.78,156.0,cv
1.79,149.0,SE
3.58,159.0,SE
5.37,185.0,SE
9.39,200.0,SE
12.52,192.0,SE
14.31,161.0,SE
16.1,147.0,SE
1.79,150.0,cv
0.89,157.0,SE
0.89,143.0,cv
1.79,131.0,SE
4.92,116.0,SE
6.71,115.0,SE
8.5,116.0,SE
10.29,113.0,SE
12.08,115.0,SE
13.87,132.0,SE
0.89,144.0,cv
1.78,160.0,cv
1.79,167.0,SE
3.58,167.0,SE
3.13,162.0,cv
3.13,172.0,SE
6.26,160.0,SE
9.39,195.0,SE
11.18,201.0,SE
12.07,216.0,SE
12.96,235.0,SE
16.09,247.0,SE
19.22,257.0,SE
22.35,245.0,SE
25.48,217.0,SE
29.5,199.0,SE
0.89,203.0,cv
1.79,191.0,SE
4.92,188.0,SE
6.71,190.0,SE
8.5,222.0,SE
11.63,235.0,SE
13.42,230.0,SE
0.89,248.0,cv
1.79,258.0,SE
4.92,266.0,SE
8.05,281.0,SE
9.84,279.0,SE
0.89,278.0,cv
1.79,268.0,SE
3.58,272.0,SE
0.89,277.0,cv
4.02,280.0,NW
7.15,288.0,NW
0.89,303.0,cv
3.13,298.0,NW
1.79,307.0,SE
5.81,268.0,SE
8.94,157.0,SE
10.73,183.0,SE
0.89,208.0,cv
1.79,207.0,SE
3.58,195.0,SE
1.79,174.0,NW
3.58,173.0,NW
0.89,179.0,cv
3.13,187.0,NW
4.92,132.0,SE
5.81,60.0,NW
9.83,40.0,NW
18.77,34.0,NW
23.69,44.0,NW
27.71,48.0,NW
33.52,37.0,NW
39.33,38.0,NW
44.25,35.0,NW
50.06,45.0,NW
54.98,41.0,NW
58.11,43.0,NW
61.24,46.0,NW
66.16,29.0,NW
70.18,14.0,NW
74.2,13.0,NW
77.33,11.0,NW
81.35,9.0,NW
87.16,9.0,NW
91.18,12.0,NW
95.2,11.0,NW
98.33,11.0,NW
103.25,11.0,NW
108.17,10.0,NW
113.09,11.0,NW
118.9,18.0,NW
126.05,16.0,NW
135.88,15.0,NW
145.71,17.0,NW
155.54,13.0,NW
165.37,15.0,NW
174.31,12.0,NW
183.25,11.0,NW
191.3,8.0,NW
196.22,4.0,NW
198.01,6.0,NW
0.89,37.0,cv
1.78,69.0,cv
2.67,120.0,cv
3.56,45.0,cv
1.79,34.0,NE
0.89,28.0,cv
1.79,35.0,SE
0.89,62.0,cv
0.89,81.0,NW
2.68,75.0,NW
0.89,50.0,cv
1.78,51.0,cv
2.67,48.0,cv
1.79,53.0,SE
3.58,65.0,SE
5.37,88.0,SE
3.13,83.0,NE
3.13,76.0,SE
8.05,76.0,SE
12.07,62.0,SE
16.99,53.0,SE
3.13,65.0,NE
1.79,72.0,NW
0.89,78.0,NE
1.79,144.0,SE
3.58,163.0,SE
0.89,176.0,cv
1.78,143.0,cv
3.13,152.0,SE
4.92,160.0,SE
1.79,148.0,NE
0.89,134.0,cv
1.78,112.0,cv
2.67,108.0,cv
3.56,114.0,cv
4.45,107.0,cv
4.92,126.0,NW
17.88,99.0,NW
33.08,55.0,NW
49.17,55.0,NW
64.37,41.0,NW
79.57,21.0,NW
105.49,29.0,NW
118.45,27.0,NW
127.39,30.0,NW
135.44,27.0,NW
142.59,30.0,NW
149.74,28.0,NW
158.68,30.0,NW
165.83,39.0,NW
4.02,41.0,NE
8.04,46.0,NE
12.06,72.0,NE
16.98,107.0,NE
22.79,141.0,NE
25.92,135.0,NE
0.89,108.0,cv
1.78,108.0,cv
3.13,98.0,NE
0.89,90.0,cv
1.78,79.0,cv
1.79,70.0,SE
3.58,83.0,SE
7.6,90.0,SE
10.73,106.0,SE
13.86,136.0,SE
17.88,114.0,SE
21.01,98.0,SE
25.03,97.0,SE
28.16,113.0,SE
31.29,160.0,SE
34.42,188.0,SE
37.55,183.0,SE
39.34,182.0,SE
41.13,203.0,SE
42.92,201.0,SE
43.81,195.0,SE
1.79,190.0,NE
0.89,194.0,SE
0.45,184.0,cv
1.79,224.0,NW
3.58,198.0,NW
6.71,198.0,NW
8.5,205.0,NW
11.63,205.0,NW
1.79,220.0,cv
3.58,200.0,cv
3.13,190.0,SE
7.15,166.0,SE
10.28,142.0,SE
13.41,141.0,SE
17.43,127.0,SE
19.22,120.0,SE
21.01,130.0,SE
22.8,176.0,SE
24.59,162.0,SE
25.48,170.0,SE
27.27,168.0,SE
30.4,121.0,SE
32.19,112.0,SE
33.98,107.0,SE
0.45,108.0,cv
0.9,111.0,cv
0.89,115.0,SE
0.45,122.0,cv
1.79,144.0,SE
3.58,166.0,SE
5.37,312.0,SE
7.16,174.0,SE
1.79,183.0,cv
3.58,179.0,cv
5.37,184.0,cv
1.79,168.0,SE
1.79,151.0,NE
4.92,155.0,NE
1.79,162.0,SE
0.89,189.0,cv
0.89,204.0,NE
1.78,227.0,NE
2.67,247.0,NE
3.56,256.0,NE
4.45,286.0,NE
0.45,267.0,cv
0.89,257.0,NW
1.78,259.0,NW
2.67,243.0,NW
4.46,210.0,NW
6.25,204.0,NW
8.04,215.0,NW
9.83,227.0,NW
0.89,186.0,cv
1.79,173.0,SE
3.58,163.0,SE
8.5,192.0,SE
12.52,280.0,SE
17.44,298.0,SE
22.36,199.0,SE
26.38,199.0,SE
31.3,156.0,SE
35.32,137.0,SE
38.45,78.0,SE
41.58,85.0,SE
43.37,112.0,SE
45.16,121.0,SE
46.95,78.0,SE
48.74,80.0,SE
0.89,74.0,cv
1.79,75.0,SE
3.58,72.0,SE
0.89,78.0,cv
0.89,91.0,SE
1.78,100.0,SE
0.45,115.0,cv
0.9,119.0,cv
1.79,120.0,cv
1.79,119.0,NW
3.58,124.0,NW
1.79,127.0,SE
3.13,118.0,cv
3.13,91.0,NW
7.15,85.0,NW
4.02,106.0,SE
8.04,90.0,SE
12.06,72.0,SE
16.98,68.0,SE
21.0,98.0,SE
25.02,90.0,SE
0.89,98.0,cv
1.78,114.0,cv
0.89,119.0,SE
0.89,126.0,cv
0.89,146.0,NW
1.78,139.0,NW
0.89,140.0,NE
0.89,112.0,cv
1.79,85.0,NW
4.92,80.0,NW
8.94,58.0,NW
12.07,61.0,NW
15.2,70.0,NW
18.33,57.0,NW
20.12,64.0,NW
0.89,57.0,cv
2.68,60.0,cv
1.79,46.0,SE
4.92,49.0,SE
8.94,45.0,SE
10.73,9.0,SE
12.52,18.0,SE
13.41,26.0,SE
15.2,19.0,SE
0.89,49.0,cv
1.78,91.0,cv
1.79,101.0,SE
3.58,99.0,SE
1.79,106.0,NE
0.89,123.0,NW
0.89,128.0,cv
0.89,132.0,NW
2.68,128.0,NW
4.47,90.0,NW
6.26,84.0,NW
0.89,82.0,cv
1.79,134.0,NE
0.89,133.0,cv
1.78,130.0,cv
1.79,145.0,SE
3.58,152.0,SE
5.37,137.0,SE
9.39,126.0,SE
13.41,126.0,SE
20.56,80.0,SE
22.35,98.0,SE
26.37,116.0,SE
33.52,217.0,SE
36.65,116.0,SE
1.79,45.0,NE
0.89,50.0,cv
0.89,77.0,NE
1.79,150.0,NW
0.89,76.0,cv
1.78,69.0,cv
2.67,85.0,cv
1.79,94.0,NW
4.02,89.0,NE
8.94,108.0,NE
14.75,72.0,NE
18.77,107.0,NE
21.9,32.0,NE
1.79,98.0,cv
3.58,87.0,cv
5.37,39.0,cv
6.26,47.0,cv
1.79,212.0,SE
7.6,286.0,SE
12.52,205.0,SE
18.33,121.0,SE
22.35,46.0,SE
25.48,43.0,SE
28.61,50.0,SE
32.63,66.0,SE
36.65,68.0,SE
38.44,61.0,SE
39.33,62.0,SE
0.89,70.0,NE
2.68,80.0,NE
1.79,79.0,SE
1.79,104.0,NE
3.58,90.0,NE
1.79,102.0,SE
3.58,100.0,SE
1.79,118.0,NE
3.13,132.0,SE
6.26,110.0,SE
11.18,284.0,SE
15.2,96.0,SE
19.22,113.0,SE
23.24,142.0,SE
26.37,180.0,SE
28.16,141.0,SE
32.18,136.0,SE
36.2,95.0,SE
39.33,79.0,SE
44.25,48.0,SE
47.38,58.0,SE
1.79,57.0,NE
0.89,57.0,cv
0.89,64.0,NW
1.78,61.0,NW
0.45,73.0,cv
1.79,98.0,NW
0.89,76.0,cv
1.78,78.0,cv
3.13,84.0,NW
7.15,84.0,NW
10.28,76.0,NW
4.02,64.0,NE
8.04,87.0,NE
9.83,75.0,NE
1.79,76.0,cv
3.13,97.0,SE
6.26,105.0,SE
9.39,96.0,SE
11.18,110.0,SE
0.89,146.0,cv
1.79,134.0,SE
4.92,113.0,SE
6.71,98.0,SE
9.84,84.0,SE
11.63,71.0,SE
0.45,65.0,cv
0.9,59.0,cv
0.89,77.0,NW
0.45,78.0,cv
1.34,76.0,cv
1.79,99.0,NW
3.58,91.0,NW
5.37,135.0,NW
7.16,120.0,NW
8.95,112.0,NW
10.74,109.0,NW
12.53,100.0,NW
1.79,81.0,cv
3.58,83.0,cv
4.47,73.0,cv
1.79,73.0,SE
5.81,71.0,SE
8.94,71.0,SE
12.07,57.0,SE
15.2,69.0,SE
16.99,80.0,SE
18.78,84.0,SE
19.67,77.0,SE
22.8,71.0,SE
25.93,95.0,SE
27.72,136.0,SE
0.89,105.0,cv
1.78,99.0,cv
2.67,105.0,cv
0.89,108.0,NE
0.89,125.0,cv
1.78,166.0,cv
2.67,154.0,cv
1.79,124.0,SE
3.58,146.0,SE
6.71,146.0,SE
11.63,99.0,SE
17.44,75.0,SE
23.25,65.0,SE
28.17,124.0,SE
33.09,102.0,SE
38.01,79.0,SE
39.8,82.0,SE
41.59,91.0,SE
42.48,96.0,SE
0.89,131.0,cv
0.89,125.0,SE
0.45,148.0,cv
1.34,142.0,cv
0.89,153.0,NE
0.89,163.0,cv
1.78,166.0,cv
0.89,184.0,NW
0.89,312.0,cv
1.78,195.0,cv
1.79,168.0,NE
1.79,166.0,SE
3.58,164.0,SE
0.89,160.0,cv
1.79,166.0,SE
4.92,177.0,SE
8.05,165.0,SE
11.18,171.0,SE
14.31,172.0,SE
17.44,164.0,SE
20.57,161.0,SE
23.7,164.0,SE
25.49,152.0,SE
27.28,204.0,SE
29.07,209.0,SE
30.86,228.0,SE
31.75,247.0,SE
0.89,265.0,cv
4.02,263.0,SE
8.94,207.0,SE
13.86,153.0,SE
16.99,152.0,SE
20.12,141.0,SE
23.25,144.0,SE
25.04,153.0,SE
0.89,137.0,cv
0.89,128.0,SE
0.89,126.0,cv
1.34,123.0,cv
1.79,116.0,NE
1.79,122.0,NW
4.92,142.0,NW
8.05,143.0,NW
9.84,144.0,NW
11.63,152.0,NW
0.89,153.0,cv
0.89,148.0,NW
2.68,149.0,NW
0.89,137.0,cv
1.78,138.0,cv
1.79,138.0,SE
2.68,152.0,SE
0.89,143.0,cv
1.79,139.0,SE
0.89,124.0,cv
1.79,123.0,NW
3.13,131.0,SE
0.89,128.0,cv
1.79,141.0,NW
0.89,149.0,cv
1.79,153.0,SE
3.58,135.0,SE
1.79,56.0,cv
3.58,51.0,cv
6.71,38.0,cv
4.02,28.0,SE
9.83,29.0,SE
15.64,78.0,SE
19.66,87.0,SE
24.58,80.0,SE
28.6,83.0,SE
32.62,85.0,SE
36.64,124.0,SE
41.56,122.0,SE
45.58,130.0,SE
49.6,121.0,SE
51.39,138.0,SE
53.18,157.0,SE
54.97,164.0,SE
58.99,170.0,SE
63.01,189.0,SE
67.03,186.0,SE
71.05,185.0,SE
76.86,193.0,SE
81.78,212.0,SE
87.59,191.0,SE
93.4,194.0,SE
99.21,124.0,SE
106.36,103.0,SE
111.28,100.0,SE
115.3,66.0,SE
119.32,55.0,SE
122.45,84.0,SE
4.02,78.0,NE
8.04,84.0,NE
5.81,164.0,NW
3.13,94.0,NE
7.15,99.0,NE
11.17,96.0,NE
14.3,83.0,NE
0.89,70.0,cv
1.78,70.0,cv
2.67,69.0,cv
3.56,69.0,cv
4.01,71.0,cv
4.9,61.0,cv
1.79,31.0,NW
3.13,26.0,cv
5.81,52.0,NW
5.81,53.0,SE
9.83,52.0,SE
13.85,50.0,SE
8.94,37.0,NW
18.77,33.0,NW
28.6,30.0,NW
38.43,16.0,NW
45.58,15.0,NW
52.73,14.0,NW
58.54,15.0,NW
62.56,26.0,NW
66.58,37.0,NW
69.71,37.0,NW
73.73,43.0,NW
0.89,44.0,cv
1.79,36.0,NW
3.58,47.0,NW
5.37,46.0,NW
0.89,51.0,cv
1.79,51.0,NW
0.89,41.0,cv
3.13,37.0,NW
8.05,33.0,NW
16.1,38.0,NW
27.28,42.0,NW
38.46,27.0,NW
48.29,38.0,NW
57.23,37.0,NW
66.17,28.0,NW
78.24,16.0,NW
87.18,22.0,NW
95.23,16.0,NW
99.25,19.0,NW
100.14,12.0,NW
108.19,22.0,NW
116.24,36.0,NW
4.02,31.0,SE
8.94,40.0,SE
1.79,51.0,NW
4.92,32.0,NW
8.94,43.0,NW
12.96,44.0,NW
17.88,18.0,NW
25.93,15.0,NW
34.87,15.0,NW
44.7,19.0,NW
54.53,25.0,NW
64.36,20.0,NW
77.32,22.0,NW
89.39,18.0,NW
99.22,24.0,NW
109.05,22.0,NW
117.99,30.0,NW
127.82,28.0,NW
136.76,33.0,NW
142.57,25.0,NW
150.62,27.0,NW
158.67,32.0,NW
164.48,38.0,NW
171.63,32.0,NW
178.78,28.0,NW
185.93,38.0,NW
189.06,40.0,NW
190.85,36.0,NW
4.92,44.0,SE
8.05,58.0,SE
11.18,50.0,SE
0.89,47.0,cv
1.79,58.0,SE
5.81,73.0,SE
9.83,73.0,SE
1.79,87.0,cv
3.13,102.0,SE
7.15,79.0,SE
11.17,92.0,SE
16.09,66.0,SE
20.11,67.0,SE
24.13,85.0,SE
29.05,54.0,SE
34.86,50.0,SE
39.78,42.0,SE
44.7,25.0,SE
48.72,27.0,SE
50.51,27.0,SE
52.3,27.0,SE
54.09,34.0,SE
0.45,32.0,cv
1.79,28.0,NE
0.89,35.0,cv
0.89,45.0,SE
0.89,52.0,NE
0.89,55.0,cv
1.78,67.0,cv
1.79,69.0,SE
3.58,72.0,SE
1.79,85.0,cv
3.58,107.0,cv
3.13,106.0,SE
1.79,136.0,cv
3.13,134.0,SE
6.26,127.0,SE
8.05,125.0,SE
9.84,108.0,SE
13.86,122.0,SE
4.92,130.0,NW
3.13,138.0,SE
6.26,129.0,SE
9.39,136.0,SE
1.79,140.0,NE
1.79,146.0,SE
0.89,137.0,cv
1.78,139.0,cv
1.79,123.0,SE
3.58,136.0,SE
5.37,140.0,SE
8.5,150.0,SE
10.29,160.0,SE
12.08,151.0,SE
13.87,156.0,SE
15.66,159.0,SE
17.45,298.0,SE
20.58,164.0,SE
23.71,164.0,SE
26.84,162.0,SE
29.97,163.0,SE
33.1,154.0,SE
1.79,147.0,NE
4.92,136.0,NE
8.05,128.0,NE
1.79,137.0,SE
3.58,157.0,SE
5.37,164.0,SE
0.89,167.0,cv
3.13,165.0,SE
6.26,136.0,SE
10.28,123.0,SE
13.41,116.0,SE
18.33,119.0,SE
20.12,135.0,SE
24.14,155.0,SE
27.27,168.0,SE
3.13,170.0,cv
1.79,145.0,SE
0.89,93.0,cv
0.89,86.0,SE
2.68,75.0,SE
4.47,90.0,SE
6.26,102.0,SE
21.9,65.0,SE
29.05,61.0,SE
34.86,50.0,SE
40.67,61.0,SE
44.69,58.0,SE
47.82,68.0,SE
49.61,72.0,SE
53.63,117.0,SE
56.76,129.0,SE
59.89,132.0,SE
4.92,107.0,NW
4.92,85.0,NE
9.84,52.0,NE
14.76,19.0,NE
4.02,15.0,NW
7.15,17.0,NW
3.13,13.0,NE
7.15,13.0,NE
10.28,12.0,NE
14.3,10.0,NE
17.43,15.0,NE
4.02,12.0,cv
5.81,11.0,cv
7.6,17.0,cv
9.39,16.0,cv
1.79,15.0,SE
7.6,19.0,SE
12.52,23.0,SE
16.54,34.0,SE
18.33,30.0,SE
21.46,35.0,SE
0.89,40.0,cv
1.78,49.0,cv
1.79,51.0,SE
0.89,47.0,cv
1.78,51.0,cv
1.79,65.0,NW
3.13,80.0,NE
3.13,63.0,NW
6.26,52.0,NW
10.28,48.0,NW
3.13,33.0,NE
5.81,57.0,NW
5.81,33.0,NE
7.15,10.0,NW
0.89,6.0,cv
1.79,8.0,SE
1.79,6.0,cv
1.79,6.0,SE
3.58,19.0,SE
4.47,17.0,SE
6.26,16.0,SE
7.15,19.0,SE
3.13,31.0,NW
0.89,56.0,cv
1.78,69.0,cv
2.67,91.0,cv
3.56,84.0,cv
4.45,70.0,cv
5.34,48.0,cv
1.79,48.0,NE
5.81,30.0,NE
7.6,15.0,NE
1.79,22.0,SE
3.58,22.0,SE
5.37,39.0,SE
8.5,48.0,SE
11.63,49.0,SE
15.65,72.0,SE
1.79,73.0,cv
3.13,66.0,SE
4.92,63.0,SE
4.02,27.0,NW
5.81,31.0,SE
9.83,39.0,SE
15.64,42.0,SE
21.45,63.0,SE
25.47,83.0,SE
0.89,98.0,cv
1.79,99.0,SE
3.58,98.0,SE
1.79,98.0,NE
1.79,93.0,SE
1.79,95.0,NE
2.68,138.0,NE
0.89,144.0,cv
1.78,146.0,cv
2.67,156.0,cv
1.79,129.0,SE
3.58,122.0,SE
5.37,104.0,SE
7.16,75.0,SE
10.29,67.0,SE
15.21,46.0,SE
20.13,27.0,SE
27.28,39.0,SE
34.43,32.0,SE
40.24,31.0,SE
46.05,31.0,SE
50.97,36.0,SE
56.78,28.0,SE
61.7,43.0,SE
66.62,56.0,SE
69.75,54.0,SE
70.64,53.0,SE
0.89,58.0,cv
0.89,63.0,NE
0.89,77.0,cv
1.78,79.0,cv
2.67,80.0,cv
1.79,84.0,SE
3.58,101.0,SE
6.71,104.0,SE
10.73,105.0,SE
14.75,134.0,SE
19.67,162.0,SE
23.69,147.0,SE
28.61,133.0,SE
31.74,136.0,SE
36.66,144.0,SE
38.45,149.0,SE
44.26,151.0,SE
49.18,140.0,SE
53.2,138.0,SE
57.22,152.0,SE
60.35,158.0,SE
63.48,139.0,SE
0.89,124.0,cv
1.79,120.0,SE
0.89,133.0,cv
1.79,135.0,SE
0.45,125.0,cv
0.89,137.0,NW
1.79,146.0,NE
1.79,137.0,NW
1.79,125.0,cv
1.79,130.0,SE
3.58,136.0,SE
6.71,143.0,SE
9.84,149.0,SE
13.86,152.0,SE
17.88,144.0,SE
22.8,105.0,SE
28.61,87.0,SE
33.53,82.0,SE
38.45,104.0,SE
41.58,125.0,SE
0.89,150.0,cv
1.79,134.0,SE
3.58,94.0,SE
5.37,89.0,SE
7.16,97.0,SE
8.95,94.0,SE
12.08,96.0,SE
15.21,101.0,SE
19.23,86.0,SE
22.36,94.0,SE
25.49,102.0,SE
30.41,96.0,SE
36.22,99.0,SE
40.24,104.0,SE
44.26,99.0,SE
49.18,93.0,SE
56.33,105.0,SE
5.81,76.0,NW
9.83,33.0,NW
16.98,26.0,NW
22.79,18.0,NW
27.71,15.0,NW
32.63,15.0,NW
4.02,22.0,NE
8.04,26.0,NE
12.06,15.0,NE
15.19,11.0,NE
19.21,8.0,NE
21.0,16.0,NE
22.79,12.0,NE
24.58,18.0,NE
3.13,14.0,NW
4.92,14.0,NE
8.94,9.0,NE
4.02,6.0,NW
9.83,5.0,NW
16.98,5.0,NW
21.9,6.0,NW
25.03,6.0,NW
4.92,8.0,cv
4.02,11.0,NW
1.79,10.0,cv
1.79,12.0,NW
3.13,14.0,SE
1.79,15.0,NW
1.79,9.0,NE
0.89,16.0,cv
0.89,27.0,SE
0.45,29.0,cv
1.34,43.0,cv
2.23,68.0,cv
1.79,67.0,SE
0.89,60.0,NE
2.68,71.0,NE
0.89,80.0,cv
1.78,122.0,cv
2.23,115.0,cv
1.79,103.0,NE
0.89,82.0,cv
1.79,88.0,SE
1.79,80.0,cv
2.68,87.0,cv
4.02,68.0,SE
8.94,53.0,SE
13.86,37.0,SE
18.78,38.0,SE
23.7,43.0,SE
28.62,51.0,SE
9.83,37.0,NW
15.64,46.0,NW
1.79,43.0,NE
1.79,48.0,SE
0.89,50.0,cv
3.13,40.0,NW
4.92,50.0,NW
5.81,51.0,NW
7.6,55.0,NW
0.89,63.0,cv
1.78,57.0,cv
0.89,58.0,NE
0.89,65.0,cv
1.79,55.0,SE
0.89,53.0,cv
1.79,54.0,NE
3.58,55.0,NE
5.37,55.0,NE
1.79,55.0,SE
4.92,55.0,SE
8.05,52.0,SE
12.07,66.0,SE
15.2,71.0,SE
19.22,83.0,SE
23.24,108.0,SE
27.26,115.0,SE
0.89,121.0,cv
1.79,138.0,SE
3.58,152.0,SE
4.47,151.0,SE
5.36,143.0,SE
6.25,144.0,SE
7.14,149.0,SE
8.93,143.0,SE
0.45,141.0,cv
0.89,145.0,NE
0.89,155.0,cv
1.79,189.0,SE
3.58,180.0,SE
7.6,185.0,SE
10.73,168.0,SE
12.52,158.0,SE
15.65,143.0,SE
18.78,108.0,SE
23.7,69.0,SE
29.51,63.0,SE
35.32,62.0,SE
40.24,63.0,SE
45.16,67.0,SE
50.08,71.0,SE
51.87,95.0,SE
53.66,117.0,SE
55.45,130.0,SE
57.24,146.0,SE
60.37,159.0,SE
62.16,168.0,SE
63.95,178.0,SE
65.74,175.0,SE
66.63,207.0,SE
0.89,233.0,cv
1.79,248.0,SE
0.89,244.0,cv
1.78,237.0,cv
1.79,239.0,SE
0.45,242.0,cv
1.34,246.0,cv
2.23,238.0,cv
1.79,206.0,SE
1.79,216.0,NE
0.89,261.0,cv
4.92,59.0,SE
3.13,39.0,NW
3.13,41.0,NE
1.79,57.0,SE
3.58,63.0,SE
0.89,92.0,cv
1.78,84.0,cv
2.23,80.0,cv
3.12,95.0,cv
0.89,120.0,SE
0.89,135.0,cv
1.78,140.0,cv
2.67,139.0,cv
0.89,141.0,NW
0.89,146.0,SE
0.89,161.0,cv
1.78,167.0,cv
1.79,164.0,NE
0.89,148.0,cv
1.79,135.0,SE
3.13,141.0,cv
4.02,143.0,SE
8.94,154.0,SE
14.75,118.0,SE
20.56,75.0,SE
26.37,66.0,SE
31.29,62.0,SE
34.42,74.0,SE
37.55,61.0,SE
39.34,52.0,SE
42.47,47.0,SE
44.26,56.0,SE
1.79,69.0,NE
3.58,70.0,NE
5.37,72.0,NE
7.16,86.0,NE
1.79,109.0,NW
3.58,97.0,NW
7.6,88.0,NW
11.62,87.0,NW
4.02,76.0,NE
8.94,42.0,NE
16.09,15.0,NE
20.11,13.0,NE
24.13,6.0,NE
4.02,5.0,SE
3.13,8.0,cv
3.13,8.0,SE
7.15,20.0,SE
11.17,47.0,SE
14.3,52.0,SE
17.43,54.0,SE
20.56,46.0,SE
23.69,57.0,SE
26.82,135.0,SE
29.95,166.0,SE
33.08,199.0,SE
36.21,237.0,SE
38.0,219.0,SE
41.13,148.0,SE
44.26,141.0,SE
0.89,122.0,cv
1.34,130.0,cv
2.23,148.0,cv
1.79,167.0,SE
3.58,194.0,SE
1.79,193.0,NE
1.79,191.0,SE
3.58,189.0,SE
5.37,205.0,SE
8.5,203.0,SE
11.63,204.0,SE
13.42,212.0,SE
9.83,168.0,NW
16.98,46.0,NW
20.11,49.0,NW
1.79,45.0,SE
0.89,50.0,cv
4.02,59.0,NW
7.15,56.0,NW
11.17,48.0,NW
0.89,50.0,cv
3.13,43.0,NW
0.89,49.0,cv
1.78,56.0,cv
1.79,50.0,NW
0.89,49.0,cv
1.79,45.0,NW
0.89,38.0,cv
1.78,44.0,cv
3.57,48.0,cv
4.46,50.0,cv
1.79,53.0,SE
5.81,55.0,SE
8.94,61.0,SE
12.96,87.0,SE
17.88,91.0,SE
21.9,101.0,SE
25.03,98.0,SE
26.82,87.0,SE
0.89,80.0,cv
1.79,108.0,NE
6.71,129.0,NE
1.79,29.0,SE
3.13,17.0,NE
4.02,23.0,SE
5.81,101.0,SE
8.94,99.0,SE
1.79,85.0,NE
1.79,90.0,SE
0.89,81.0,cv
1.79,82.0,SE
0.89,103.0,cv
2.68,107.0,cv
1.79,121.0,NW
1.79,111.0,SE
3.58,98.0,SE
6.71,82.0,SE
10.73,63.0,SE
14.75,56.0,SE
20.56,56.0,SE
27.71,33.0,SE
33.52,36.0,SE
37.54,46.0,SE
39.33,58.0,SE
42.46,74.0,SE
46.48,69.0,SE
49.61,73.0,SE
51.4,71.0,SE
53.19,82.0,SE
56.32,75.0,SE
59.45,93.0,SE
62.58,110.0,SE
0.89,161.0,cv
1.79,197.0,SE
3.58,189.0,SE
0.89,186.0,cv
1.79,192.0,SE
3.58,178.0,SE
1.79,181.0,cv
4.92,177.0,cv
4.92,178.0,SE
10.73,140.0,SE
16.54,116.0,SE
22.35,104.0,SE
26.37,66.0,SE
1.79,23.0,NW
0.89,29.0,cv
3.13,33.0,NE
6.26,32.0,NE
3.13,38.0,SE
4.02,34.0,SE
0.89,47.0,cv
1.79,33.0,NW
3.13,24.0,NE
4.02,8.0,NW
8.04,8.0,NW
11.17,7.0,NW
0.89,8.0,cv
1.78,10.0,cv
4.02,8.0,NW
8.94,13.0,NW
12.07,14.0,NW
13.86,9.0,NW
1.79,6.0,cv
3.13,7.0,SE
3.13,10.0,cv
8.05,10.0,NW
16.1,6.0,NW
21.02,2.0,NW
24.15,1.0,NW
1.79,7.0,cv
4.02,18.0,SE
8.04,18.0,SE
12.06,20.0,SE
16.98,21.0,SE
25.03,26.0,SE
32.18,27.0,SE
3.13,30.0,NW
0.89,33.0,cv
1.79,34.0,NW
0.89,37.0,cv
0.89,33.0,NW
0.89,54.0,cv
1.79,52.0,NE
0.89,38.0,cv
1.79,31.0,SE
4.92,13.0,SE
8.05,8.0,NW
5.81,15.0,SE
11.62,12.0,SE
15.64,16.0,SE
4.02,9.0,NW
4.02,13.0,SE
4.92,12.0,NW
8.94,12.0,NW
0.89,12.0,cv
0.89,22.0,SE
2.68,68.0,SE
5.81,75.0,SE
0.89,60.0,cv
1.79,75.0,NE
0.89,81.0,cv
1.79,71.0,NE
4.92,44.0,NE
3.13,23.0,NW
6.26,23.0,NW
9.39,24.0,NW
13.41,13.0,NW
16.54,11.0,NW
4.92,7.0,NE
3.13,4.0,cv
4.02,3.0,NE
3.13,4.0,SE
1.79,6.0,NW
1.79,7.0,NE
1.79,6.0,cv
1.79,5.0,NE
3.58,3.0,NE
5.37,15.0,NE
9.39,23.0,NE
14.31,10.0,NE
18.33,11.0,NE
20.12,7.0,NE
0.89,11.0,cv
1.79,10.0,NE
1.79,15.0,SE
0.89,29.0,cv
0.89,58.0,NE
0.89,73.0,cv
1.79,96.0,NE
1.79,112.0,SE
3.13,130.0,NE
6.26,135.0,NE
3.13,152.0,SE
4.02,148.0,NW
3.13,80.0,NE
4.92,86.0,SE
8.94,99.0,SE
13.86,62.0,SE
17.88,65.0,SE
22.8,61.0,SE
24.59,54.0,SE
3.13,48.0,NE
4.92,60.0,NE
10.73,40.0,NE
16.54,36.0,NE
22.35,17.0,NE
27.27,17.0,NE
33.08,15.0,NE
37.1,12.0,NE
3.13,11.0,NW
6.26,13.0,NW
10.28,13.0,NW
12.07,16.0,NW
16.09,10.0,NW
20.11,14.0,NW
23.24,8.0,NW
3.13,5.0,NE
3.13,6.0,NW
3.13,7.0,SE
4.92,17.0,NW
3.13,8.0,cv
4.02,8.0,NW
3.13,7.0,SE
3.13,5.0,NE
6.26,6.0,NE
3.13,11.0,NW
6.26,10.0,NW
1.79,8.0,NE
3.13,7.0,NW
6.26,7.0,NW
8.05,11.0,NW
0.45,11.0,cv
0.9,21.0,cv
1.79,15.0,NE
3.13,9.0,NW
1.79,14.0,NE
0.89,16.0,cv
4.92,11.0,NW
9.84,12.0,NW
14.76,9.0,NW
19.68,6.0,NW
4.92,4.0,NE
1.79,12.0,NW
4.92,16.0,NW
8.94,6.0,NW
4.92,6.0,NE
8.05,6.0,NE
11.18,9.0,NE
29.06,16.0,NW
30.85,11.0,NW
32.64,31.0,NW
35.77,34.0,NW
37.56,31.0,NW
39.35,76.0,NW
42.48,37.0,NW
44.27,25.0,NW
0.89,16.0,cv
1.78,15.0,cv
3.13,15.0,NW
0.89,12.0,cv
2.68,11.0,cv
3.57,12.0,cv
3.13,12.0,SE
1.79,16.0,cv
4.02,17.0,SE
8.05,16.0,NW
1.79,21.0,SE
0.89,25.0,cv
1.79,29.0,NE
4.92,37.0,NW
4.02,38.0,SE
4.91,30.0,SE
0.89,35.0,cv
1.78,53.0,cv
3.13,58.0,NW
0.89,49.0,cv
1.79,43.0,SE
1.79,42.0,cv
2.24,38.0,cv
1.79,46.0,NE
1.79,49.0,SE
1.79,54.0,cv
1.79,65.0,SE
4.92,87.0,SE
0.89,111.0,cv
5.81,104.0,SE
10.73,127.0,SE
16.54,113.0,SE
21.46,103.0,SE
24.59,96.0,SE
27.72,96.0,SE
32.64,93.0,SE
36.66,96.0,SE
0.89,86.0,cv
1.78,79.0,cv
2.67,99.0,cv
1.79,101.0,SE
3.58,113.0,SE
5.37,111.0,SE
8.5,118.0,SE
10.29,116.0,SE
3.13,126.0,NE
3.13,133.0,NW
4.02,154.0,SE
4.02,144.0,NW
1.79,145.0,SE
4.92,151.0,SE
8.94,153.0,SE
12.07,155.0,SE
13.86,154.0,SE
17.88,160.0,SE
21.9,164.0,SE
25.03,202.0,SE
0.89,216.0,cv
1.78,232.0,cv
4.02,254.0,SE
8.04,255.0,SE
12.96,257.0,SE
16.98,305.0,SE
18.77,266.0,SE
20.56,259.0,SE
22.35,236.0,SE
25.48,219.0,SE
27.27,185.0,SE
30.4,164.0,SE
31.29,147.0,SE
33.08,139.0,SE
0.89,132.0,cv
1.79,140.0,SE
0.89,150.0,cv
1.79,135.0,SE
4.92,157.0,SE
3.13,161.0,SE
7.15,166.0,SE
12.07,208.0,SE
16.99,275.0,SE
20.12,259.0,SE
23.25,225.0,SE
25.04,204.0,SE
26.83,228.0,SE
30.85,139.0,SE
32.64,117.0,SE
36.66,160.0,SE
40.68,277.0,SE
44.7,296.0,SE
0.89,287.0,cv
1.34,338.0,cv
0.89,289.0,NW
0.89,237.0,cv
0.89,135.0,SE
0.45,111.0,cv
1.34,94.0,cv
3.13,82.0,cv
4.02,72.0,cv
3.13,83.0,SE
1.79,92.0,cv
3.13,101.0,SE
7.15,113.0,SE
12.07,130.0,SE
16.09,226.0,SE
19.22,306.0,SE
23.24,164.0,SE
26.37,175.0,SE
28.16,175.0,SE
31.29,171.0,SE
33.08,202.0,SE
36.21,185.0,SE
37.1,209.0,SE
0.89,214.0,cv
1.78,192.0,cv
2.67,191.0,cv
3.56,203.0,cv
0.89,293.0,NE
0.89,284.0,cv
1.78,193.0,cv
1.79,183.0,SE
4.92,165.0,SE
6.71,166.0,SE
8.5,153.0,SE
1.79,154.0,cv
3.58,153.0,cv
1.79,163.0,SE
0.89,182.0,cv
1.78,230.0,cv
1.79,210.0,SE
4.92,183.0,SE
13.86,191.0,SE
21.01,60.0,SE
25.03,52.0,SE
33.97,65.0,SE
0.89,71.0,cv
1.79,83.0,NW
4.92,84.0,NW
0.89,88.0,SE
2.68,86.0,SE
0.89,87.0,cv
3.13,85.0,SE
4.92,80.0,SE
8.05,61.0,SE
11.18,85.0,SE
14.31,110.0,SE
18.33,125.0,SE
21.46,156.0,SE
25.48,160.0,SE
29.5,165.0,SE
33.52,145.0,SE
37.54,148.0,SE
40.67,109.0,SE
43.8,98.0,SE
47.82,105.0,SE
50.95,111.0,SE
54.08,111.0,SE
0.89,127.0,cv
1.78,138.0,cv
2.23,146.0,cv
2.68,164.0,cv
1.79,173.0,NW
0.89,181.0,cv
1.79,187.0,SE
3.58,182.0,SE
6.71,159.0,SE
8.5,140.0,SE
11.63,136.0,SE
13.42,138.0,SE
17.44,142.0,SE
20.57,152.0,SE
23.7,165.0,SE
0.89,167.0,cv
1.79,173.0,SE
0.89,178.0,cv
1.78,190.0,cv
1.79,189.0,SE
0.89,205.0,cv
1.79,218.0,SE
6.71,224.0,SE
0.89,101.0,cv
1.79,186.0,SE
0.89,249.0,cv
4.92,238.0,SE
6.71,229.0,SE
9.84,215.0,SE
13.86,170.0,SE
18.78,166.0,SE
22.8,162.0,SE
26.82,145.0,SE
30.84,127.0,SE
33.97,132.0,SE
35.76,143.0,SE
37.55,163.0,SE
0.89,168.0,cv
1.78,130.0,cv
2.67,140.0,cv
1.79,162.0,SE
4.92,196.0,SE
8.05,143.0,SE
0.89,140.0,cv
1.79,144.0,SE
3.58,144.0,SE
0.89,69.0,cv
1.78,75.0,cv
2.23,71.0,cv
3.12,70.0,cv
1.79,61.0,NE
4.92,73.0,NE
1.79,75.0,SE
1.79,86.0,NE
0.89,98.0,cv
1.79,94.0,NW
0.89,90.0,cv
1.79,76.0,SE
4.92,80.0,SE
8.94,91.0,SE
12.07,95.0,SE
16.09,101.0,SE
19.22,118.0,SE
22.35,135.0,SE
25.48,147.0,SE
29.5,131.0,SE
32.63,128.0,SE
35.76,88.0,SE
37.55,60.0,SE
40.68,62.0,SE
43.81,73.0,SE
46.94,64.0,SE
50.96,132.0,SE
54.98,138.0,SE
58.11,131.0,SE
0.89,131.0,cv
1.78,134.0,cv
1.79,127.0,SE
0.89,116.0,cv
1.79,120.0,SE
4.92,111.0,SE
6.71,108.0,SE
8.5,107.0,SE
10.29,115.0,SE
13.42,118.0,SE
1.79,121.0,NE
3.13,150.0,SE
7.15,149.0,SE
10.28,131.0,SE
12.07,126.0,SE
15.2,100.0,SE
16.99,59.0,SE
20.12,57.0,SE
23.25,47.0,SE
26.38,44.0,SE
27.27,48.0,SE
29.06,51.0,SE
29.95,66.0,SE
0.89,77.0,cv
1.78,110.0,cv
2.23,127.0,cv
3.12,130.0,cv
1.79,139.0,SE
3.58,111.0,SE
6.71,96.0,SE
9.84,62.0,SE
12.97,51.0,SE
1.79,44.0,cv
3.13,58.0,SE
1.79,63.0,cv
3.13,70.0,SE
6.26,72.0,SE
9.39,46.0,SE
12.52,31.0,SE
16.54,36.0,SE
18.33,39.0,SE
20.12,51.0,SE
21.91,41.0,SE
23.7,34.0,SE
25.49,34.0,SE
26.38,43.0,SE
28.17,51.0,SE
29.96,59.0,SE
31.75,59.0,SE
33.54,53.0,SE
34.43,52.0,SE
0.89,63.0,cv
1.79,60.0,SE
3.58,74.0,SE
5.37,86.0,SE
7.16,89.0,SE
8.95,84.0,SE
10.74,106.0,SE
0.89,128.0,cv
1.79,174.0,NE
3.58,208.0,NE
1.79,194.0,SE
0.89,218.0,NE
4.02,202.0,NE
4.91,178.0,NE
1.79,174.0,SE
0.89,175.0,cv
0.89,151.0,SE
2.68,129.0,SE
1.79,109.0,SE
3.58,104.0,SE
0.89,118.0,cv
1.78,105.0,cv
1.79,91.0,SE
3.58,90.0,SE
0.89,72.0,cv
1.79,75.0,SE
3.58,74.0,SE
5.37,63.0,SE
7.16,61.0,SE
8.95,61.0,SE
0.89,59.0,cv
1.79,67.0,SE
3.58,69.0,SE
5.37,73.0,SE
7.16,72.0,SE
8.95,73.0,SE
10.74,81.0,SE
0.89,83.0,cv
1.78,98.0,cv
0.89,106.0,SE
0.89,110.0,cv
1.79,98.0,SE
0.89,104.0,cv
1.79,105.0,NW
3.58,97.0,NW
5.37,127.0,NW
0.89,128.0,cv
1.79,128.0,NW
4.92,100.0,NW
6.71,78.0,NW
0.89,70.0,cv
1.79,50.0,NE
1.79,36.0,NW
0.89,30.0,cv
1.78,24.0,cv
2.67,21.0,cv
3.13,27.0,SE
6.26,40.0,SE
12.07,40.0,SE
15.2,27.0,SE
19.22,42.0,SE
22.35,71.0,SE
26.37,69.0,SE
30.39,69.0,SE
34.41,77.0,SE
37.54,77.0,SE
39.33,90.0,SE
0.89,104.0,cv
1.79,112.0,SE
3.58,126.0,SE
5.37,131.0,SE
8.5,134.0,SE
11.63,135.0,SE
13.42,145.0,SE
15.21,138.0,SE
18.34,140.0,SE
21.47,137.0,SE
24.6,129.0,SE
33.54,133.0,SE
37.56,140.0,SE
1.79,121.0,cv
3.13,122.0,SE
4.92,120.0,NE
6.71,192.0,NE
9.84,199.0,NE
3.13,205.0,NW
6.26,200.0,NW
3.13,178.0,NE
7.15,104.0,NE
10.28,84.0,NE
3.13,61.0,NW
6.26,38.0,NW
0.89,27.0,cv
1.34,17.0,cv
1.79,17.0,NE
0.89,19.0,cv
1.79,12.0,NW
1.79,9.0,NE
1.79,13.0,NW
3.13,13.0,cv
4.92,12.0,cv
3.13,19.0,SE
5.81,16.0,SE
8.94,22.0,SE
12.96,21.0,SE
16.09,24.0,SE
17.88,27.0,SE
19.67,22.0,SE
21.46,23.0,SE
0.89,33.0,cv
1.78,45.0,cv
1.79,48.0,NW
4.92,51.0,NW
5.81,45.0,NW
8.94,48.0,NW
12.07,35.0,NW
17.88,29.0,NW
1.79,21.0,NE
3.13,20.0,NW
3.13,16.0,NE
4.92,18.0,NE
6.71,18.0,NE
3.13,15.0,SE
1.79,26.0,cv
1.79,22.0,SE
4.92,20.0,SE
8.05,24.0,SE
9.84,22.0,SE
11.63,24.0,SE
14.76,33.0,SE
19.68,42.0,SE
25.49,103.0,SE
28.62,115.0,SE
30.41,60.0,SE
32.2,45.0,SE
35.33,60.0,SE
1.79,69.0,NE
0.89,87.0,cv
1.78,91.0,cv
1.79,114.0,SE
0.89,96.0,cv
1.79,97.0,NE
1.79,81.0,cv
3.13,81.0,SE
6.26,83.0,SE
8.05,88.0,SE
3.13,85.0,cv
4.02,95.0,SE
8.94,114.0,SE
18.78,106.0,SE
22.8,105.0,SE
26.82,98.0,SE
30.84,89.0,SE
34.86,83.0,SE
39.78,68.0,SE
42.91,77.0,SE
46.04,75.0,SE
1.79,78.0,NW
4.92,86.0,NW
3.13,94.0,SE
0.89,93.0,cv
1.34,85.0,cv
1.79,77.0,SE
0.89,73.0,cv
1.79,105.0,NW
4.92,89.0,NW
8.05,93.0,NW
9.84,97.0,NW
1.79,92.0,SE
3.58,96.0,SE
6.71,109.0,SE
10.73,109.0,SE
13.86,110.0,SE
16.99,132.0,SE
20.12,149.0,SE
21.91,133.0,SE
23.7,124.0,SE
4.02,122.0,NW
3.13,32.0,SE
7.15,34.0,NW
0.89,46.0,cv
1.78,47.0,cv
2.23,53.0,cv
0.89,55.0,NW
2.68,52.0,NW
3.57,52.0,NW
5.36,56.0,NW
0.89,59.0,cv
1.78,90.0,cv
1.79,112.0,SE
0.89,123.0,cv
1.78,133.0,cv
1.79,155.0,SE
1.79,153.0,cv
2.68,159.0,cv
1.79,168.0,SE
1.79,179.0,NE
3.58,199.0,NE
5.37,184.0,NE
7.16,194.0,NE
8.95,188.0,NE
0.89,189.0,cv
1.78,179.0,cv
2.67,184.0,cv
1.79,177.0,NW
0.89,180.0,cv
1.79,180.0,NE
0.89,183.0,cv
0.89,187.0,NE
1.79,177.0,SE
0.89,179.0,cv
1.78,183.0,cv
3.13,173.0,SE
4.92,175.0,SE
8.05,168.0,SE
11.18,178.0,SE
12.97,157.0,SE
16.1,110.0,SE
20.12,97.0,SE
24.14,90.0,SE
28.16,103.0,SE
32.18,105.0,SE
35.31,134.0,SE
38.44,210.0,SE
41.57,232.0,SE
44.7,167.0,SE
47.83,163.0,SE
0.89,171.0,cv
1.78,152.0,cv
2.67,136.0,cv
3.56,149.0,cv
0.89,163.0,SE
0.89,169.0,cv
1.78,177.0,cv
2.67,184.0,cv
1.79,186.0,NE
1.79,185.0,NW
3.58,174.0,NW
6.71,152.0,NW
9.84,145.0,NW
0.89,135.0,cv
1.79,120.0,SE
0.89,130.0,cv
4.92,139.0,SE
8.94,113.0,SE
13.86,113.0,SE
17.88,119.0,SE
19.67,122.0,SE
21.46,125.0,SE
24.59,115.0,SE
26.38,109.0,SE
29.51,115.0,SE
32.64,103.0,SE
34.43,101.0,SE
37.56,95.0,SE
0.89,95.0,cv
0.89,92.0,NE
1.78,110.0,NE
0.89,122.0,cv
1.78,127.0,cv
2.67,122.0,cv
3.56,110.0,cv
1.79,104.0,SE
3.58,103.0,SE
6.71,107.0,SE
9.84,106.0,SE
12.97,89.0,SE
16.99,96.0,SE
21.01,90.0,SE
24.14,92.0,SE
25.93,94.0,SE
29.95,73.0,SE
33.08,72.0,SE
0.89,47.0,cv
1.79,60.0,SE
3.58,62.0,SE
5.37,66.0,SE
7.16,73.0,SE
0.89,61.0,cv
1.79,52.0,NW
4.92,48.0,NW
6.71,47.0,NW
8.5,52.0,NW
10.29,42.0,NW
13.42,33.0,NW
0.89,35.0,cv
1.78,35.0,cv
2.67,36.0,cv
3.13,30.0,SE
7.15,46.0,SE
10.28,53.0,SE
16.09,63.0,SE
21.9,67.0,SE
29.05,56.0,SE
41.12,56.0,SE
42.91,22.0,SE
1.79,20.0,NW
6.71,33.0,NW
0.89,43.0,cv
1.79,25.0,NW
4.92,33.0,NW
0.89,45.0,cv
1.79,54.0,SE
3.58,49.0,SE
4.47,47.0,SE
0.89,61.0,cv
1.79,79.0,SE
1.79,86.0,NE
1.79,101.0,cv
1.79,96.0,SE
0.89,95.0,cv
3.13,87.0,SE
4.92,65.0,SE
1.79,76.0,NE
1.79,80.0,NW
3.13,87.0,NE
1.79,88.0,SE
4.92,94.0,NE
4.02,61.0,NW
7.15,47.0,NW
10.28,29.0,NW
1.79,24.0,NE
1.79,28.0,NW
0.89,28.0,cv
0.89,20.0,NE
0.89,19.0,cv
1.79,25.0,NW
3.58,19.0,NW
5.37,27.0,NW
7.16,19.0,NW
10.29,24.0,NW
3.13,20.0,NE
4.92,20.0,NE
1.79,55.0,SE
0.89,57.0,cv
1.79,35.0,NE
4.92,35.0,NE
3.13,20.0,NW
0.89,13.0,cv
1.78,9.0,cv
3.13,9.0,NW
5.81,16.0,NE
3.13,14.0,NW
1.79,17.0,SE
3.58,16.0,SE
5.37,29.0,SE
6.26,26.0,SE
0.89,18.0,cv
1.79,17.0,NW
3.58,31.0,NW
4.47,25.0,NW
1.79,33.0,NE
1.79,25.0,NW
4.92,22.0,NW
4.02,15.0,NE
7.15,10.0,NE
8.94,8.0,NE
0.89,7.0,cv
1.78,11.0,cv
2.67,14.0,cv
3.56,17.0,cv
5.35,28.0,cv
3.13,34.0,SE
6.26,33.0,SE
10.28,36.0,SE
12.07,38.0,SE
0.89,41.0,cv
1.78,42.0,cv
0.89,38.0,NE
1.78,46.0,NE
3.57,47.0,NE
0.45,61.0,cv
1.79,57.0,NW
1.79,54.0,NE
0.89,48.0,cv
1.78,38.0,cv
2.67,25.0,cv
3.13,23.0,NE
7.15,21.0,NE
10.28,19.0,NE
1.79,17.0,NW
3.13,16.0,NE
6.26,14.0,NE
8.05,15.0,NE
1.79,15.0,cv
3.13,19.0,SE
4.92,15.0,SE
6.71,19.0,SE
9.84,33.0,SE
11.63,34.0,SE
12.52,31.0,SE
14.31,39.0,SE
16.1,53.0,SE
0.89,63.0,cv
1.79,60.0,NE
0.89,63.0,cv
0.89,59.0,NE
1.78,48.0,NE
3.57,52.0,NE
1.79,54.0,NW
3.58,50.0,NW
3.13,32.0,NE
4.02,29.0,NW
7.15,31.0,NW
8.94,29.0,NW
1.79,32.0,NE
0.89,29.0,cv
2.68,25.0,cv
4.47,25.0,cv
1.79,26.0,SE
3.58,25.0,SE
5.37,27.0,SE
8.5,32.0,SE
10.29,38.0,SE
14.31,41.0,SE
17.44,53.0,SE
20.57,58.0,SE
23.7,60.0,SE
26.83,84.0,SE
28.62,84.0,SE
30.41,86.0,SE
32.2,63.0,SE
0.89,68.0,cv
1.34,99.0,cv
1.79,130.0,NW
0.89,131.0,cv
1.78,126.0,cv
2.67,112.0,cv
1.79,90.0,SE
4.92,85.0,SE
1.79,76.0,cv
3.58,71.0,cv
4.02,62.0,SE
7.15,51.0,SE
11.17,45.0,SE
16.09,52.0,SE
20.11,46.0,SE
21.9,50.0,SE
25.03,56.0,SE
28.16,55.0,SE
29.95,53.0,SE
31.74,60.0,SE
0.45,55.0,cv
1.79,61.0,SE
4.92,61.0,SE
8.94,80.0,SE
12.07,114.0,SE
13.86,110.0,SE
15.65,94.0,SE
18.78,108.0,SE
21.91,95.0,SE
25.04,92.0,SE
28.17,85.0,SE
31.3,79.0,SE
34.43,77.0,SE
38.45,76.0,SE
45.6,83.0,SE
49.62,75.0,SE
53.64,79.0,SE
58.56,79.0,SE
62.58,107.0,SE
65.71,64.0,SE
68.84,72.0,SE
71.97,80.0,SE
75.1,89.0,SE
81.36,99.0,SE
83.15,99.0,SE
84.94,79.0,SE
86.73,51.0,SE
89.86,54.0,SE
91.65,54.0,SE
93.44,65.0,SE
95.23,76.0,SE
97.02,81.0,SE
1.79,90.0,cv
1.79,96.0,SE
3.58,99.0,SE
6.71,104.0,SE
9.84,103.0,SE
12.97,95.0,SE
16.1,98.0,SE
19.23,88.0,SE
21.02,105.0,SE
22.81,106.0,SE
24.6,100.0,SE
27.73,100.0,SE
30.86,80.0,SE
32.65,82.0,SE
34.44,83.0,SE
36.23,92.0,SE
0.89,105.0,cv
1.79,120.0,SE
3.58,124.0,SE
5.37,123.0,SE
7.16,116.0,SE
8.95,126.0,SE
10.74,132.0,SE
12.53,136.0,SE
14.32,128.0,SE
16.11,130.0,SE
17.9,116.0,SE
19.69,115.0,SE
21.48,120.0,SE
23.27,126.0,SE
26.4,142.0,SE
28.19,138.0,SE
29.98,133.0,SE
0.89,124.0,cv
1.79,138.0,SE
2.68,132.0,SE
5.81,146.0,SE
7.6,160.0,SE
9.39,173.0,SE
11.18,167.0,SE
12.97,179.0,SE
14.76,187.0,SE
16.55,195.0,SE
0.89,197.0,cv
1.79,202.0,SE
3.58,206.0,SE
0.89,205.0,cv
1.79,212.0,NE
1.79,222.0,SE
4.92,226.0,SE
8.05,259.0,SE
11.18,220.0,SE
16.1,189.0,SE
19.23,197.0,SE
23.25,181.0,SE
26.38,188.0,SE
28.17,192.0,SE
29.96,189.0,SE
31.75,194.0,SE
33.54,206.0,SE
35.33,219.0,SE
37.12,240.0,SE
38.91,239.0,SE
40.7,246.0,SE
42.49,227.0,SE
44.28,198.0,SE
46.07,174.0,SE
49.2,185.0,SE
52.33,192.0,SE
54.12,233.0,SE
57.25,256.0,SE
60.38,278.0,SE
62.17,283.0,SE
63.96,293.0,SE
3.13,318.0,NE
7.15,299.0,NE
11.17,164.0,NE
14.3,31.0,NE
18.32,46.0,NE
21.45,95.0,NE
8.94,23.0,NW
0.89,29.0,cv
1.79,21.0,NE
0.89,26.0,cv
1.79,23.0,SE
3.13,28.0,NE
6.26,23.0,NE
7.15,13.0,NW
10.28,12.0,NW
14.3,11.0,NW
16.09,12.0,NW
20.11,12.0,NW
3.13,24.0,NE
3.13,24.0,NW
8.94,11.0,NW
14.75,10.0,NW
22.8,9.0,NW
29.95,8.0,NW
38.89,10.0,NW
47.83,9.0,NW
55.88,9.0,NW
60.8,12.0,NW
62.59,8.0,NW
1.79,17.0,SE
2.68,15.0,SE
0.45,21.0,cv
1.34,39.0,cv
3.13,27.0,NW
1.79,20.0,NE
3.13,27.0,NW
4.92,14.0,NW
3.13,17.0,NE
3.13,12.0,NW
7.15,20.0,NW
0.89,17.0,cv
1.79,12.0,NW
0.89,12.0,cv
3.13,17.0,NW
3.13,10.0,NE
3.13,13.0,NW
1.79,20.0,NE
1.79,30.0,cv
1.79,25.0,SE
3.58,41.0,SE
5.37,70.0,SE
8.5,69.0,SE
12.52,90.0,SE
15.65,63.0,SE
18.78,56.0,SE
22.8,51.0,SE
25.93,30.0,SE
27.72,28.0,SE
28.61,23.0,SE
30.4,27.0,SE
32.19,24.0,SE
1.79,49.0,NE
1.79,59.0,SE
0.89,64.0,cv
1.78,55.0,cv
2.67,53.0,cv
3.56,56.0,cv
4.45,66.0,cv
5.34,70.0,cv
1.79,75.0,NE
0.89,76.0,cv
1.78,71.0,cv
3.57,80.0,cv
1.79,69.0,SE
0.89,63.0,cv
3.13,75.0,SE
0.89,65.0,cv
3.13,65.0,SE
6.26,76.0,SE
8.05,83.0,SE
11.18,81.0,SE
12.97,89.0,SE
14.76,103.0,SE
16.55,109.0,SE
18.34,103.0,SE
20.13,102.0,SE
21.92,90.0,SE
23.71,60.0,SE
0.89,56.0,cv
1.79,88.0,SE
3.58,90.0,SE
6.71,95.0,SE
9.84,102.0,SE
11.63,122.0,SE
14.76,130.0,SE
17.89,121.0,SE
21.02,108.0,SE
24.15,70.0,SE
27.28,60.0,SE
29.07,62.0,SE
0.89,79.0,cv
3.13,75.0,SE
4.92,68.0,SE
8.05,61.0,SE
11.18,56.0,SE
15.2,54.0,SE
18.33,62.0,SE
21.46,73.0,SE
24.59,70.0,SE
26.38,77.0,SE
1.79,75.0,NE
3.13,78.0,SE
7.15,69.0,SE
8.94,57.0,SE
0.89,54.0,cv
1.79,68.0,SE
5.81,77.0,SE
8.94,70.0,SE
12.07,61.0,SE
16.09,46.0,SE
20.11,61.0,SE
23.24,40.0,SE
27.26,29.0,SE
29.05,30.0,SE
30.84,46.0,SE
33.97,48.0,SE
35.76,49.0,SE
38.89,48.0,SE
0.89,39.0,cv
1.79,51.0,SE
3.58,56.0,SE
6.26,63.0,SE
0.89,53.0,cv
0.89,59.0,SE
0.89,54.0,cv
0.89,82.0,NE
1.78,79.0,NE
3.57,77.0,NE
0.89,80.0,cv
1.78,86.0,cv
1.79,101.0,SE
0.89,99.0,cv
2.68,91.0,cv
3.57,94.0,cv
4.46,99.0,cv
1.79,89.0,NE
3.58,86.0,NE
6.71,90.0,NE
8.5,94.0,NE
1.79,93.0,SE
0.89,105.0,cv
1.79,108.0,SE
3.58,109.0,SE
0.89,37.0,NE
1.79,51.0,SE
4.92,83.0,SE
1.79,88.0,SE
3.58,89.0,SE
6.71,98.0,SE
9.84,96.0,SE
13.86,94.0,SE
16.99,116.0,SE
18.78,130.0,SE
20.57,126.0,SE
23.7,128.0,SE
26.83,111.0,SE
31.75,108.0,SE
35.77,103.0,SE
41.58,110.0,SE
46.5,124.0,SE
9.84,35.0,SE
11.63,45.0,SE
0.89,48.0,cv
1.79,49.0,SE
0.89,49.0,cv
1.78,58.0,cv
0.89,80.0,NE
0.45,76.0,cv
1.34,66.0,cv
1.79,67.0,NW
4.92,47.0,NW
6.71,38.0,NW
3.13,38.0,NE
0.89,37.0,cv
1.78,35.0,cv
2.67,35.0,cv
3.56,39.0,cv
3.13,44.0,NW
1.79,29.0,NE
0.89,25.0,cv
3.13,21.0,NE
0.89,16.0,cv
4.92,17.0,SE
8.05,14.0,SE
1.79,17.0,NW
0.89,15.0,cv
1.79,22.0,NW
4.92,20.0,NW
6.71,24.0,NW
9.84,21.0,NW
12.97,22.0,NW
16.1,27.0,NW
22.36,26.0,NW
26.38,22.0,NW
30.4,9.0,NW
33.53,14.0,NW
36.66,9.0,NW
38.45,9.0,NW
40.24,17.0,NW
0.89,11.0,cv
0.89,14.0,NW
4.91,17.0,NW
9.83,22.0,NW
4.92,18.0,NE
10.73,8.0,NE
4.92,8.0,NW
10.73,16.0,NW
4.92,19.0,NE
4.92,13.0,NW
4.92,10.0,NE
4.92,6.0,NW
4.92,7.0,NE
5.81,9.0,NW
10.73,13.0,NW
14.75,9.0,NW
17.88,16.0,NW
21.01,17.0,NW
1.79,11.0,NE
1.79,18.0,NW
4.92,16.0,NW
8.05,13.0,NW
3.13,18.0,NE
7.15,11.0,NE
1.79,16.0,NW
3.58,15.0,NW
7.6,15.0,NW
11.62,9.0,NW
15.64,14.0,NW
3.13,10.0,NE
3.13,16.0,NW
0.89,14.0,cv
1.79,9.0,NE
1.79,17.0,SE
3.58,15.0,SE
5.37,17.0,SE
8.5,21.0,SE
11.63,18.0,SE
13.42,22.0,SE
0.89,30.0,cv
0.89,33.0,SE
2.68,33.0,SE
4.47,55.0,SE
7.6,69.0,SE
10.73,77.0,SE
12.52,64.0,SE
0.45,61.0,cv
0.9,50.0,cv
0.89,48.0,NE
2.68,54.0,NE
0.89,60.0,cv
1.79,77.0,NW
3.58,93.0,NW
1.79,74.0,NE
3.58,76.0,NE
3.13,81.0,SE
4.92,54.0,SE
8.05,38.0,SE
11.18,42.0,SE
16.1,50.0,SE
17.89,51.0,SE
21.91,51.0,SE
25.93,49.0,SE
27.72,33.0,SE
31.74,31.0,SE
33.53,31.0,SE
35.32,28.0,SE
0.89,23.0,cv
3.13,30.0,NW
6.26,28.0,NW
9.39,29.0,NW
1.79,39.0,NE
1.79,36.0,NW
4.92,36.0,NW
8.94,30.0,NW
3.13,19.0,NE
8.05,16.0,NE
12.07,18.0,NE
15.2,18.0,NE
16.99,17.0,NE
3.13,6.0,SE
6.26,22.0,SE
9.39,15.0,SE
12.52,24.0,SE
16.54,20.0,SE
19.67,24.0,SE
21.46,31.0,SE
24.59,25.0,SE
27.72,44.0,SE
29.51,29.0,SE
0.89,32.0,cv
0.89,43.0,SE
2.68,54.0,SE
0.45,46.0,cv
1.79,47.0,SE
2.68,44.0,SE
3.57,52.0,SE
4.46,53.0,SE
1.79,49.0,NE
1.79,51.0,NW
3.58,56.0,NW
1.79,53.0,cv
1.79,28.0,NE
3.13,22.0,SE
4.92,29.0,SE
8.05,39.0,SE
11.18,29.0,SE
14.31,23.0,SE
17.44,24.0,SE
20.57,53.0,SE
22.36,69.0,SE
25.49,69.0,SE
28.62,84.0,SE
30.41,79.0,SE
31.3,73.0,SE
0.89,67.0,cv
1.78,74.0,cv
2.67,82.0,cv
0.89,83.0,NW
2.68,95.0,NW
0.89,95.0,cv
1.79,82.0,NW
0.89,85.0,cv
1.79,81.0,NE
1.79,78.0,NW
0.89,73.0,cv
1.79,61.0,SE
5.81,63.0,SE
8.94,55.0,SE
12.07,50.0,SE
15.2,46.0,SE
18.33,46.0,SE
21.46,47.0,SE
23.25,44.0,SE
25.04,37.0,SE
26.83,44.0,SE
28.62,38.0,SE
30.41,45.0,SE
32.2,57.0,SE
0.89,52.0,cv
0.89,59.0,SE
1.78,67.0,SE
0.89,67.0,NE
0.89,75.0,SE
0.89,73.0,cv
1.78,79.0,cv
2.67,74.0,cv
4.46,67.0,cv
1.79,56.0,SE
3.58,66.0,SE
6.71,63.0,SE
3.13,67.0,cv
4.02,63.0,SE
8.04,58.0,SE
12.06,57.0,SE
15.19,55.0,SE
19.21,61.0,SE
21.0,68.0,SE
22.79,73.0,SE
24.58,85.0,SE
0.89,79.0,cv
1.79,89.0,SE
4.92,89.0,SE
6.71,88.0,SE
8.5,101.0,SE
10.29,106.0,SE
12.08,119.0,SE
13.87,116.0,SE
0.89,127.0,cv
0.89,136.0,SE
0.89,120.0,cv
1.78,109.0,cv
2.67,106.0,cv
3.56,84.0,cv
4.45,75.0,cv
0.89,80.0,NE
2.68,76.0,NE
3.13,79.0,NW
4.02,33.0,NE
4.91,25.0,NE
0.89,25.0,cv
0.89,29.0,NE
1.79,28.0,NW
0.45,35.0,cv
0.9,37.0,cv
1.79,33.0,NW
4.92,31.0,NW
0.89,43.0,cv
1.79,37.0,NW
5.81,21.0,NW
0.89,15.0,cv
1.78,10.0,cv
1.79,21.0,NW
3.58,23.0,NW
0.89,40.0,cv
1.78,46.0,cv
2.67,49.0,cv
4.46,52.0,cv
5.35,46.0,cv
7.14,45.0,cv
8.93,48.0,cv
1.79,52.0,SE
5.81,56.0,SE
9.83,57.0,SE
12.96,39.0,SE
14.75,32.0,SE
16.54,38.0,SE
18.33,38.0,SE
21.46,34.0,SE
0.89,41.0,cv
0.89,37.0,SE
2.68,43.0,SE
4.47,53.0,SE
0.89,57.0,cv
1.78,72.0,cv
1.79,85.0,NE
2.68,89.0,NE
0.89,94.0,cv
1.78,100.0,cv
2.67,116.0,cv
3.56,120.0,cv
1.79,108.0,SE
0.89,89.0,cv
1.79,70.0,SE
4.92,55.0,SE
8.05,55.0,SE
11.18,58.0,SE
12.97,52.0,SE
16.1,60.0,SE
17.89,72.0,SE
19.68,97.0,SE
22.81,97.0,SE
25.94,94.0,SE
27.73,76.0,SE
0.89,85.0,cv
1.79,93.0,SE
3.58,89.0,SE
5.37,105.0,SE
0.89,108.0,NE
1.79,114.0,SE
3.58,116.0,SE
1.79,118.0,NE
1.79,112.0,SE
3.58,124.0,SE
6.71,136.0,SE
0.89,137.0,cv
1.78,138.0,cv
1.79,127.0,SE
0.89,88.0,cv
1.78,79.0,cv
2.67,67.0,cv
3.13,13.0,NE
6.26,13.0,NE
8.05,13.0,NE
1.79,14.0,SE
3.58,14.0,SE
6.71,15.0,SE
8.5,21.0,SE
12.52,26.0,SE
15.65,32.0,SE
0.89,33.0,cv
1.79,38.0,SE
3.58,46.0,SE
4.47,47.0,SE
7.15,50.0,SE
1.79,67.0,NE
2.68,71.0,NE
3.57,72.0,NE
0.89,68.0,cv
1.78,66.0,cv
2.67,71.0,cv
1.79,73.0,NE
1.79,84.0,SE
3.58,104.0,SE
6.71,76.0,SE
10.73,47.0,SE
14.75,42.0,SE
19.67,27.0,SE
26.82,37.0,SE
31.74,42.0,SE
36.66,52.0,SE
40.68,50.0,SE
44.7,27.0,SE
47.83,31.0,SE
49.62,33.0,SE
51.41,42.0,SE
53.2,40.0,SE
54.99,48.0,SE
0.89,57.0,cv
1.78,59.0,cv
0.89,68.0,SE
0.89,69.0,cv
0.89,67.0,NE
0.45,73.0,cv
0.89,71.0,NW
4.02,70.0,NW
5.81,72.0,NW
1.79,63.0,NE
3.58,59.0,NE
3.13,45.0,NW
3.13,26.0,NE
4.92,14.0,NE
1.79,16.0,NW
0.89,25.0,cv
1.78,20.0,cv
1.79,23.0,SE
5.81,31.0,SE
9.83,45.0,SE
11.62,80.0,SE
15.64,67.0,SE
16.53,89.0,SE
18.32,91.0,SE
0.89,90.0,cv
1.79,96.0,SE
0.89,88.0,cv
1.79,86.0,SE
0.89,65.0,NE
1.78,83.0,NE
0.89,97.0,cv
1.78,108.0,cv
1.79,96.0,NE
0.89,102.0,cv
1.78,78.0,cv
3.57,60.0,cv
4.02,52.0,SE
8.04,53.0,SE
21.9,41.0,SE
25.92,64.0,SE
29.94,67.0,SE
33.07,64.0,SE
34.86,53.0,SE
37.99,73.0,SE
42.91,77.0,SE
46.04,70.0,SE
49.17,67.0,SE
50.96,64.0,SE
54.09,77.0,SE
58.11,78.0,SE
59.9,96.0,SE
61.69,112.0,SE
0.89,119.0,cv
1.79,123.0,SE
3.58,129.0,SE
5.37,143.0,SE
8.5,146.0,SE
10.29,146.0,SE
12.08,139.0,SE
15.21,118.0,SE
24.15,130.0,SE
29.07,144.0,SE
33.09,147.0,SE
37.11,161.0,SE
41.13,148.0,SE
45.15,145.0,SE
48.28,166.0,SE
51.41,185.0,SE
55.43,206.0,SE
58.56,192.0,SE
62.58,202.0,SE
64.37,198.0,SE
66.16,186.0,SE
67.95,153.0,SE
69.74,140.0,SE
71.53,153.0,SE
73.32,182.0,SE
75.11,182.0,SE
0.89,190.0,cv
3.13,3.0,cv
4.92,5.0,cv
8.05,8.0,cv
9.84,8.0,cv
3.13,12.0,SE
8.05,5.0,SE
11.18,20.0,SE
12.97,23.0,SE
14.76,28.0,SE
0.89,25.0,cv
1.78,29.0,cv
1.79,36.0,NE
3.13,42.0,NW
0.89,24.0,cv
1.79,10.0,NW
3.58,9.0,NW
1.79,13.0,NE
3.13,15.0,NW
7.15,21.0,NW
10.28,21.0,NW
0.89,13.0,cv
1.78,13.0,cv
2.67,9.0,cv
3.56,6.0,cv
1.79,8.0,NE
3.13,11.0,SE
6.26,17.0,SE
11.18,22.0,SE
15.2,24.0,SE
19.22,22.0,SE
23.24,23.0,SE
26.37,17.0,SE
28.16,29.0,SE
0.89,35.0,cv
1.79,36.0,SE
3.58,40.0,SE
5.37,47.0,SE
7.16,63.0,SE
0.89,67.0,cv
1.79,81.0,SE
1.79,87.0,NE
0.89,82.0,cv
1.78,84.0,cv
2.67,91.0,cv
1.79,98.0,SE
0.89,100.0,cv
1.78,105.0,cv
3.13,110.0,SE
1.79,97.0,cv
3.13,88.0,SE
7.15,70.0,SE
12.07,65.0,SE
16.09,77.0,SE
21.01,76.0,SE
25.93,69.0,SE
27.72,65.0,SE
29.51,66.0,SE
31.3,62.0,SE
0.89,63.0,cv
0.89,66.0,SE
2.68,71.0,SE
0.89,73.0,cv
1.78,81.0,cv
2.67,88.0,cv
0.89,101.0,NE
1.78,110.0,NE
2.67,110.0,NE
0.89,124.0,cv
1.78,143.0,cv
2.67,156.0,cv
4.46,125.0,cv
4.02,65.0,SE
8.04,66.0,SE
12.06,62.0,SE
15.19,59.0,SE
19.21,52.0,SE
23.23,56.0,SE
27.25,50.0,SE
29.04,59.0,SE
30.83,71.0,SE
0.89,80.0,cv
1.79,84.0,SE
4.92,103.0,SE
8.05,90.0,SE
9.84,104.0,SE
11.63,104.0,SE
13.42,102.0,SE
15.21,108.0,SE
0.89,117.0,cv
0.89,143.0,NE
0.89,143.0,cv
1.78,149.0,cv
2.67,146.0,cv
3.56,154.0,cv
4.45,151.0,cv
1.79,149.0,SE
1.79,126.0,cv
4.02,128.0,SE
7.15,120.0,SE
11.17,118.0,SE
15.19,117.0,SE
18.32,123.0,SE
21.45,131.0,SE
23.24,127.0,SE
25.03,121.0,SE
26.82,113.0,SE
27.71,114.0,SE
28.6,120.0,SE
0.89,133.0,cv
1.79,140.0,SE
0.89,151.0,cv
1.78,178.0,cv
2.67,174.0,cv
3.56,180.0,cv
4.45,185.0,cv
1.79,180.0,NW
1.79,169.0,SE
3.58,153.0,SE
5.37,158.0,SE
8.5,160.0,SE
12.52,161.0,SE
16.54,159.0,SE
19.67,146.0,SE
23.69,145.0,SE
26.82,156.0,SE
28.61,166.0,SE
31.74,172.0,SE
34.87,149.0,SE
38.0,140.0,SE
41.13,134.0,SE
42.92,128.0,SE
0.89,125.0,cv
1.79,102.0,SE
0.89,93.0,cv
1.79,93.0,SE
3.58,93.0,SE
0.89,71.0,cv
1.78,74.0,cv
1.79,81.0,SE
3.58,80.0,SE
5.37,73.0,SE
0.89,56.0,cv
1.79,48.0,SE
3.58,46.0,SE
5.37,47.0,SE
7.16,48.0,SE
10.29,44.0,SE
13.42,62.0,SE
16.55,59.0,SE
20.57,56.0,SE
22.36,56.0,SE
25.49,43.0,SE
27.28,49.0,SE
29.07,54.0,SE
30.86,55.0,SE
32.65,68.0,SE
0.89,64.0,cv
1.78,68.0,cv
1.79,72.0,SE
0.45,80.0,cv
0.89,83.0,NE
1.79,83.0,NW
3.58,83.0,NW
0.89,92.0,cv
3.13,83.0,NW
1.79,76.0,NE
0.89,88.0,cv
1.79,80.0,NE
1.79,78.0,cv
2.68,64.0,cv
1.79,57.0,NE
1.79,55.0,SE
3.13,56.0,NW
3.13,75.0,SE
7.15,105.0,SE
8.94,115.0,SE
0.89,118.0,cv
1.78,128.0,cv
3.13,145.0,SE
6.26,154.0,SE
0.89,157.0,cv
0.89,161.0,SE
1.79,143.0,NW
3.58,153.0,NW
5.37,149.0,NW
7.16,115.0,NW
10.29,64.0,NW
14.31,61.0,NW
19.23,42.0,NW
3.13,41.0,NE
4.02,35.0,NW
8.04,29.0,NW
4.02,26.0,NE
7.15,29.0,NE
3.13,24.0,SE
6.26,38.0,SE
10.28,63.0,SE
13.41,115.0,SE
15.2,123.0,SE
0.89,160.0,cv
1.78,175.0,cv
1.79,205.0,SE
4.92,229.0,SE
5.81,245.0,SE
1.79,260.0,NE
0.89,268.0,cv
0.89,266.0,SE
0.89,281.0,NE
0.89,286.0,SE
0.89,301.0,NE
1.78,302.0,NE
0.89,277.0,cv
1.78,252.0,cv
2.67,242.0,cv
3.56,231.0,cv
1.79,232.0,SE
3.58,239.0,SE
6.71,233.0,SE
10.73,197.0,SE
14.75,195.0,SE
18.77,170.0,SE
20.56,176.0,SE
22.35,213.0,SE
0.89,224.0,cv
0.89,229.0,SE
1.78,215.0,SE
2.67,204.0,SE
3.56,194.0,SE
5.35,188.0,SE
7.14,197.0,SE
8.93,206.0,SE
10.72,207.0,SE
12.51,212.0,SE
0.89,232.0,cv
0.89,240.0,NE
1.79,245.0,SE
3.58,242.0,SE
0.89,230.0,cv
3.13,179.0,SE
7.15,159.0,SE
11.17,142.0,SE
16.09,142.0,SE
20.11,145.0,SE
24.13,135.0,SE
27.26,143.0,SE
30.39,150.0,SE
34.41,166.0,SE
36.2,160.0,SE
0.89,169.0,cv
3.13,180.0,SE
4.92,188.0,SE
0.89,196.0,cv
1.79,205.0,SE
3.58,196.0,SE
5.37,192.0,SE
0.89,183.0,cv
1.79,186.0,SE
0.89,203.0,cv
1.78,204.0,cv
1.79,206.0,SE
3.58,202.0,SE
5.37,207.0,SE
7.16,179.0,SE
10.29,173.0,SE
13.42,166.0,SE
15.21,141.0,SE
1.79,114.0,NE
3.13,124.0,NW
1.79,126.0,NE
4.92,110.0,NE
6.71,113.0,NE
8.5,111.0,NE
0.89,106.0,NW
0.89,106.0,NE
1.79,108.0,NW
4.92,109.0,NW
1.79,103.0,NE
0.89,124.0,cv
0.89,127.0,NE
5.81,123.0,NW
10.73,10.0,NW
18.78,7.0,NW
27.72,6.0,NW
36.66,5.0,NW
43.81,8.0,NW
49.62,9.0,NW
55.43,9.0,NW
59.45,10.0,NW
62.58,13.0,NW
4.02,14.0,NE
5.81,12.0,NE
3.13,13.0,NW
1.79,16.0,NE
1.79,15.0,NW
4.92,17.0,NW
8.05,18.0,NW
12.07,16.0,NW
16.09,18.0,NW
20.11,13.0,NW
24.13,7.0,NW
3.13,5.0,NE
7.15,6.0,NE
11.17,5.0,NE
15.19,5.0,NE
18.32,6.0,NE
22.34,6.0,NE
26.36,8.0,NE
31.28,13.0,NE
35.3,17.0,NE
4.02,11.0,NW
8.04,9.0,NW
12.06,10.0,NW
16.08,12.0,NW
24.13,11.0,NW
33.07,10.0,NW
42.01,11.0,NW
50.95,12.0,NW
54.08,13.0,NW
59.0,11.0,NW
63.02,8.0,NW
66.15,9.0,NW
70.17,11.0,NW
74.19,11.0,NW
78.21,10.0,NW
80.0,12.0,NW
0.89,14.0,cv
0.89,8.0,NW
2.68,9.0,NW
5.81,12.0,NW
8.94,10.0,NW
12.07,17.0,NW
15.2,12.0,NW
18.33,15.0,NW
24.14,6.0,NW
29.06,7.0,NW
33.08,7.0,NW
1.79,9.0,cv
3.58,12.0,cv
5.37,13.0,cv
4.02,9.0,SE
8.04,10.0,SE
11.17,15.0,SE
12.96,19.0,SE
14.75,15.0,SE
17.88,24.0,SE
19.67,26.0,SE
0.89,27.0,cv
0.89,34.0,NE
0.89,37.0,NW
0.89,30.0,cv
1.78,30.0,cv
1.79,31.0,NW
3.58,25.0,NW
5.37,21.0,NW
0.89,21.0,cv
1.79,19.0,NW
0.89,24.0,cv
1.78,22.0,cv
2.67,21.0,cv
1.79,31.0,SE
0.89,50.0,cv
5.81,50.0,SE
11.62,35.0,SE
17.43,52.0,SE
24.58,34.0,SE
30.39,25.0,SE
35.31,29.0,SE
38.44,37.0,SE
40.23,41.0,SE
42.02,42.0,SE
43.81,34.0,SE
44.7,39.0,SE
0.89,40.0,cv
1.78,47.0,cv
1.79,55.0,NE
2.68,58.0,NE
3.57,62.0,NE
1.79,74.0,NW
0.45,72.0,cv
1.79,70.0,NE
0.89,63.0,cv
2.68,67.0,cv
3.57,84.0,cv
4.46,90.0,cv
1.79,101.0,SE
4.92,97.0,SE
8.05,98.0,SE
11.18,86.0,SE
14.31,98.0,SE
16.1,126.0,SE
0.89,142.0,cv
0.89,150.0,SE
0.89,154.0,NW
0.89,152.0,cv
1.78,144.0,cv
3.13,143.0,NW
0.89,141.0,NE
1.79,151.0,NW
1.79,140.0,NE
3.58,139.0,NE
3.13,135.0,NW
6.26,135.0,NW
8.05,134.0,NW
1.79,134.0,NE
3.58,129.0,NE
5.37,115.0,NE
8.5,99.0,NE
11.63,81.0,NE
3.13,60.0,SE
7.15,50.0,SE
11.17,38.0,SE
16.09,29.0,SE
20.11,32.0,SE
23.24,27.0,SE
0.89,23.0,cv
1.79,26.0,SE
0.89,33.0,cv
1.78,31.0,cv
0.89,31.0,NE
0.89,44.0,cv
1.78,53.0,cv
1.79,47.0,NW
1.79,40.0,NE
2.68,42.0,NE
0.89,50.0,NW
1.79,43.0,NE
3.58,40.0,NE
3.13,34.0,NW
1.79,35.0,NE
1.79,39.0,NW
0.89,36.0,cv
1.78,34.0,cv
3.57,40.0,cv
5.36,48.0,cv
3.13,52.0,SE
6.26,60.0,SE
9.39,64.0,SE
13.41,60.0,SE
15.2,58.0,SE
16.99,61.0,SE
18.78,61.0,SE
19.67,69.0,SE
0.89,73.0,cv
1.78,84.0,cv
2.23,80.0,cv
0.89,87.0,NE
0.89,95.0,cv
1.78,113.0,cv
0.89,124.0,NE
0.89,132.0,cv
1.79,125.0,SE
0.89,130.0,NE
0.89,145.0,cv
1.78,153.0,cv
2.67,138.0,cv
3.56,133.0,cv
1.79,134.0,SE
1.79,103.0,cv
3.13,87.0,SE
6.26,93.0,SE
9.39,85.0,SE
11.18,80.0,SE
14.31,90.0,SE
17.44,90.0,SE
20.57,106.0,SE
22.36,118.0,SE
0.89,126.0,cv
0.89,126.0,SE
1.78,129.0,SE
2.67,129.0,SE
0.89,145.0,NE
1.79,143.0,SE
3.58,145.0,SE
0.89,160.0,cv
1.79,159.0,SE
3.58,173.0,SE
0.89,180.0,cv
1.78,179.0,cv
2.67,176.0,cv
3.56,161.0,cv
1.79,149.0,SE
3.13,134.0,cv
3.13,116.0,SE
6.26,106.0,SE
9.39,99.0,SE
11.18,91.0,SE
12.97,78.0,SE
14.76,80.0,SE
0.89,86.0,cv
3.13,96.0,SE
4.92,109.0,SE
6.71,108.0,SE
0.89,116.0,cv
1.78,123.0,cv
1.79,133.0,SE
3.58,121.0,SE
0.89,115.0,cv
0.89,123.0,SE
2.68,134.0,SE
0.89,160.0,cv
3.13,138.0,SE
6.26,150.0,SE
8.05,174.0,SE
11.18,132.0,SE
12.97,92.0,SE
16.99,79.0,SE
21.91,78.0,SE
25.93,83.0,SE
29.95,78.0,SE
33.08,75.0,SE
36.21,92.0,SE
39.34,99.0,SE
0.89,88.0,cv
1.78,34.0,cv
3.13,48.0,NE
0.89,62.0,SE
0.89,64.0,cv
1.34,68.0,cv
3.13,70.0,NW
11.18,37.0,NW
16.99,6.0,NW
21.01,6.0,NW
25.93,7.0,NW
33.08,10.0,NW
38.0,6.0,NW
45.15,7.0,NW
52.3,7.0,NW
61.24,5.0,NW
69.29,9.0,NW
76.44,7.0,NW
8.05,7.0,NE
15.2,10.0,NE
19.22,9.0,NE
22.35,16.0,NE
25.48,13.0,NE
27.27,14.0,NE
3.13,21.0,NW
4.92,16.0,NW
6.71,14.0,NW
9.84,10.0,NW
0.89,6.0,cv
1.78,11.0,cv
1.79,10.0,NE
3.58,13.0,NE
1.79,16.0,NW
1.79,20.0,NE
0.89,30.0,NW
2.68,27.0,NW
0.89,16.0,cv
1.79,15.0,NW
1.79,10.0,cv
4.92,10.0,cv
3.13,13.0,NW
8.05,13.0,NW
4.02,15.0,NE
8.04,15.0,NE
9.83,17.0,NE
0.89,17.0,cv
1.79,10.0,SE
0.89,16.0,cv
3.13,14.0,NW
6.26,15.0,NW
1.79,12.0,NE
4.02,11.0,NW
7.15,13.0,NW
8.94,15.0,NW
12.07,14.0,NW
15.2,26.0,NW
18.33,24.0,NW
21.46,20.0,NW
23.25,17.0,NW
27.27,20.0,NW
31.29,25.0,NW
34.42,14.0,NW
1.79,12.0,NE
3.58,12.0,NE
1.79,8.0,NW
0.89,6.0,cv
1.79,7.0,SE
1.79,10.0,NE
0.89,8.0,cv
2.68,7.0,cv
0.89,27.0,SE
4.02,25.0,SE
5.81,28.0,SE
0.89,30.0,NE
1.78,23.0,NE
2.67,53.0,NE
0.89,70.0,cv
3.13,56.0,NW
6.26,28.0,NW
9.39,20.0,NW
13.41,24.0,NW
17.43,20.0,NW
21.45,24.0,NW
24.58,29.0,NW
27.71,29.0,NW
29.5,24.0,NW
0.89,26.0,cv
1.78,26.0,cv
1.79,29.0,SE
1.79,32.0,cv
3.13,26.0,SE
6.26,26.0,SE
8.05,24.0,SE
11.18,28.0,SE
14.31,37.0,SE
16.1,43.0,SE
1.79,45.0,NE
0.89,52.0,cv
1.79,68.0,NE
2.68,77.0,NE
3.57,79.0,NE
0.89,78.0,NW
0.89,77.0,cv
6.26,41.0,NW
8.05,45.0,NW
9.84,43.0,NW
11.63,47.0,NW
0.89,57.0,cv
1.78,69.0,cv
2.67,66.0,cv
3.56,62.0,cv
5.35,66.0,cv
3.13,41.0,SE
6.26,43.0,SE
10.28,37.0,SE
14.3,42.0,SE
3.13,46.0,cv
1.79,45.0,SE
0.89,47.0,cv
0.89,42.0,NE
0.89,58.0,cv
0.89,64.0,NE
0.89,81.0,NW
2.68,61.0,NW
5.81,60.0,NW
8.94,47.0,NW
12.07,40.0,NW
15.2,55.0,NW
19.22,50.0,NW
23.24,46.0,NW
27.26,33.0,NW
30.39,33.0,NW
33.52,32.0,NW
4.02,23.0,NE
1.79,15.0,SE
1.79,16.0,NW
3.58,15.0,NW
1.79,16.0,SE
0.89,18.0,cv
1.79,23.0,SE
5.81,40.0,SE
10.73,49.0,SE
4.02,61.0,NW
1.79,66.0,cv
1.79,74.0,NW
0.89,59.0,SE
0.89,77.0,NE
3.13,69.0,NW
6.26,36.0,NW
10.28,38.0,NW
13.41,43.0,NW
16.54,45.0,NW
19.67,31.0,NW
23.69,27.0,NW
26.82,28.0,NW
29.95,33.0,NW
33.08,29.0,NW
0.89,31.0,cv
1.78,23.0,cv
2.67,8.0,cv
3.13,7.0,NW
6.26,11.0,NW
1.79,13.0,cv
1.79,16.0,SE
3.58,29.0,SE
6.71,33.0,SE
10.73,34.0,SE
13.86,34.0,SE
3.13,33.0,NW
0.89,29.0,NE
0.89,32.0,cv
0.89,46.0,NE
0.45,62.0,cv
1.79,36.0,NW
3.58,27.0,NW
0.89,19.0,cv
1.78,31.0,cv
3.13,27.0,NW
4.92,25.0,NW
8.05,26.0,NW
1.79,26.0,cv
3.13,22.0,NW
0.89,17.0,cv
3.13,20.0,SE
6.26,30.0,SE
9.39,58.0,SE
11.18,66.0,SE
14.31,77.0,SE
16.1,89.0,SE
0.89,93.0,cv
1.78,124.0,cv
0.89,125.0,SE
2.68,136.0,SE
0.89,159.0,cv
0.89,165.0,NE
0.89,134.0,cv
0.89,129.0,NE
1.79,116.0,NW
3.58,69.0,NW
5.37,65.0,NW
1.79,57.0,NE
3.13,65.0,NW
0.89,71.0,cv
1.78,102.0,cv
2.67,128.0,cv
3.56,130.0,cv
4.45,137.0,cv
1.79,123.0,SE
1.79,96.0,cv
4.92,94.0,SE
8.05,108.0,SE
9.84,96.0,SE
10.73,101.0,SE
11.62,124.0,SE
0.89,127.0,cv
1.78,146.0,cv
2.67,156.0,cv
1.79,166.0,SE
0.89,174.0,cv
1.79,166.0,SE
0.89,168.0,cv
0.89,170.0,NE
1.79,174.0,SE
0.89,183.0,cv
0.89,188.0,NE
0.89,205.0,cv
1.78,193.0,cv
2.67,226.0,cv
3.56,231.0,cv
4.45,238.0,cv
4.02,196.0,SE
8.04,183.0,SE
12.96,97.0,SE
17.88,101.0,SE
21.01,92.0,SE
25.93,109.0,SE
29.06,134.0,SE
30.85,92.0,SE
33.98,71.0,SE
35.77,56.0,SE
37.56,50.0,SE
0.89,50.0,cv
0.89,50.0,SE
0.89,54.0,cv
0.89,54.0,NE
0.89,53.0,cv
0.89,136.0,NE
0.89,164.0,cv
0.89,169.0,NE
0.89,157.0,cv
1.79,154.0,NE
3.58,180.0,NE
1.79,146.0,NW
3.13,121.0,NE
1.79,116.0,cv
2.68,107.0,cv
1.79,96.0,SE
4.92,78.0,SE
6.71,70.0,SE
8.5,75.0,SE
10.29,82.0,SE
0.89,89.0,cv
3.13,97.0,SE
6.26,127.0,SE
9.39,129.0,SE
0.89,128.0,cv
1.79,137.0,SE
0.89,129.0,cv
0.89,91.0,NE
0.89,131.0,cv
1.78,143.0,cv
0.89,125.0,NW
4.02,98.0,NW
8.04,90.0,NW
11.17,88.0,NW
12.96,85.0,NW
3.13,94.0,NE
0.89,91.0,cv
2.68,93.0,cv
4.47,95.0,cv
3.13,83.0,SE
6.26,83.0,SE
8.05,82.0,SE
0.89,104.0,cv
1.78,119.0,cv
1.79,121.0,SE
3.13,159.0,NE
3.13,128.0,NW
4.02,101.0,NE
5.81,58.0,NE
1.79,58.0,NW
4.92,71.0,NW
0.45,52.0,cv
1.34,40.0,cv
2.23,32.0,cv
1.79,32.0,NE
0.89,34.0,NW
2.68,40.0,NW
1.79,53.0,NE
1.79,56.0,NW
0.89,61.0,cv
3.13,79.0,SE
1.79,99.0,cv
3.58,96.0,cv
3.13,101.0,SE
4.92,93.0,SE
6.71,81.0,SE
8.5,84.0,SE
0.89,76.0,cv
3.13,72.0,SE
4.92,63.0,SE
8.05,49.0,SE
9.84,47.0,SE
11.63,46.0,SE
12.52,55.0,SE
14.31,58.0,SE
15.2,59.0,SE
16.09,68.0,SE
16.98,68.0,SE
18.77,81.0,SE
20.56,83.0,SE
22.35,82.0,SE
24.14,89.0,SE
25.93,87.0,SE
27.72,88.0,SE
29.51,88.0,SE
4.02,109.0,NW
7.15,99.0,NW
11.17,110.0,NW
15.19,96.0,NW
1.79,51.0,cv
4.92,19.0,NE
4.92,23.0,NW
8.94,15.0,NW
12.07,12.0,NW
1.79,13.0,NE
0.89,13.0,cv
1.79,18.0,NE
0.89,26.0,cv
3.13,25.0,NW
3.13,19.0,NE
3.58,19.0,NW
6.71,19.0,NW
9.84,18.0,NW
14.76,27.0,NW
18.78,30.0,NW
22.8,32.0,NW
25.93,31.0,NW
3.13,27.0,NE
3.13,17.0,NW
6.26,11.0,NW
1.79,11.0,NE
0.89,9.0,cv
0.89,9.0,SE
0.89,14.0,cv
1.78,31.0,cv
1.79,41.0,SE
3.58,59.0,SE
0.89,55.0,cv
1.78,56.0,cv
0.89,49.0,NE
0.89,51.0,cv
0.89,90.0,NW
4.02,72.0,NW
0.89,57.0,cv
1.78,50.0,cv
1.79,49.0,NW
1.79,47.0,SE
4.92,62.0,SE
6.71,95.0,SE
10.73,82.0,NW
17.88,10.0,NW
22.8,10.0,NW
4.92,8.0,NE
4.02,5.0,NW
7.15,8.0,NW
10.28,16.0,NW
15.2,24.0,NW
22.35,9.0,NW
27.27,9.0,NW
37.1,7.0,NW
44.25,3.0,NW
53.19,3.0,NW
61.24,3.0,NW
69.29,2.0,NW
77.34,5.0,NW
86.28,4.0,NW
96.11,2.0,NW
107.29,2.0,NW
118.47,4.0,NW
129.65,3.0,NW
139.48,0.0,NW
149.31,4.0,NW
160.49,4.0,NW
170.32,5.0,NW
181.5,2.0,NW
192.68,0.0,NW
204.75,1.0,NW
213.69,1.0,NW
219.5,2.0,NW
224.42,3.0,NW
231.57,5.0,NW
236.49,5.0,NW
242.3,5.0,NW
247.22,3.0,NW
252.14,2.0,NW
253.93,7.0,NW
0.89,8.0,cv
4.92,7.0,NW
8.05,10.0,NW
11.18,6.0,NW
14.31,6.0,NW
0.89,5.0,cv
3.13,9.0,NW
3.13,14.0,NE
4.02,7.0,NW
7.15,2.0,NW
11.17,5.0,NW
15.19,7.0,NW
18.32,6.0,NW
0.89,4.0,cv
1.79,5.0,NW
1.79,5.0,SE
0.89,12.0,cv
1.78,21.0,cv
2.67,30.0,cv
3.56,62.0,cv
3.13,53.0,NW
0.89,48.0,cv
3.13,21.0,NW
1.79,4.0,NE
3.58,2.0,NE
3.13,1.0,NW
1.79,19.0,NE
3.13,22.0,NW
8.05,17.0,NW
11.18,29.0,NW
14.31,12.0,NW
17.44,17.0,NW
19.23,11.0,NW
22.36,8.0,NW
0.89,11.0,cv
1.78,9.0,cv
2.67,6.0,cv
1.79,4.0,NE
1.79,3.0,SE
3.58,4.0,SE
5.37,8.0,SE
7.16,25.0,SE
8.95,32.0,SE
0.89,29.0,cv
1.78,29.0,cv
0.89,28.0,SE
0.89,41.0,cv
0.89,60.0,NW
1.78,65.0,NW
0.89,64.0,cv
1.79,59.0,NW
4.92,31.0,NW
6.71,23.0,NW
8.5,28.0,NW
10.29,25.0,NW
13.42,22.0,NW
1.79,26.0,NE
0.89,23.0,cv
1.79,25.0,SE
3.58,32.0,SE
1.79,37.0,cv
1.79,37.0,SE
4.92,42.0,SE
8.94,51.0,SE
10.73,59.0,SE
12.52,72.0,SE
13.41,92.0,SE
0.89,104.0,NE
0.89,104.0,cv
0.89,108.0,NE
0.89,97.0,cv
1.79,100.0,NW
0.89,108.0,cv
1.78,115.0,cv
0.89,103.0,NW
4.02,79.0,NW
5.81,70.0,NW
0.89,63.0,NE
0.89,72.0,cv
1.79,87.0,NE
0.89,142.0,cv
1.78,140.0,cv
2.67,145.0,cv
1.79,145.0,SE
3.58,164.0,SE
6.71,169.0,SE
9.84,162.0,SE
11.63,165.0,SE
12.52,181.0,SE
0.89,202.0,cv
0.89,244.0,NE
0.89,248.0,SE
0.89,274.0,cv
1.78,289.0,cv
2.23,269.0,cv
3.13,259.0,NW
0.45,259.0,cv
0.89,252.0,cv
1.79,235.0,NW
4.92,24.0,NW
8.05,16.0,NW
12.07,13.0,NW
15.2,11.0,NW
21.01,10.0,NW
29.06,9.0,NW
34.87,10.0,NW
40.68,8.0,NW
44.7,9.0,NW
3.13,12.0,NE
4.92,9.0,NE
0.89,10.0,cv
1.34,15.0,cv
2.23,20.0,cv
1.79,16.0,NW
5.81,17.0,NW
7.6,10.0,NW
0.89,8.0,cv
1.78,9.0,cv
2.23,10.0,cv
4.02,8.0,NW
0.89,8.0,cv
0.89,7.0,NW
0.89,11.0,cv
1.79,11.0,NW
1.79,13.0,SE
0.89,13.0,cv
1.79,13.0,NE
4.02,13.0,NW
9.83,10.0,NW
17.88,8.0,NW
23.69,11.0,NW
28.61,12.0,NW
33.53,13.0,NW
4.02,13.0,SE
4.02,19.0,NW
3.13,19.0,SE
4.02,16.0,NW
7.15,19.0,NW
3.13,16.0,SE
3.13,16.0,NW
6.26,19.0,NW
0.89,27.0,cv
1.78,37.0,cv
2.67,20.0,cv
0.89,17.0,SE
0.45,16.0,cv
0.89,19.0,NW
4.02,17.0,NW
7.15,27.0,NW
10.28,24.0,NW
13.41,30.0,NW
15.2,19.0,NW
18.33,23.0,NW
3.13,18.0,NE
3.13,14.0,SE
1.79,16.0,cv
3.13,16.0,SE
6.26,23.0,SE
9.39,43.0,SE
11.18,48.0,SE
12.97,68.0,SE
14.76,90.0,SE
0.89,126.0,cv
1.79,151.0,NE
0.89,161.0,cv
1.79,189.0,NE
0.45,196.0,cv
1.79,193.0,NW
3.58,173.0,NW
4.47,171.0,NW
5.36,147.0,NW
7.15,95.0,NW
10.28,77.0,NW
13.41,68.0,NW
16.54,61.0,NW
18.33,43.0,NW
0.89,28.0,cv
1.79,36.0,NW
1.79,28.0,cv
2.68,29.0,cv
3.13,28.0,SE
4.92,20.0,SE
6.71,37.0,SE
7.6,80.0,SE
10.73,109.0,SE
13.86,110.0,SE
14.75,114.0,SE
15.64,131.0,SE
0.89,138.0,cv
0.89,145.0,NE
1.78,151.0,NE
2.67,144.0,NE
0.45,130.0,cv
0.89,129.0,NW
2.68,136.0,NW
5.81,95.0,NW
8.94,89.0,NW
10.73,67.0,NW
12.52,76.0,NW
0.89,85.0,cv
1.78,89.0,cv
1.79,110.0,SE
0.89,137.0,cv
3.13,167.0,SE
1.79,147.0,cv
1.79,108.0,SE
2.68,104.0,SE
4.47,112.0,SE
0.89,122.0,cv
0.89,149.0,SE
1.78,170.0,SE
0.89,176.0,cv
0.89,189.0,NE
1.79,189.0,SE
1.79,194.0,NE
2.68,207.0,NE
0.89,220.0,cv
1.78,259.0,cv
1.79,262.0,NW
2.68,235.0,NW
0.45,215.0,cv
1.34,206.0,cv
2.23,206.0,cv
3.12,203.0,cv
4.01,209.0,cv
4.9,220.0,cv
1.79,237.0,SE
3.58,264.0,SE
5.37,263.0,SE
9.39,227.0,SE
11.18,235.0,SE
12.97,276.0,SE
13.86,308.0,SE
0.89,338.0,cv
1.78,343.0,cv
0.89,347.0,NE
1.79,398.0,SE
2.68,446.0,SE
5.81,436.0,SE
0.89,407.0,cv
4.02,390.0,NW
11.17,331.0,NW
0.89,239.0,cv
1.78,161.0,cv
2.67,145.0,cv
3.13,160.0,NW
7.15,128.0,NW
12.96,25.0,NW
20.11,14.0,NW
31.29,9.0,NW
43.36,11.0,NW
53.19,11.0,NW
65.26,9.0,NW
76.44,11.0,NW
89.4,9.0,NW
99.23,6.0,NW
110.41,10.0,NW
118.46,10.0,NW
125.61,8.0,NW
132.76,8.0,NW
138.57,5.0,NW
144.38,2.0,NW
149.3,9.0,NW
154.22,7.0,NW
159.14,9.0,NW
0.89,7.0,cv
1.78,12.0,cv
2.67,12.0,cv
3.12,9.0,cv
1.79,26.0,NW
3.58,20.0,NW
5.37,12.0,NW
8.5,14.0,NW
10.29,10.0,NW
15.21,8.0,NW
20.13,5.0,NW
25.05,5.0,NW
29.97,5.0,NW
33.99,10.0,NW
0.89,15.0,cv
4.02,19.0,SE
7.15,26.0,SE
11.17,43.0,SE
14.3,51.0,SE
0.89,63.0,NE
0.89,80.0,cv
1.78,111.0,cv
0.89,134.0,NE
1.78,133.0,NE
2.67,103.0,NE
0.89,98.0,NW
1.79,84.0,NE
2.68,73.0,NE
0.89,82.0,cv
1.79,90.0,SE
3.58,114.0,SE
6.71,194.0,SE
9.84,185.0,SE
16.99,139.0,SE
24.14,130.0,SE
28.16,131.0,SE
32.18,113.0,SE
33.97,121.0,SE
34.86,118.0,SE
0.89,131.0,cv
1.78,158.0,cv
0.89,168.0,SE
0.89,176.0,cv
1.79,191.0,NE
0.89,177.0,cv
1.78,146.0,cv
2.67,143.0,cv
3.56,134.0,cv
4.45,177.0,cv
5.34,182.0,cv
6.23,173.0,cv
7.12,145.0,cv
8.01,125.0,cv
8.9,123.0,cv
9.79,146.0,cv
10.68,152.0,cv
11.57,137.0,cv
12.46,132.0,cv
13.35,143.0,cv
14.24,143.0,cv
15.13,149.0,cv
16.02,156.0,cv
16.91,172.0,cv
17.8,194.0,cv
18.69,214.0,cv
19.58,243.0,cv
20.47,248.0,cv
21.36,269.0,cv
22.25,256.0,cv
23.14,220.0,cv
24.03,167.0,cv
24.92,30.0,cv
25.81,10.0,cv
26.7,7.0,cv
27.59,8.0,cv
28.48,9.0,cv
29.37,10.0,cv
30.26,9.0,cv
31.15,10.0,cv
32.04,8.0,cv
32.93,11.0,cv
33.82,8.0,cv
34.71,6.0,cv
35.6,17.0,cv
36.49,11.0,cv
37.38,9.0,cv
38.27,11.0,cv
39.16,13.0,cv
40.05,51.0,cv
40.94,59.0,cv
41.83,55.0,cv
42.72,45.0,cv
43.61,58.0,cv
44.5,62.0,cv
45.39,41.0,cv
46.28,35.0,cv
47.17,29.0,cv
48.06,21.0,cv
48.95,24.0,cv
49.84,21.0,cv
50.73,9.0,cv
51.62,11.0,cv
52.51,18.0,cv
53.4,14.0,cv
54.29,13.0,cv
55.18,22.0,cv
56.07,34.0,cv
56.96,33.0,cv
57.85,29.0,cv
58.74,32.0,cv
59.63,34.0,cv
60.52,56.0,cv
61.41,77.0,cv
62.3,93.0,cv
63.19,105.0,cv
64.08,109.0,cv
64.97,123.0,cv
65.86,122.0,cv
66.75,131.0,cv
67.64,133.0,cv
68.53,123.0,cv
69.42,99.0,cv
70.31,98.0,cv
71.2,82.0,cv
72.09,79.0,cv
72.98,77.0,cv
73.87,80.0,cv
74.76,87.0,cv
75.65,88.0,cv
76.54,98.0,cv
77.43,97.0,cv
78.32,102.0,cv
79.21,103.0,cv
80.1,101.0,cv
80.99,99.0,cv
81.88,116.0,cv
82.77,113.0,cv
83.66,113.0,cv
84.55,111.0,cv
85.44,99.0,cv
1.79,96.0,NE
0.89,95.0,cv
1.79,91.0,NW
0.89,94.0,cv
1.34,88.0,cv
2.23,89.0,cv
1.79,83.0,NW
2.68,71.0,NW
7.6,77.0,NW
13.41,58.0,NW
19.22,19.0,NW
24.14,14.0,NW
40.24,25.0,NW
51.42,12.0,NW
59.47,7.0,NW
66.62,7.0,NW
77.8,7.0,NW
85.85,9.0,NW
93.9,11.0,NW
99.71,14.0,NW
103.73,11.0,NW
108.65,8.0,NW
113.57,6.0,NW
117.59,7.0,NW
0.89,8.0,cv
1.78,6.0,cv
2.67,4.0,cv
3.56,5.0,cv
4.45,6.0,cv
5.34,13.0,cv
6.23,15.0,cv
1.79,17.0,NW
4.92,22.0,NW
4.92,23.0,SE
7.15,16.0,NW
16.98,16.0,NW
28.16,17.0,NW
36.21,11.0,NW
45.15,14.0,NW
54.09,13.0,NW
4.02,19.0,SE
8.94,29.0,SE
12.96,45.0,SE
16.98,55.0,SE
20.11,55.0,SE
0.89,59.0,cv
1.78,70.0,cv
2.67,82.0,cv
3.56,85.0,cv
1.79,90.0,NW
0.45,82.0,cv
0.9,90.0,cv
1.79,90.0,NW
2.68,71.0,NW
4.47,56.0,NW
8.49,34.0,NW
11.62,38.0,NW
3.13,47.0,NE
1.79,46.0,NW
4.92,39.0,NW
8.94,27.0,NW
1.79,17.0,NE
0.89,16.0,cv
1.79,18.0,SE
2.68,27.0,SE
5.81,37.0,SE
7.6,48.0,SE
0.89,75.0,cv
0.89,102.0,SE
1.78,110.0,SE
1.79,115.0,NW
0.89,142.0,NE
0.45,130.0,cv
0.89,129.0,NW
2.68,87.0,NW
3.57,78.0,NW
4.46,68.0,NW
5.35,47.0,NW
0.89,60.0,cv
1.79,65.0,NW
3.58,88.0,NW
0.89,119.0,cv
1.79,156.0,SE
0.89,189.0,cv
1.79,185.0,SE
0.89,187.0,cv
3.13,209.0,SE
4.92,206.0,SE
5.81,219.0,SE
0.45,230.0,cv
1.34,271.0,cv
0.89,277.0,NE
0.89,303.0,cv
0.89,334.0,NE
0.89,285.0,cv
0.89,324.0,SE
0.89,308.0,NW
2.68,285.0,NW
4.47,245.0,NW
6.26,233.0,NW
8.05,214.0,NW
9.84,213.0,NW
12.97,222.0,NW
16.1,219.0,NW
17.89,215.0,NW
21.02,215.0,NW
1.79,214.0,NE
3.58,220.0,NE
1.79,176.0,SE
4.92,117.0,SE
6.71,154.0,SE
10.29,199.0,SE
0.45,273.0,cv
1.79,341.0,SE
6.71,311.0,SE
11.63,151.0,SE
14.76,56.0,SE
0.45,42.0,cv
0.89,40.0,NE
1.79,43.0,SE
3.58,48.0,SE
0.89,60.0,cv
1.78,66.0,cv
2.23,55.0,cv
1.79,53.0,SE
0.89,48.0,cv
1.34,56.0,cv
1.79,53.0,cv
1.79,54.0,NE
3.13,56.0,NW
6.26,57.0,NW
10.28,56.0,NW
13.41,49.0,NW
18.33,49.0,NW
22.35,44.0,NW
28.16,43.0,NW
3.13,37.0,NE
3.13,40.0,NW
6.26,38.0,NW
3.13,37.0,NE
1.79,39.0,NW
3.58,41.0,NW
6.71,41.0,NW
0.89,43.0,cv
1.34,36.0,cv
0.89,33.0,SE
4.92,33.0,NW
8.94,39.0,NW
13.86,16.0,NW
16.99,12.0,NW
0.89,11.0,cv
1.79,14.0,NW
10.73,10.0,NW
22.8,8.0,NW
34.87,14.0,NW
46.05,9.0,NW
57.23,11.0,NW
68.41,15.0,NW
76.46,10.0,NW
81.38,11.0,NW
85.4,15.0,NW
0.89,32.0,cv
0.89,49.0,SE
0.89,69.0,cv
1.78,58.0,cv
1.79,42.0,NW
0.89,36.0,cv
1.78,34.0,cv
2.23,48.0,cv
3.12,71.0,cv
4.01,87.0,cv
0.89,73.0,NW
2.68,54.0,NW
1.79,33.0,NE
0.89,34.0,NW
0.89,46.0,cv
1.78,50.0,cv
2.67,49.0,cv
4.46,56.0,cv
6.25,59.0,cv
3.13,60.0,SE
7.15,64.0,SE
10.28,69.0,SE
1.79,41.0,cv
0.89,57.0,SE
0.89,83.0,cv
0.89,125.0,NE
1.78,162.0,NE
2.67,167.0,NE
1.79,185.0,NW
0.89,177.0,cv
1.34,154.0,cv
1.79,154.0,NW
0.45,149.0,cv
1.79,132.0,NW
3.58,129.0,NW
0.89,108.0,cv
1.78,123.0,cv
1.79,119.0,NW
3.58,88.0,NW
0.89,77.0,cv
1.78,82.0,cv
4.91,78.0,cv
8.05,52.0,NW
13.86,42.0,NW
21.01,24.0,NW
28.16,31.0,NW
33.08,94.0,NW
4.92,116.0,SE
8.94,120.0,SE
0.89,137.0,cv
1.78,129.0,cv
0.89,122.0,NE
0.89,174.0,cv
1.79,174.0,NW
0.89,178.0,cv
1.78,202.0,cv
3.13,191.0,NW
4.92,89.0,NW
6.71,42.0,NW
0.89,35.0,cv
1.78,50.0,cv
3.13,55.0,NW
0.89,33.0,cv
1.78,67.0,cv
1.79,131.0,SE
3.58,164.0,SE
5.37,230.0,SE
7.16,275.0,SE
8.95,236.0,SE
9.84,220.0,SE
0.89,252.0,cv
1.34,331.0,cv
2.23,338.0,cv
2.68,338.0,cv
0.89,367.0,SE
2.68,301.0,SE
0.89,293.0,cv
1.78,293.0,cv
2.67,249.0,cv
3.56,226.0,cv
1.79,235.0,SE
0.89,237.0,cv
1.79,259.0,SE
0.89,248.0,cv
1.78,240.0,cv
3.13,253.0,SE
4.92,271.0,SE
6.71,283.0,SE
1.79,283.0,NE
0.89,288.0,cv
1.79,288.0,SE
0.89,293.0,cv
1.78,293.0,cv
2.67,296.0,cv
3.12,308.0,cv
0.89,317.0,NW
2.68,329.0,NW
5.81,313.0,NW
7.6,307.0,NW
9.39,309.0,NW
12.52,299.0,NW
15.65,304.0,NW
17.44,297.0,NW
0.89,281.0,NE
0.89,272.0,NW
0.45,275.0,cv
0.89,260.0,NW
2.68,246.0,NW
5.81,241.0,NW
0.89,239.0,SE
0.45,250.0,cv
2.24,248.0,cv
1.79,222.0,NW
6.71,232.0,NW
14.76,166.0,NW
21.91,105.0,NW
31.74,34.0,NW
40.68,27.0,NW
45.6,20.0,NW
49.62,15.0,NW
53.64,20.0,NW
60.79,19.0,NW
67.94,6.0,NW
75.09,12.0,NW
76.88,11.0,NW
80.01,11.0,NW
84.93,7.0,NW
88.06,13.0,NW
91.19,7.0,NW
4.02,11.0,NE
8.04,13.0,NE
11.17,13.0,NE
12.96,13.0,NE
16.98,20.0,NE
21.0,18.0,NE
25.02,9.0,NE
1.79,8.0,SE
1.79,11.0,cv
3.13,16.0,SE
7.15,23.0,SE
11.17,27.0,SE
15.19,26.0,SE
18.32,38.0,SE
21.45,52.0,SE
25.47,57.0,SE
29.49,54.0,SE
32.62,57.0,SE
34.41,46.0,SE
0.89,41.0,cv
0.89,40.0,NE
1.79,39.0,SE
3.58,41.0,SE
0.89,42.0,cv
1.78,43.0,cv
1.79,48.0,SE
4.92,53.0,SE
6.71,55.0,SE
0.89,58.0,cv
1.78,58.0,cv
2.67,68.0,cv
1.79,80.0,NE
0.89,67.0,cv
1.78,65.0,cv
2.67,66.0,cv
8.05,53.0,NW
1.79,9.0,NE
3.13,10.0,NW
7.15,11.0,NW
12.07,11.0,NW
16.09,10.0,NW
17.88,9.0,NW
25.03,8.0,NW
30.84,9.0,NW
38.89,8.0,NW
43.81,11.0,NW
47.83,11.0,NW
51.85,10.0,NW
0.89,12.0,cv
1.78,16.0,cv
2.23,17.0,cv
3.12,25.0,cv
1.79,29.0,SE
0.89,27.0,cv
4.92,24.0,SE
16.54,15.0,SE
21.46,49.0,SE
27.27,37.0,SE
34.42,48.0,SE
40.23,40.0,SE
45.15,48.0,SE
49.17,62.0,SE
4.02,68.0,NW
9.83,88.0,NW
13.85,57.0,NW
21.9,10.0,NW
27.71,8.0,NW
33.52,7.0,NW
41.57,5.0,NW
0.89,6.0,NE
1.78,10.0,NE
1.79,13.0,NW
0.89,11.0,NE
0.89,16.0,cv
1.78,28.0,cv
0.89,34.0,NW
2.68,15.0,NW
6.7,16.0,NW
4.02,11.0,cv
4.02,10.0,NW
11.17,12.0,NW
16.98,11.0,NW
21.9,10.0,NW
27.71,13.0,NW
0.89,11.0,cv
1.78,38.0,cv
2.67,65.0,cv
3.56,79.0,cv
4.45,78.0,cv
0.89,76.0,SE
1.79,91.0,NE
2.68,124.0,NE
0.45,135.0,cv
1.34,121.0,cv
1.79,102.0,NW
4.92,78.0,NW
0.89,70.0,cv
1.79,49.0,NW
0.89,26.0,cv
1.79,45.0,NW
4.92,57.0,NW
6.71,99.0,NW
1.79,85.0,cv
3.58,77.0,cv
5.37,93.0,cv
3.13,81.0,SE
6.26,64.0,SE
10.28,77.0,SE
12.07,82.0,SE
0.89,90.0,cv
0.89,115.0,SE
2.68,130.0,SE
5.81,134.0,SE
10.73,173.0,SE
13.86,172.0,SE
0.89,157.0,cv
3.13,141.0,NW
6.26,124.0,NW
0.89,124.0,cv
1.79,126.0,NW
3.58,136.0,NW
4.47,139.0,NW
6.26,144.0,NW
9.39,148.0,NW
11.18,141.0,NW
14.31,123.0,NW
1.79,134.0,SE
0.89,147.0,cv
3.13,170.0,SE
4.92,175.0,SE
6.71,181.0,SE
0.89,164.0,cv
1.34,176.0,cv
0.89,190.0,NE
0.89,204.0,cv
1.79,196.0,NW
0.89,214.0,cv
0.89,208.0,SE
0.45,209.0,cv
1.34,228.0,cv
1.79,212.0,cv
0.89,206.0,SE
1.78,199.0,SE
0.89,210.0,cv
0.89,194.0,NE
0.45,196.0,cv
0.89,194.0,SE
0.89,194.0,cv
4.02,192.0,SE
8.04,199.0,SE
12.06,205.0,SE
13.85,208.0,SE
0.89,207.0,cv
1.34,190.0,cv
3.13,162.0,NW
8.05,156.0,NW
12.97,154.0,NW
21.02,14.0,NW
30.85,12.0,NW
42.92,9.0,NW
51.86,10.0,NW
63.04,7.0,NW
72.87,12.0,NW
80.92,14.0,NW
88.97,11.0,NW
101.93,10.0,NW
113.11,7.0,NW
124.29,6.0,NW
128.31,8.0,NW
134.12,8.0,NW
138.14,11.0,NW
139.93,14.0,NW
143.06,15.0,NW
147.08,27.0,NW
150.21,22.0,NW
158.26,27.0,NW
167.2,29.0,NW
178.38,27.0,NW
189.56,26.0,NW
200.74,23.0,NW
208.79,25.0,NW
217.73,25.0,NW
226.67,30.0,NW
235.61,27.0,NW
244.55,29.0,NW
253.49,22.0,NW
261.54,22.0,NW
271.37,25.0,NW
280.31,21.0,NW
289.25,17.0,NW
299.08,17.0,NW
308.91,15.0,NW
316.96,14.0,NW
325.9,19.0,NW
330.82,16.0,NW
337.97,19.0,NW
346.02,22.0,NW
355.85,26.0,NW
361.66,24.0,NW
368.81,28.0,NW
377.75,34.0,NW
387.58,27.0,NW
396.52,33.0,NW
404.57,36.0,NW
411.72,34.0,NW
418.87,36.0,NW
424.68,36.0,NW
431.83,38.0,NW
436.75,40.0,NW
440.77,32.0,NW
446.58,38.0,NW
450.6,39.0,NW
454.62,42.0,NW
1.79,48.0,NE
3.13,54.0,NW
0.89,51.0,cv
3.13,50.0,NW
0.89,49.0,cv
1.78,54.0,cv
1.79,68.0,NW
4.92,66.0,NW
6.71,65.0,NW
0.89,71.0,cv
1.79,80.0,NW
1.79,77.0,cv
1.79,89.0,SE
4.92,106.0,SE
8.05,106.0,SE
0.89,114.0,cv
1.79,109.0,SE
3.58,102.0,SE
0.89,116.0,cv
3.13,138.0,NW
4.92,135.0,NW
6.71,114.0,NW
0.89,99.0,cv
1.34,114.0,cv
2.23,132.0,cv
0.89,106.0,NW
0.89,82.0,cv
1.79,88.0,NW
3.58,93.0,NW
5.37,91.0,NW
8.5,95.0,NW
11.63,87.0,NW
19.68,85.0,NW
24.6,65.0,NW
31.75,48.0,NW
37.56,49.0,NW
45.61,31.0,NW
52.76,32.0,NW
58.57,40.0,NW
63.49,32.0,NW
69.3,31.0,NW
74.22,39.0,NW
77.35,43.0,NW
82.27,50.0,NW
86.29,43.0,NW
89.42,44.0,NW
91.21,40.0,NW
95.23,35.0,NW
97.02,32.0,NW
100.15,27.0,NW
101.94,24.0,NW
103.73,40.0,NW
105.52,42.0,NW
108.65,38.0,NW
110.44,28.0,NW
113.57,27.0,NW
115.36,38.0,NW
0.89,51.0,cv
1.78,42.0,cv
3.57,29.0,cv
5.36,50.0,cv
1.79,60.0,SE
4.92,60.0,SE
0.89,61.0,cv
1.34,69.0,cv
2.23,79.0,cv
2.68,94.0,cv
0.89,102.0,NE
0.89,106.0,cv
0.89,102.0,SE
2.68,119.0,SE
4.47,114.0,SE
0.89,135.0,cv
1.34,116.0,cv
0.89,107.0,NE
1.78,96.0,NE
2.67,98.0,NE
0.89,104.0,cv
1.34,118.0,cv
2.23,134.0,cv
3.12,128.0,cv
4.01,103.0,cv
5.8,91.0,cv
1.79,95.0,SE
3.58,71.0,SE
5.37,71.0,SE
0.89,44.0,cv
0.89,62.0,SE
1.78,67.0,SE
0.89,105.0,NE
0.89,116.0,SE
1.78,143.0,SE
3.57,160.0,SE
4.46,127.0,SE
5.35,132.0,SE
0.89,116.0,cv
0.89,160.0,NE
0.89,122.0,cv
1.78,122.0,cv
0.89,130.0,NE
0.89,108.0,NW
1.79,112.0,NE
3.13,121.0,NW
6.26,110.0,NW
1.79,108.0,NE
3.13,83.0,NW
4.92,72.0,NW
8.05,62.0,NW
12.07,57.0,NW
16.99,46.0,NW
22.8,48.0,NW
0.89,31.0,cv
7.15,26.0,NW
16.09,22.0,NW
25.03,19.0,NW
33.97,17.0,NW
43.8,12.0,NW
54.98,12.0,NW
63.92,10.0,NW
73.75,12.0,NW
82.69,10.0,NW
91.63,7.0,NW
100.57,9.0,NW
109.51,11.0,NW
119.34,11.0,NW
125.15,11.0,NW
132.3,9.0,NW
141.24,11.0,NW
154.2,12.0,NW
166.27,17.0,NW
179.23,13.0,NW
191.3,17.0,NW
203.37,15.0,NW
214.55,15.0,NW
223.49,13.0,NW
229.3,12.0,NW
238.24,14.0,NW
248.07,11.0,NW
255.22,9.0,NW
261.03,10.0,NW
266.84,11.0,NW
271.76,13.0,NW
276.68,10.0,NW
278.47,12.0,NW
282.49,12.0,NW
288.3,13.0,NW
294.11,12.0,NW
299.92,13.0,NW
304.84,10.0,NW
307.97,14.0,NW
311.99,25.0,NW
1.79,22.0,NE
4.02,18.0,NW
7.15,26.0,NW
11.17,26.0,NW
18.32,26.0,NW
27.26,24.0,NW
36.2,26.0,NW
45.14,22.0,NW
52.29,23.0,NW
58.1,34.0,NW
62.12,43.0,NW
66.14,45.0,NW
71.95,35.0,NW
77.76,8.0,NW
83.57,6.0,NW
88.49,9.0,NW
92.51,12.0,NW
101.45,11.0,NW
114.41,8.0,NW
125.59,14.0,NW
134.53,10.0,NW
141.68,7.0,NW
148.83,7.0,NW
156.88,10.0,NW
165.82,14.0,NW
172.97,17.0,NW
181.91,15.0,NW
190.85,14.0,NW
202.03,11.0,NW
210.97,12.0,NW
219.02,12.0,NW
227.07,8.0,NW
232.88,7.0,NW
240.93,15.0,NW
249.87,11.0,NW
261.05,18.0,NW
273.12,23.0,NW
284.3,24.0,NW
288.32,24.0,NW
293.24,17.0,NW
298.16,17.0,NW
303.97,17.0,NW
309.78,14.0,NW
1.79,12.0,NE
4.02,13.0,NW
8.04,16.0,NW
11.17,15.0,NW
15.19,23.0,NW
4.92,26.0,NE
8.94,25.0,NE
12.96,31.0,NE
16.09,27.0,NE
4.02,18.0,NW
7.15,18.0,NW
3.13,26.0,NE
4.92,19.0,NE
0.89,32.0,cv
1.34,36.0,cv
2.23,49.0,cv
3.12,55.0,cv
4.01,81.0,cv
0.89,130.0,NE
0.89,144.0,cv
1.34,144.0,cv
0.89,117.0,NE
0.89,162.0,cv
1.34,200.0,cv
0.89,171.0,NE
1.79,145.0,NW
2.68,102.0,NW
0.89,85.0,cv
1.79,103.0,NW
0.89,83.0,cv
1.78,112.0,cv
2.67,146.0,cv
1.79,183.0,SE
0.89,191.0,cv
1.78,225.0,cv
2.67,227.0,cv
3.13,145.0,SE
0.89,125.0,cv
1.79,130.0,SE
3.58,122.0,SE
4.92,113.0,NW
8.05,130.0,NW
0.89,137.0,cv
0.89,137.0,SE
1.78,129.0,SE
0.89,126.0,cv
1.78,136.0,cv
1.79,159.0,NW
3.58,159.0,NW
0.89,180.0,cv
1.78,175.0,cv
2.23,170.0,cv
3.12,171.0,cv
4.01,176.0,cv
1.79,206.0,NE
1.79,252.0,NW
0.89,263.0,cv
1.78,256.0,cv
3.57,182.0,cv
7.15,10.0,NW
14.3,13.0,NW
21.45,17.0,NW
28.6,20.0,NW
35.75,25.0,NW
40.67,20.0,NW
44.69,19.0,NW
47.82,23.0,NW
50.95,18.0,NW
54.08,17.0,NW
58.1,20.0,NW
59.89,28.0,NW
61.68,27.0,NW
0.45,35.0,cv
0.9,38.0,cv
1.79,56.0,cv
3.58,57.0,cv
1.79,75.0,NE
0.89,70.0,cv
2.68,50.0,cv
1.79,51.0,SE
3.58,58.0,SE
0.89,56.0,cv
2.68,62.0,cv
1.79,64.0,SE
3.58,72.0,SE
5.37,69.0,SE
6.26,66.0,SE
0.89,57.0,cv
1.78,93.0,cv
2.23,114.0,cv
1.79,135.0,SE
3.58,157.0,SE
5.37,179.0,SE
6.26,171.0,SE
0.89,180.0,cv
0.89,189.0,SE
1.78,219.0,SE
0.89,174.0,cv
1.78,154.0,cv
0.89,167.0,NW
2.68,164.0,NW
4.47,168.0,NW
0.89,179.0,cv
1.78,164.0,cv
2.67,170.0,cv
3.56,157.0,cv
4.45,156.0,cv
5.34,156.0,cv
1.79,153.0,NW
8.94,152.0,NW
16.99,17.0,NW
29.06,13.0,NW
38.89,11.0,NW
43.81,12.0,NW
48.73,8.0,NW
57.67,7.0,NW
67.5,11.0,NW
76.44,7.0,NW
86.27,9.0,NW
94.32,10.0,NW
103.26,6.0,NW
109.07,12.0,NW
0.89,13.0,cv
4.02,14.0,NW
0.89,22.0,cv
1.79,27.0,NE
5.81,20.0,NE
3.13,22.0,NW
4.02,24.0,NE
0.89,23.0,cv
1.78,22.0,cv
3.13,31.0,SE
7.15,36.0,SE
11.17,36.0,SE
3.13,51.0,cv
4.92,67.0,cv
1.79,57.0,SE
2.68,87.0,SE
3.57,110.0,SE
4.46,132.0,SE
0.89,159.0,cv
0.89,134.0,SE
0.89,141.0,cv
0.89,153.0,SE
1.78,149.0,SE
2.67,163.0,SE
0.89,164.0,cv
1.78,248.0,cv
0.89,334.0,NE
0.45,370.0,cv
1.79,331.0,NW
0.89,293.0,NE
0.89,305.0,cv
1.79,285.0,NW
3.58,280.0,NW
0.89,235.0,cv
1.78,164.0,cv
2.67,183.0,cv
3.56,196.0,cv
4.45,218.0,cv
5.34,237.0,cv
1.79,249.0,SE
0.89,269.0,cv
1.78,277.0,cv
0.89,286.0,SE
0.89,308.0,NE
1.78,338.0,NE
0.89,350.0,cv
1.34,404.0,cv
2.23,410.0,cv
1.79,418.0,NW
0.89,431.0,cv
0.89,359.0,SE
0.89,318.0,NE
1.79,335.0,NW
3.58,236.0,NW
6.71,226.0,NW
0.89,226.0,cv
3.13,190.0,NW
7.15,84.0,NW
1.79,33.0,NE
4.92,38.0,NW
12.97,28.0,NW
21.91,23.0,NW
29.96,19.0,NW
37.11,13.0,NW
42.92,16.0,NW
48.73,13.0,NW
55.88,11.0,NW
63.03,6.0,NW
71.08,6.0,NW
76.89,11.0,NW
82.7,15.0,NW
3.13,16.0,NE
4.02,15.0,NW
4.91,15.0,NW
8.04,12.0,NW
11.17,14.0,NW
1.79,10.0,NE
3.13,21.0,NW
3.13,25.0,NE
3.13,27.0,NW
6.26,23.0,NW
9.39,27.0,NW
12.52,30.0,NW
15.65,29.0,NW
18.78,39.0,NW
21.91,43.0,NW
26.83,44.0,NW
31.75,49.0,NW
3.13,78.0,cv
4.02,85.0,SE
8.04,94.0,SE
12.06,105.0,SE
15.19,100.0,SE
16.98,95.0,SE
0.45,106.0,cv
1.34,116.0,cv
1.79,123.0,NW
0.89,131.0,cv
1.78,155.0,cv
2.23,162.0,cv
0.89,177.0,NW
0.89,148.0,NE
1.79,121.0,NW
3.58,109.0,NW
0.89,90.0,cv
1.78,84.0,cv
2.67,72.0,cv
4.46,83.0,cv
7.59,121.0,cv
3.13,141.0,SE
6.26,118.0,SE
8.05,158.0,SE
9.84,202.0,SE
11.63,204.0,SE
0.89,221.0,cv
0.89,209.0,NE
0.89,246.0,SE
1.79,315.0,NE
0.89,326.0,cv
1.79,358.0,NW
2.68,445.0,NW
4.47,413.0,NW
6.26,345.0,NW
0.89,329.0,cv
1.79,290.0,NW
0.45,248.0,cv
1.79,284.0,NW
4.92,247.0,NW
8.05,246.0,NW
13.86,109.0,NW
19.67,33.0,NW
27.72,20.0,NW
34.87,14.0,NW
42.02,11.0,NW
46.94,8.0,NW
51.86,9.0,NW
57.67,17.0,NW
61.69,20.0,NW
0.89,17.0,cv
4.02,13.0,NW
8.04,22.0,NW
9.83,32.0,NW
12.96,23.0,NW
17.88,11.0,NW
25.03,19.0,NW
29.95,19.0,NW
33.97,16.0,NW
35.76,13.0,NW
38.89,15.0,NW
42.91,15.0,NW
46.93,14.0,NW
50.06,17.0,NW
54.08,16.0,NW
61.23,11.0,NW
68.38,20.0,NW
77.32,17.0,NW
85.37,16.0,NW
92.52,23.0,NW
3.13,39.0,SE
7.15,34.0,SE
11.17,44.0,SE
12.06,54.0,SE
13.85,69.0,SE
14.74,90.0,SE
16.53,98.0,SE
0.89,120.0,cv
1.79,129.0,NE
2.68,130.0,NE
0.89,142.0,SE
0.89,171.0,cv
1.78,182.0,cv
0.89,184.0,NE
0.89,179.0,cv
1.78,169.0,cv
2.67,181.0,cv
3.56,204.0,cv
4.45,234.0,cv
6.24,230.0,cv
1.79,253.0,SE
3.58,244.0,SE
0.89,241.0,cv
1.79,245.0,NE
0.89,247.0,SE
1.79,276.0,NE
4.92,285.0,NE
0.89,161.0,cv
12.96,68.0,NW
26.82,73.0,NW
40.68,63.0,NW
51.86,63.0,NW
63.04,53.0,NW
74.22,37.0,NW
82.27,14.0,NW
92.1,11.0,NW
99.25,9.0,NW
105.06,9.0,NW
109.08,10.0,NW
113.1,13.0,NW
122.04,23.0,NW
130.09,16.0,NW
139.03,10.0,NW
144.84,11.0,NW
149.76,11.0,NW
155.57,13.0,NW
161.38,12.0,NW
167.19,19.0,NW
170.32,13.0,NW
173.45,18.0,NW
3.13,23.0,SE
1.79,24.0,NW
3.58,36.0,NW
0.89,43.0,cv
1.79,44.0,NE
3.58,45.0,NE
3.13,65.0,NW
0.89,145.0,cv
1.79,131.0,NW
3.58,99.0,NW
0.89,37.0,cv
1.78,97.0,cv
1.79,76.0,NW
0.89,72.0,cv
1.79,58.0,NW
3.58,40.0,NW
1.79,38.0,cv
1.79,40.0,NW
3.58,42.0,NW
0.89,41.0,cv
1.79,46.0,SE
2.68,49.0,SE
0.89,59.0,cv
0.89,80.0,SE
1.78,71.0,SE
0.89,81.0,NE
1.79,79.0,NW
3.58,122.0,NW
6.71,167.0,NW
9.84,152.0,NW
4.92,78.0,NE
12.07,42.0,NE
16.99,31.0,NE
22.8,24.0,NE
30.85,17.0,NE
34.87,13.0,NE
40.68,23.0,NE
47.83,11.0,NE
54.98,21.0,NE
59.9,18.0,NE
64.82,14.0,NE
69.74,16.0,NE
73.76,12.0,NE
77.78,9.0,NE
81.8,16.0,NE
1.79,14.0,SE
3.58,32.0,SE
0.89,19.0,cv
1.79,20.0,NW
0.89,25.0,cv
1.78,45.0,cv
2.67,51.0,cv
1.79,41.0,NW
0.89,46.0,cv
1.34,37.0,cv
0.89,48.0,NE
1.78,43.0,NE
2.67,77.0,NE
3.56,53.0,NE
4.45,57.0,NE
0.89,78.0,cv
1.78,84.0,cv
2.67,101.0,cv
1.79,117.0,SE
4.92,118.0,SE
9.84,107.0,SE
13.86,90.0,SE
18.78,78.0,SE
23.7,76.0,SE
26.83,79.0,SE
29.96,93.0,SE
31.75,97.0,SE
33.54,97.0,SE
34.43,105.0,SE
36.22,112.0,SE
38.01,119.0,SE
0.89,128.0,cv
1.78,129.0,cv
0.89,132.0,SE
1.78,151.0,SE
1.79,163.0,NW
3.58,166.0,NW
0.89,155.0,NE
1.78,185.0,NE
0.89,192.0,cv
1.78,232.0,cv
1.79,253.0,SE
1.79,292.0,NW
0.89,294.0,cv
1.78,266.0,cv
1.79,289.0,NE
1.79,305.0,SE
3.58,332.0,SE
5.37,316.0,SE
7.16,263.0,SE
8.95,277.0,SE
9.84,282.0,SE
0.89,259.0,NE
0.89,268.0,cv
1.78,313.0,cv
2.67,322.0,cv
1.79,318.0,NW
2.68,327.0,NW
4.47,315.0,NW
7.6,36.0,NW
9.39,9.0,NW
16.54,12.0,NW
24.59,12.0,NW
33.53,12.0,NW
41.58,9.0,NW
44.71,14.0,NW
51.86,15.0,NW
59.01,20.0,NW
66.16,18.0,NW
73.31,16.0,NW
81.36,14.0,NW
89.41,15.0,NW
96.56,11.0,NW
103.71,14.0,NW
109.52,20.0,NW
113.54,23.0,NW
0.89,27.0,NE
0.89,38.0,cv
1.34,40.0,cv
1.79,36.0,NW
4.92,54.0,NW
8.05,61.0,NW
0.89,59.0,cv
0.89,71.0,NW
0.89,102.0,NE
1.78,100.0,NE
2.67,99.0,NE
0.89,82.0,cv
1.78,95.0,cv
2.67,71.0,cv
1.79,91.0,NE
0.89,95.0,cv
1.78,109.0,cv
2.67,113.0,cv
3.56,125.0,cv
1.79,138.0,NE
1.79,128.0,NW
3.58,138.0,NW
0.89,149.0,cv
1.79,123.0,NE
1.79,78.0,NW
4.92,50.0,NW
0.89,39.0,cv
1.78,34.0,cv
2.23,35.0,cv
3.12,22.0,cv
4.02,13.0,NW
11.17,9.0,NW
19.22,9.0,NW
24.14,8.0,NW
29.95,7.0,NW
35.76,9.0,NW
41.57,9.0,NW
50.51,9.0,NW
62.58,11.0,NW
74.65,9.0,NW
85.83,15.0,NW
95.66,12.0,NW
106.84,10.0,NW
114.89,7.0,NW
120.7,9.0,NW
126.51,10.0,NW
132.32,9.0,NW
135.45,14.0,NW
1.79,17.0,SE
0.89,25.0,cv
0.89,29.0,SE
1.78,26.0,SE
3.57,44.0,SE
0.89,43.0,cv
3.13,28.0,NW
1.79,47.0,SE
3.58,49.0,SE
0.89,48.0,cv
1.78,39.0,cv
1.79,41.0,NW
0.89,42.0,cv
1.78,99.0,cv
1.79,83.0,NE
3.58,44.0,NE
5.37,44.0,NE
0.89,37.0,cv
3.13,39.0,SE
4.92,54.0,SE
5.81,78.0,SE
6.7,95.0,SE
0.89,106.0,NE
0.45,155.0,cv
0.89,144.0,NW
4.02,137.0,NW
5.81,158.0,NW
7.6,149.0,NW
11.62,149.0,NW
14.75,114.0,NW
19.67,84.0,NW
23.69,61.0,NW
27.71,51.0,NW
29.5,40.0,NW
32.63,31.0,NW
34.42,36.0,NW
0.89,35.0,cv
3.13,44.0,NW
4.92,44.0,NW
0.89,46.0,cv
1.78,50.0,cv
2.67,95.0,cv
8.94,85.0,NW
16.09,97.0,NW
21.9,102.0,NW
27.71,61.0,NW
33.52,16.0,NW
40.67,18.0,NW
49.61,9.0,NW
56.76,9.0,NW
62.57,10.0,NW
72.4,16.0,NW
82.23,13.0,NW
92.06,9.0,NW
100.11,9.0,NW
109.05,8.0,NW
117.1,7.0,NW
125.15,10.0,NW
130.96,11.0,NW
139.01,14.0,NW
147.95,16.0,NW
156.0,16.0,NW
161.81,14.0,NW
167.62,16.0,NW
177.45,14.0,NW
186.39,17.0,NW
193.54,14.0,NW
202.48,14.0,NW
209.63,13.0,NW
217.68,13.0,NW
225.73,14.0,NW
235.56,15.0,NW
241.37,14.0,NW
249.42,13.0,NW
256.57,16.0,NW
265.51,15.0,NW
272.66,17.0,NW
278.47,13.0,NW
284.28,14.0,NW
291.43,10.0,NW
296.35,13.0,NW
305.29,16.0,NW
309.31,15.0,NW
315.12,15.0,NW
319.14,19.0,NW
327.19,17.0,NW
334.34,18.0,NW
341.49,21.0,NW
348.64,20.0,NW
355.79,14.0,NW
362.94,16.0,NW
368.75,21.0,NW
0.89,27.0,cv
3.13,28.0,NE
1.79,43.0,NW
3.13,51.0,NE
4.92,48.0,NE
8.94,35.0,NE
3.13,37.0,NW
6.26,30.0,NW
9.39,22.0,NW
12.52,29.0,NW
15.65,21.0,NW
1.79,27.0,SE
0.89,25.0,NE
1.78,38.0,NE
3.13,59.0,NW
6.26,102.0,NW
8.05,78.0,NW
9.84,68.0,NW
1.79,62.0,SE
3.58,75.0,SE
6.71,82.0,SE
8.5,96.0,SE
10.29,92.0,SE
0.89,80.0,NE
1.78,97.0,NE
2.67,104.0,NE
0.89,122.0,SE
0.89,117.0,cv
1.34,120.0,cv
1.79,129.0,cv
2.68,179.0,cv
3.13,165.0,cv
3.58,200.0,cv
4.03,211.0,cv
4.48,146.0,cv
0.89,107.0,NE
1.79,116.0,NW
1.79,125.0,NE
1.79,148.0,NW
4.92,95.0,NW
8.05,101.0,NW
9.84,73.0,NW
11.63,107.0,NW
0.89,114.0,cv
1.78,115.0,cv
1.79,111.0,SE
3.58,122.0,SE
5.37,167.0,SE
6.26,179.0,SE
7.15,146.0,SE
8.94,146.0,SE
9.83,139.0,SE
11.62,126.0,SE
12.51,151.0,SE
14.3,154.0,SE
16.09,142.0,SE
17.88,140.0,SE
19.67,180.0,SE
21.46,205.0,SE
23.25,200.0,SE
25.04,184.0,SE
26.83,172.0,SE
28.62,149.0,SE
30.41,154.0,SE
32.2,121.0,SE
35.33,187.0,SE
38.46,139.0,SE
41.59,111.0,SE
44.72,110.0,SE
46.51,121.0,SE
0.89,284.0,cv
1.79,277.0,NE
2.68,289.0,NE
3.57,281.0,NE
1.79,277.0,NW
0.89,287.0,NE
0.45,290.0,cv
0.89,259.0,NE
1.78,268.0,NE
0.89,274.0,SE
0.89,281.0,NE
0.45,255.0,cv
1.79,243.0,NW
3.58,247.0,NW
5.37,258.0,NW
7.16,259.0,NW
8.95,235.0,NW
12.08,214.0,NW
13.87,203.0,NW
15.66,187.0,NW
18.79,185.0,NW
21.92,186.0,NW
23.71,196.0,NW
25.5,204.0,NW
27.29,208.0,NW
30.42,203.0,NW
33.55,197.0,NW
36.68,202.0,NW
39.81,206.0,NW
42.94,212.0,NW
46.07,205.0,NW
49.2,217.0,NW
52.33,205.0,NW
55.46,203.0,NW
59.48,199.0,NW
63.5,201.0,NW
66.63,184.0,NW
70.65,175.0,NW
75.57,191.0,NW
80.49,196.0,NW
85.41,200.0,NW
90.33,219.0,NW
94.35,241.0,NW
98.37,240.0,NW
102.39,231.0,NW
107.31,213.0,NW
109.1,210.0,NW
110.89,197.0,NW
111.78,204.0,NW
113.57,195.0,NW
0.89,199.0,cv
0.89,207.0,NE
1.78,211.0,NE
0.45,225.0,cv
1.34,232.0,cv
0.89,221.0,SE
1.78,192.0,SE
3.57,256.0,SE
5.36,222.0,SE
7.15,215.0,SE
0.89,209.0,cv
1.79,227.0,SE
3.58,222.0,SE
5.37,197.0,SE
0.89,186.0,cv
0.89,172.0,NE
0.89,226.0,cv
1.34,324.0,cv
2.23,276.0,cv
3.12,305.0,cv
4.01,322.0,cv
3.13,284.0,SE
0.89,271.0,cv
3.13,260.0,NW
0.89,290.0,cv
1.79,323.0,SE
0.89,348.0,cv
1.78,343.0,cv
1.79,309.0,SE
3.58,299.0,SE
0.89,335.0,cv
3.13,284.0,SE
7.15,262.0,SE
8.94,251.0,SE
12.96,243.0,SE
16.98,218.0,SE
21.0,124.0,SE
25.02,96.0,SE
29.04,91.0,SE
33.96,76.0,SE
37.09,71.0,SE
40.22,76.0,SE
42.01,69.0,SE
43.8,70.0,SE
0.89,72.0,cv
1.79,78.0,SE
3.58,85.0,SE
0.89,94.0,cv
0.89,101.0,SE
0.89,112.0,NE
0.89,115.0,cv
1.79,138.0,NE
3.13,155.0,NW
6.26,141.0,NW
9.39,147.0,NW
11.18,138.0,NW
0.89,86.0,cv
1.79,28.0,NW
8.94,19.0,NW
16.09,20.0,NW
21.9,21.0,NW
29.95,20.0,NW
41.13,17.0,NW
49.18,16.0,NW
56.33,14.0,NW
63.48,13.0,NW
70.63,18.0,NW
78.68,19.0,NW
86.73,16.0,NW
93.88,19.0,NW
99.69,22.0,NW
107.74,20.0,NW
116.68,22.0,NW
123.83,22.0,NW
130.98,17.0,NW
135.9,20.0,NW
143.05,24.0,NW
151.1,23.0,NW
160.04,17.0,NW
165.85,18.0,NW
169.87,22.0,NW
173.0,16.0,NW
3.13,18.0,NE
4.02,17.0,NW
3.13,13.0,NE
7.15,21.0,NE
0.45,17.0,cv
3.13,37.0,NW
7.15,24.0,NW
3.13,31.0,NE
6.26,25.0,NE
1.79,29.0,SE
0.89,24.0,cv
1.79,25.0,SE
0.89,35.0,cv
1.79,53.0,SE
0.89,69.0,cv
1.78,62.0,cv
1.79,78.0,SE
3.58,81.0,SE
6.71,90.0,SE
0.89,85.0,cv
0.89,93.0,NE
0.89,114.0,SE
1.78,124.0,SE
3.57,138.0,SE
5.36,166.0,SE
0.89,176.0,NE
1.78,174.0,NE
3.57,199.0,NE
4.46,172.0,NE
5.35,158.0,NE
6.24,142.0,NE
0.89,152.0,cv
1.78,168.0,cv
2.67,186.0,cv
3.56,203.0,cv
4.45,209.0,cv
4.9,215.0,cv
0.89,236.0,SE
0.89,245.0,NE
0.89,258.0,SE
3.13,290.0,NW
6.26,256.0,NW
8.05,290.0,NW
9.84,241.0,NW
12.97,244.0,NW
14.76,244.0,NW
17.89,240.0,NW
19.68,217.0,NW
21.47,244.0,NW
23.26,267.0,NW
25.05,235.0,NW
1.34,244.0,cv
0.89,187.0,SE
1.78,169.0,SE
0.89,175.0,cv
1.78,208.0,cv
2.67,244.0,cv
3.56,251.0,cv
1.79,246.0,SE
3.58,273.0,SE
0.89,308.0,cv
1.79,276.0,SE
4.92,229.0,SE
0.89,218.0,cv
0.89,229.0,SE
0.89,259.0,cv
0.89,314.0,SE
0.89,315.0,NE
0.89,380.0,NW
2.68,355.0,NW
3.57,323.0,NW
5.36,303.0,NW
7.15,289.0,NW
10.28,299.0,NW
13.41,280.0,NW
21.45,80.0,NW
25.47,35.0,NW
29.49,29.0,NW
4.92,27.0,NE
8.05,18.0,NW
15.2,29.0,NW
20.12,22.0,NW
25.93,19.0,NW
31.74,20.0,NW
35.76,23.0,NW
41.57,24.0,NW
46.49,19.0,NW
50.51,19.0,NW
54.53,15.0,NW
58.55,21.0,NW
4.02,16.0,NE
8.04,17.0,NE
3.13,21.0,NW
4.02,13.0,NE
8.94,22.0,NE
12.96,21.0,NE
16.98,19.0,NE
21.9,25.0,NE
25.92,31.0,NE
30.84,23.0,NE
35.76,22.0,NE
39.78,25.0,NE
1.79,36.0,NW
4.92,38.0,NW
8.94,32.0,NW
17.88,32.0,NW
26.82,34.0,NW
34.87,33.0,NW
44.7,30.0,NW
52.75,23.0,NW
62.58,24.0,NW
70.63,21.0,NW
82.7,15.0,NW
96.56,12.0,NW
108.63,12.0,NW
117.57,10.0,NW
124.72,15.0,NW
130.53,13.0,NW
137.68,9.0,NW
146.62,12.0,NW
38.44,205.0,NW
41.57,215.0,NW
43.36,219.0,NW
46.49,217.0,NW
48.28,270.0,NW
51.41,269.0,NW
54.54,254.0,NW
56.33,241.0,NW
59.46,191.0,NW
61.25,249.0,NW
1.79,288.0,NE
4.02,284.0,NW
8.04,248.0,NW
12.96,164.0,NW
20.11,71.0,NW
25.92,16.0,NW
30.84,15.0,NW
36.65,14.0,NW
42.46,16.0,NW
49.61,16.0,NW
53.63,16.0,NW
64.81,17.0,NW
75.99,17.0,NW
85.82,16.0,NW
97.89,15.0,NW
106.83,13.0,NW
115.77,12.0,NW
123.82,11.0,NW
132.76,8.0,NW
139.91,20.0,NW
147.06,14.0,NW
0.89,18.0,cv
3.13,15.0,NW
7.15,13.0,NW
10.28,12.0,NW
16.09,9.0,NW
19.22,11.0,NW
22.35,11.0,NW
26.37,16.0,NW
32.18,11.0,NW
35.31,11.0,NW
41.12,14.0,NW
45.14,14.0,NW
48.27,18.0,NW
52.29,18.0,NW
58.1,16.0,NW
66.15,17.0,NW
74.2,16.0,NW
82.25,16.0,NW
90.3,17.0,NW
98.35,16.0,NW
106.4,16.0,NW
112.21,13.0,NW
115.34,11.0,NW
118.47,19.0,NW
120.26,19.0,NW
0.89,23.0,cv
1.79,26.0,NE
0.89,82.0,cv
1.78,97.0,cv
2.67,95.0,cv
3.56,131.0,cv
1.79,147.0,NW
3.58,153.0,NW
5.37,109.0,NW
7.16,71.0,NW
10.29,65.0,NW
13.42,56.0,NW
15.21,52.0,NW
17.0,53.0,NW
0.89,51.0,cv
1.78,73.0,cv
2.67,90.0,cv
3.56,87.0,cv
1.79,87.0,SE
4.92,54.0,SE
4.02,78.0,NW
7.15,103.0,NW
0.89,104.0,SE
0.89,131.0,cv
1.79,113.0,NW
0.89,45.0,cv
1.79,39.0,NW
5.81,35.0,NW
9.83,31.0,NW
11.62,32.0,NW
14.75,21.0,NW
0.45,16.0,cv
3.13,15.0,NW
0.89,9.0,cv
4.92,9.0,NW
8.94,7.0,NW
13.86,14.0,NW
21.01,11.0,NW
29.95,9.0,NW
38.0,10.0,NW
46.05,16.0,NW
54.1,17.0,NW
63.04,15.0,NW
71.09,13.0,NW
79.14,16.0,NW
87.19,15.0,NW
96.13,20.0,NW
103.28,17.0,NW
111.33,16.0,NW
118.48,19.0,NW
126.53,13.0,NW
134.58,19.0,NW
141.73,15.0,NW
148.88,19.0,NW
156.03,16.0,NW
163.18,17.0,NW
168.99,17.0,NW
177.04,17.0,NW
185.09,15.0,NW
194.03,13.0,NW
202.08,15.0,NW
213.26,15.0,NW
223.09,16.0,NW
234.27,13.0,NW
245.45,19.0,NW
256.63,20.0,NW
267.81,19.0,NW
277.64,19.0,NW
287.47,25.0,NW
296.41,22.0,NW
306.24,25.0,NW
315.18,20.0,NW
325.01,19.0,NW
332.16,21.0,NW
341.1,27.0,NW
350.04,23.0,NW
359.87,21.0,NW
367.02,20.0,NW
375.07,18.0,NW
384.01,20.0,NW
393.84,20.0,NW
4.92,13.0,NE
9.84,13.0,NE
1.79,17.0,NW
4.02,22.0,NE
8.04,29.0,NE
4.92,26.0,NW
4.02,26.0,NE
4.02,18.0,NW
3.13,20.0,NE
3.13,26.0,NW
4.92,24.0,NW
0.89,18.0,cv
1.79,25.0,NE
1.79,34.0,NW
3.58,37.0,NW
5.37,36.0,NW
7.16,42.0,NW
10.29,40.0,NW
12.08,37.0,NW
15.21,33.0,NW
18.34,35.0,NW
20.13,58.0,NW
23.26,56.0,NW
26.39,62.0,NW
28.18,37.0,NW
29.97,37.0,NW
31.76,41.0,NW
34.89,41.0,NW
38.02,39.0,NW
0.89,48.0,cv
1.79,59.0,NW
4.92,63.0,NW
1.79,74.0,cv
3.13,69.0,NW
3.13,79.0,SE
4.92,89.0,SE
1.79,94.0,NE
0.45,113.0,cv
0.9,132.0,cv
1.79,186.0,cv
2.68,205.0,cv
1.79,204.0,NW
2.68,198.0,NW
0.89,176.0,cv
3.13,111.0,NE
3.13,140.0,NW
8.05,78.0,NW
12.97,30.0,NW
4.92,31.0,NE
4.02,34.0,NW
8.04,29.0,NW
4.92,40.0,NE
10.73,43.0,NE
4.92,43.0,NW
4.92,39.0,NE
9.84,38.0,NE
13.86,37.0,NE
16.99,37.0,NE
18.78,36.0,NE
19.67,41.0,NE
20.56,49.0,NE
1.79,69.0,NW
4.92,86.0,NW
8.05,73.0,NW
11.18,64.0,NW
14.31,72.0,NW
1.79,72.0,NE
4.92,49.0,NE
3.13,48.0,NW
7.15,34.0,NW
10.28,40.0,NW
14.3,39.0,NW
18.32,30.0,NW
22.34,32.0,NW
25.47,41.0,NW
28.6,45.0,NW
31.73,61.0,NW
34.86,50.0,NW
1.79,65.0,NE
1.79,70.0,NW
3.58,78.0,NW
3.13,108.0,SE
6.26,142.0,SE
9.39,193.0,SE
12.52,204.0,SE
15.65,266.0,SE
0.45,335.0,cv
0.89,392.0,NE
0.89,413.0,cv
0.89,339.0,SE
0.45,285.0,cv
1.79,236.0,NW
4.92,173.0,NW
8.05,159.0,NW
9.84,128.0,NW
11.63,99.0,NW
14.76,89.0,NW
16.55,88.0,NW
19.68,84.0,NW
21.47,71.0,NW
23.26,76.0,NW
0.89,78.0,cv
3.13,89.0,NW
1.79,102.0,cv
1.79,113.0,NW
0.89,134.0,cv
1.34,33.0,cv
2.23,133.0,cv
0.89,150.0,SE
0.89,164.0,NE
1.79,194.0,SE
2.68,233.0,SE
0.45,250.0,cv
0.9,299.0,cv
1.79,333.0,NW
0.89,357.0,NE
2.68,390.0,NE
3.57,326.0,NE
4.46,402.0,NE
1.79,365.0,NW
4.92,257.0,NW
6.71,135.0,NW
1.79,159.0,NE
0.89,170.0,cv
8.05,36.0,NW
15.2,19.0,NW
23.25,20.0,NW
33.08,18.0,NW
40.23,19.0,NW
45.15,14.0,NW
52.3,11.0,NW
58.11,16.0,NW
63.03,19.0,NW
67.05,18.0,NW
71.07,21.0,NW
75.09,21.0,NW
78.22,17.0,NW
82.24,19.0,NW
1.79,23.0,NE
3.13,29.0,NW
7.15,22.0,NW
11.17,18.0,NW
14.3,24.0,NW
16.09,22.0,NW
0.89,17.0,cv
1.79,27.0,NW
1.79,44.0,NE
0.89,46.0,cv
1.79,35.0,NW
0.89,48.0,cv
1.79,59.0,NW
0.89,69.0,cv
4.92,72.0,NW
9.84,59.0,NW
13.86,57.0,NW
4.02,67.0,SE
7.15,75.0,SE
10.28,15.0,SE
12.07,38.0,SE
0.89,41.0,cv
0.89,63.0,SE
0.89,234.0,cv
0.89,305.0,NE
1.78,304.0,NE
1.79,303.0,NW
2.68,221.0,NW
5.81,179.0,NW
8.94,162.0,NW
10.73,111.0,NW
13.86,114.0,NW
16.99,81.0,NW
18.78,56.0,NW
0.89,63.0,cv
1.78,79.0,cv
2.67,84.0,cv
1.79,97.0,SE
3.58,111.0,SE
5.37,167.0,SE
7.16,279.0,SE
8.95,395.0,SE
9.84,449.0,SE
10.73,389.0,SE
12.52,421.0,SE
15.65,486.0,SE
0.89,486.0,cv
0.89,488.0,SE
0.89,434.0,cv
1.78,425.0,cv
2.67,418.0,cv
1.79,416.0,NW
2.68,402.0,NW
4.47,429.0,NW
6.26,408.0,NW
8.05,456.0,NW
9.84,434.0,NW
0.89,391.0,NE
3.13,377.0,NW
6.26,377.0,NW
9.39,361.0,NW
0.89,343.0,cv
1.78,356.0,cv
2.67,353.0,cv
3.56,340.0,cv
3.13,146.0,NW
3.13,216.0,SE
4.92,291.0,SE
1.79,325.0,cv
2.68,292.0,cv
3.57,371.0,cv
3.13,369.0,SE
0.89,374.0,cv
1.79,391.0,SE
1.79,442.0,NE
0.89,425.0,SE
0.89,442.0,cv
1.78,287.0,cv
2.67,275.0,cv
3.56,174.0,cv
1.79,278.0,NW
5.37,319.0,NW
0.89,383.0,cv
1.79,472.0,SE
3.58,458.0,SE
5.37,529.0,SE
7.16,802.0,SE
8.95,845.0,SE
9.84,810.0,SE
11.63,776.0,SE
0.89,824.0,cv
1.34,886.0,cv
0.89,852.0,NE
0.89,858.0,cv
1.79,805.0,NW
2.68,744.0,NW
4.47,731.0,NW
0.89,722.0,SE
1.79,684.0,NW
3.58,651.0,NW
0.89,673.0,cv
3.13,584.0,NW
6.26,475.0,NW
9.39,341.0,NW
11.18,288.0,NW
14.31,266.0,NW
16.1,236.0,NW
17.89,295.0,NW
1.79,419.0,cv
4.92,323.0,SE
6.71,326.0,SE
7.6,325.0,SE
0.89,334.0,cv
3.13,343.0,SE
0.89,333.0,cv
1.79,311.0,SE
0.45,304.0,cv
0.9,301.0,cv
1.35,309.0,cv
1.8,298.0,cv
3.13,362.0,NW
4.92,523.0,NW
9.84,468.0,NW
11.63,447.0,NW
14.76,328.0,NW
0.89,308.0,cv
1.78,358.0,cv
2.67,296.0,cv
1.79,257.0,SE
0.89,291.0,cv
1.79,335.0,NE
1.79,345.0,SE
5.81,307.0,SE
8.94,271.0,SE
12.96,267.0,SE
16.09,277.0,SE
17.88,278.0,SE
19.67,285.0,SE
22.8,282.0,SE
26.82,217.0,SE
30.84,169.0,SE
34.86,68.0,SE
37.99,151.0,SE
39.78,66.0,SE
42.91,58.0,SE
46.04,61.0,SE
47.83,61.0,SE
50.96,71.0,SE
54.98,79.0,SE
56.77,74.0,SE
58.56,71.0,SE
60.35,80.0,SE
62.14,79.0,SE
63.93,69.0,SE
65.72,90.0,SE
67.51,109.0,SE
0.89,120.0,cv
2.67,132.0,cv
1.79,134.0,NE
2.68,155.0,NE
0.89,166.0,cv
1.34,183.0,cv
1.79,181.0,cv
2.68,201.0,cv
1.79,227.0,NW
3.58,177.0,NW
3.13,189.0,NE
10.28,76.0,NE
16.09,46.0,NE
21.9,38.0,NE
26.82,35.0,NE
1.79,25.0,SE
1.79,82.0,NE
1.79,245.0,SE
0.89,269.0,cv
1.78,240.0,cv
3.13,194.0,NE
3.13,169.0,NW
3.13,53.0,NE
6.26,39.0,NE
8.05,45.0,NE
9.84,61.0,NE
3.13,227.0,NW
6.26,219.0,NW
11.18,193.0,NW
16.1,47.0,NW
19.23,26.0,NW
22.36,28.0,NW
1.79,30.0,NE
4.92,25.0,NE
4.92,24.0,NW
0.89,26.0,SE
1.79,19.0,NE
3.13,35.0,NW
4.92,37.0,NW
4.92,34.0,NE
8.94,33.0,NE
12.07,33.0,NE
16.09,34.0,NE
20.11,38.0,NE
23.24,38.0,NE
1.79,41.0,NW
0.89,37.0,cv
1.79,45.0,SE
4.92,71.0,SE
8.05,92.0,SE
11.18,78.0,SE
15.2,86.0,SE
16.99,107.0,SE
18.78,167.0,SE
19.67,208.0,SE
0.89,226.0,cv
0.89,285.0,NE
0.89,283.0,SE
0.89,214.0,cv
1.78,193.0,cv
0.89,231.0,NW
0.45,213.0,cv
0.89,180.0,NW
2.68,149.0,NW
4.47,86.0,NW
6.26,82.0,NW
8.05,87.0,NW
9.84,94.0,NW
11.63,122.0,NW
1.79,138.0,cv
1.79,138.0,SE
4.92,176.0,SE
0.89,450.0,cv
0.89,372.0,SE
0.89,358.0,cv
0.89,448.0,SE
0.45,485.0,cv
1.34,557.0,cv
0.89,573.0,NW
4.02,603.0,NW
4.91,412.0,NW
8.04,300.0,NW
12.06,312.0,NW
0.89,253.0,NE
0.45,285.0,cv
1.79,277.0,NE
0.45,236.0,cv
1.34,157.0,cv
1.79,237.0,NW
0.89,290.0,cv
1.78,371.0,cv
3.13,353.0,SE
0.89,227.0,cv
3.13,201.0,SE
4.92,98.0,SE
6.71,76.0,SE
8.5,71.0,SE
9.39,73.0,SE
0.89,85.0,NE
0.89,100.0,SE
2.68,115.0,SE
4.47,128.0,SE
6.26,141.0,SE
9.39,72.0,SE
12.52,88.0,SE
14.31,91.0,SE
0.89,69.0,cv
1.34,59.0,cv
2.23,53.0,cv
1.79,57.0,SE
0.89,64.0,cv
0.89,78.0,SE
0.89,87.0,cv
1.79,88.0,NW
4.92,80.0,NW
1.79,84.0,NE
1.79,100.0,NW
2.68,129.0,NW
0.89,128.0,cv
1.78,114.0,cv
2.67,110.0,cv
3.56,122.0,cv
0.89,142.0,SE
1.78,150.0,SE
0.89,138.0,cv
1.79,156.0,NW
0.45,145.0,cv
0.9,169.0,cv
1.79,161.0,NE
1.79,160.0,NW
2.68,156.0,NW
3.57,198.0,NW
5.36,188.0,NW
7.15,176.0,NW
8.94,187.0,NW
12.07,154.0,NW
13.86,179.0,NW
17.88,198.0,NW
21.01,159.0,NW
3.13,164.0,NE
6.26,156.0,NE
9.39,144.0,NE
12.52,104.0,NE
14.31,88.0,NE
0.89,72.0,SE
0.89,93.0,NE
0.45,98.0,cv
0.89,114.0,NE
0.89,184.0,cv
1.79,162.0,NE
1.79,179.0,NW
5.81,131.0,NW
0.89,104.0,cv
1.78,84.0,cv
0.89,88.0,SE
0.89,60.0,cv
1.78,45.0,cv
0.89,38.0,SE
0.89,37.0,cv
1.78,40.0,cv
2.67,52.0,cv
3.56,46.0,cv
4.45,48.0,cv
3.13,55.0,NE
1.79,46.0,SE
0.89,111.0,cv
3.13,127.0,SE
6.26,326.0,SE
9.39,382.0,SE
12.52,352.0,SE
15.65,366.0,SE
17.44,396.0,SE
19.23,398.0,SE
22.36,374.0,SE
25.49,412.0,SE
0.89,437.0,cv
1.79,453.0,SE
3.58,439.0,SE
4.47,439.0,SE
6.26,437.0,SE
0.89,411.0,cv
1.78,424.0,cv
2.67,417.0,cv
0.89,422.0,NE
0.89,394.0,cv
0.89,388.0,SE
0.89,401.0,cv
1.78,402.0,cv
1.79,396.0,SE
3.58,395.0,SE
5.37,392.0,SE
7.16,359.0,SE
8.95,301.0,SE
9.84,273.0,SE
10.73,297.0,SE
0.89,321.0,NE
0.89,336.0,cv
1.34,399.0,cv
1.79,378.0,NW
6.71,398.0,NW
13.86,255.0,NW
19.67,29.0,NW
26.82,17.0,NW
33.97,18.0,NW
39.78,11.0,NW
44.7,16.0,NW
47.83,12.0,NW
0.89,13.0,cv
4.92,14.0,NW
12.07,20.0,NW
21.01,29.0,NW
30.84,32.0,NW
40.67,12.0,NW
49.61,16.0,NW
58.55,17.0,NW
64.36,13.0,NW
71.51,16.0,NW
76.43,14.0,NW
81.35,10.0,NW
4.02,23.0,NE
5.81,30.0,NE
1.79,27.0,SE
1.79,23.0,NE
0.45,27.0,cv
3.13,27.0,NW
0.89,31.0,cv
3.13,47.0,NW
4.92,46.0,NW
0.89,42.0,NE
2.68,47.0,NE
4.47,64.0,NE
3.13,68.0,NW
6.26,48.0,NW
9.39,40.0,NW
12.52,50.0,NW
15.65,55.0,NW
1.79,53.0,cv
1.79,65.0,SE
1.79,71.0,NE
0.89,84.0,cv
1.78,78.0,cv
2.67,73.0,cv
0.89,84.0,NE
0.89,109.0,SE
1.78,130.0,SE
0.89,113.0,NE
0.45,118.0,cv
1.34,124.0,cv
0.89,135.0,NE
0.45,174.0,cv
1.79,161.0,NW
0.89,186.0,cv
0.89,189.0,NW
4.02,169.0,NW
5.81,155.0,NW
7.6,138.0,NW
9.39,126.0,NW
11.18,124.0,NW
0.89,96.0,cv
1.78,94.0,cv
2.67,122.0,cv
1.79,156.0,SE
1.79,198.0,cv
3.58,162.0,cv
3.13,162.0,SE
6.26,172.0,SE
9.39,195.0,SE
0.89,177.0,cv
1.78,174.0,cv
2.67,165.0,cv
3.56,170.0,cv
4.45,179.0,cv
1.79,229.0,SE
0.89,307.0,NE
1.78,347.0,NE
2.67,318.0,NE
0.89,293.0,NW
0.89,258.0,NE
2.68,284.0,NE
1.79,312.0,SE
3.58,310.0,SE
5.37,261.0,SE
7.16,387.0,SE
0.89,340.0,cv
1.79,306.0,SE
3.58,321.0,SE
0.89,322.0,cv
1.79,313.0,SE
3.58,320.0,SE
4.47,288.0,SE
1.79,300.0,NE
3.58,314.0,NE
0.89,317.0,cv
0.89,329.0,SE
0.89,306.0,cv
0.89,318.0,SE
1.78,340.0,SE
0.89,359.0,cv
0.89,362.0,SE
0.89,369.0,NE
0.89,364.0,SE
0.89,364.0,NE
1.78,357.0,NE
0.89,362.0,cv
1.79,369.0,NE
3.13,348.0,NW
4.92,348.0,NW
6.71,357.0,NW
8.5,367.0,NW
0.89,384.0,cv
1.78,394.0,cv
1.79,409.0,SE
3.58,496.0,SE
6.71,490.0,SE
9.84,459.0,SE
11.63,446.0,SE
13.42,444.0,SE
14.31,443.0,SE
0.89,444.0,NE
0.89,510.0,SE
1.78,508.0,SE
0.89,490.0,NE
0.45,472.0,cv
0.9,451.0,cv
1.79,448.0,cv
3.58,526.0,SE
0.89,460.0,cv
0.89,438.0,SE
2.68,425.0,SE
4.47,462.0,SE
6.26,493.0,SE
0.89,484.0,cv
1.79,463.0,SE
3.58,476.0,SE
6.71,445.0,SE
8.5,441.0,SE
11.63,436.0,SE
13.42,411.0,SE
15.21,389.0,SE
17.0,357.0,SE
20.13,345.0,SE
21.92,335.0,SE
23.71,322.0,SE
25.5,316.0,SE
27.29,315.0,SE
29.08,304.0,SE
30.87,282.0,SE
32.66,260.0,SE
34.45,266.0,SE
0.89,278.0,NE
1.79,273.0,SE
3.58,275.0,SE
5.37,287.0,SE
7.16,302.0,SE
0.89,299.0,cv
1.78,297.0,cv
2.67,286.0,cv
3.56,297.0,cv
1.79,288.0,SE
0.89,281.0,cv
0.89,251.0,NE
2.68,248.0,NE
0.89,222.0,NW
4.02,199.0,NW
5.81,265.0,NW
1.79,288.0,NE
0.89,296.0,cv
0.89,311.0,NW
0.89,276.0,cv
0.89,259.0,NW
1.78,205.0,NW
0.89,181.0,NE
1.79,213.0,NW
0.45,208.0,cv
0.89,206.0,SE
0.89,183.0,cv
0.89,178.0,NE
3.13,178.0,NW
0.89,169.0,NE
2.68,177.0,NE
1.79,174.0,NW
0.89,172.0,cv
1.79,157.0,NE
0.89,143.0,cv
1.78,147.0,cv
4.02,136.0,NW
7.15,144.0,NW
10.28,146.0,NW
12.07,149.0,NW
15.2,129.0,NW
18.33,111.0,NW
3.13,123.0,NE
3.13,155.0,NW
7.15,134.0,NW
1.79,98.0,NE
7.15,53.0,NW
14.3,26.0,NW
3.13,15.0,NE
7.15,21.0,NW
11.17,29.0,NW
7.15,14.0,NE
5.81,18.0,NW
7.15,20.0,NE
12.07,24.0,NE
16.09,22.0,NE
4.02,19.0,NW
9.83,21.0,NW
14.75,15.0,NW
3.13,16.0,NE
6.26,22.0,NE
9.39,23.0,NE
13.41,27.0,NE
17.43,21.0,NE
22.35,9.0,NE
27.27,14.0,NE
30.4,14.0,NE
32.19,10.0,NE
33.08,9.0,NE
3.13,16.0,NW
6.26,16.0,NW
9.39,15.0,NW
11.18,19.0,NW
14.31,17.0,NW
18.33,38.0,NW
21.46,32.0,NW
23.25,46.0,NW
25.04,50.0,NW
0.89,52.0,cv
1.78,55.0,cv
3.57,51.0,cv
1.79,63.0,SE
4.92,55.0,SE
6.71,57.0,SE
8.5,59.0,SE
3.13,66.0,cv
3.13,81.0,SE
4.92,84.0,SE
0.89,83.0,cv
1.79,90.0,SE
3.58,114.0,SE
5.37,129.0,SE
6.26,150.0,SE
1.79,161.0,NE
0.89,166.0,cv
1.79,191.0,SE
4.92,135.0,SE
0.89,126.0,cv
1.79,126.0,SE
3.58,138.0,SE
5.37,165.0,SE
7.16,181.0,SE
8.05,194.0,SE
0.89,201.0,cv
1.79,202.0,SE
1.79,223.0,NE
2.68,228.0,NE
3.57,227.0,NE
5.36,227.0,NE
1.79,232.0,NW
4.92,219.0,NW
6.71,239.0,NW
9.84,233.0,NW
12.97,225.0,NW
16.1,215.0,NW
0.89,217.0,cv
3.13,100.0,NW
12.07,25.0,NW
20.12,12.0,NW
28.17,16.0,NW
33.09,14.0,NW
34.88,20.0,NW
38.9,12.0,NW
3.13,18.0,NE
4.02,15.0,NW
4.02,18.0,NE
7.15,21.0,NE
10.28,17.0,NE
13.41,19.0,NE
16.54,21.0,NE
0.89,22.0,cv
0.89,27.0,SE
2.68,29.0,SE
6.7,27.0,SE
9.83,31.0,SE
11.62,32.0,SE
12.51,29.0,SE
15.64,65.0,SE
18.77,94.0,SE
20.56,77.0,SE
23.69,60.0,SE
25.48,52.0,SE
27.27,49.0,SE
29.06,50.0,SE
30.85,57.0,SE
32.64,72.0,SE
34.43,85.0,SE
37.56,89.0,SE
39.35,85.0,SE
41.14,80.0,SE
0.89,82.0,cv
2.68,90.0,cv
1.79,89.0,SE
1.79,90.0,cv
1.79,96.0,SE
4.92,99.0,SE
6.71,105.0,SE
9.84,115.0,SE
11.63,128.0,SE
0.89,136.0,cv
0.89,148.0,SE
0.89,152.0,cv
1.78,156.0,cv
1.79,192.0,NE
1.79,214.0,NW
3.58,234.0,NW
6.71,229.0,NW
0.89,212.0,cv
1.79,208.0,NW
1.79,227.0,NE
0.89,220.0,cv
1.79,203.0,NW
3.58,188.0,NW
0.89,11.0,cv
5.81,9.0,NW
13.86,9.0,NW
23.69,9.0,NW
32.63,6.0,NW
44.7,10.0,NW
57.66,8.0,NW
67.49,5.0,NW
77.32,8.0,NW
88.5,9.0,NW
98.33,12.0,NW
104.14,9.0,NW
113.08,9.0,NW
122.91,9.0,NW
128.72,7.0,NW
134.53,7.0,NW
1.79,7.0,NE
4.02,6.0,NW
3.13,9.0,NE
1.79,8.0,NW
4.92,11.0,NE
4.02,11.0,NW
8.94,8.0,NW
5.81,10.0,NE
9.83,10.0,NE
3.13,15.0,NW
6.26,13.0,NW
3.13,11.0,NE
6.26,10.0,NE
8.05,9.0,NE
9.84,12.0,NE
3.13,18.0,NW
3.13,24.0,NE
6.26,18.0,NE
10.28,18.0,NE
15.2,20.0,NE
20.12,27.0,NE
25.04,15.0,NE
28.17,10.0,NE
31.3,12.0,NE
3.13,9.0,NW
4.92,13.0,NW
6.71,11.0,NW
9.84,10.0,NW
11.63,15.0,NW
13.42,19.0,NW
15.21,26.0,NW
0.89,26.0,cv
1.79,15.0,SE
3.58,26.0,SE
1.79,48.0,cv
2.68,64.0,cv
3.13,56.0,SE
6.26,57.0,SE
10.28,66.0,SE
13.41,106.0,SE
3.13,166.0,cv
4.02,174.0,cv
4.91,152.0,cv
1.79,144.0,SE
3.58,115.0,SE
5.37,108.0,SE
7.16,111.0,SE
8.95,111.0,SE
10.74,125.0,SE
0.89,128.0,cv
1.79,156.0,NE
0.89,168.0,SE
0.89,175.0,NE
1.78,172.0,NE
0.89,192.0,cv
1.79,185.0,NW
1.79,184.0,NE
3.13,172.0,NW
1.79,167.0,NE
0.89,155.0,cv
1.79,163.0,SE
0.89,156.0,cv
1.79,161.0,SE
4.92,175.0,SE
1.79,210.0,NW
3.58,282.0,NW
6.71,428.0,NW
3.13,512.0,NE
7.15,167.0,NE
10.28,71.0,NE
1.79,419.0,NW
3.58,209.0,NW
5.37,185.0,NW
1.79,78.0,NE
4.92,23.0,NE
8.94,17.0,NE
13.86,10.0,NE
18.78,17.0,NE
23.7,20.0,NE
28.62,25.0,NE
33.54,20.0,NE
38.46,16.0,NE
43.38,20.0,NE
46.51,14.0,NE
49.64,13.0,NE
3.13,16.0,NW
6.26,16.0,NW
9.39,14.0,NW
12.52,23.0,NW
14.31,31.0,NW
16.1,58.0,NW
19.23,67.0,NW
0.89,70.0,cv
1.79,55.0,NE
5.81,36.0,NE
7.6,21.0,NE
8.49,20.0,NE
9.38,21.0,NE
1.79,17.0,NW
3.58,41.0,NW
5.37,46.0,NW
8.5,23.0,NW
11.63,24.0,NW
1.79,36.0,NE
0.89,43.0,cv
1.78,59.0,cv
1.79,77.0,SE
3.58,93.0,SE
5.37,103.0,SE
9.39,100.0,SE
12.52,87.0,SE
14.31,107.0,SE
0.89,124.0,cv
1.78,121.0,cv
0.89,113.0,SE
0.89,113.0,NE
0.45,75.0,cv
0.89,67.0,SE
0.45,68.0,cv
1.34,78.0,cv
3.13,145.0,NW
0.89,129.0,cv
1.79,132.0,SE
0.89,130.0,cv
0.89,138.0,SE
1.79,133.0,NE
3.58,70.0,NE
0.89,83.0,cv
1.78,38.0,cv
4.02,94.0,NW
11.17,78.0,NW
16.98,101.0,NW
7.15,71.0,SE
14.3,71.0,SE
20.11,115.0,SE
25.03,123.0,SE
29.05,163.0,SE
33.97,162.0,SE
37.1,167.0,SE
40.23,183.0,SE
0.89,190.0,cv
1.79,197.0,SE
3.58,229.0,SE
0.89,246.0,cv
1.78,263.0,cv
0.89,267.0,NE
0.89,282.0,SE
1.78,290.0,SE
0.89,304.0,cv
0.89,307.0,NE
1.79,326.0,SE
0.89,352.0,cv
1.78,341.0,cv
1.79,344.0,SE
3.58,365.0,SE
6.71,348.0,SE
9.84,330.0,SE
13.86,334.0,SE
16.99,320.0,SE
20.12,292.0,SE
21.91,312.0,SE
23.7,296.0,SE
25.49,293.0,SE
26.38,344.0,SE
1.79,384.0,NW
5.81,392.0,NW
3.13,374.0,NE
6.26,208.0,NE
10.28,143.0,NE
16.09,38.0,NE
21.9,15.0,NE
29.05,9.0,NE
33.97,11.0,NE
39.78,13.0,NE
45.59,13.0,NE
51.4,15.0,NE
61.24,9.0,NE
65.26,7.0,NE
68.39,9.0,NE
70.18,14.0,NE
0.89,18.0,cv
1.78,16.0,cv
2.67,21.0,cv
3.56,22.0,cv
3.13,54.0,SE
1.79,126.0,cv
4.02,237.0,NW
7.15,197.0,NW
11.17,48.0,NW
15.19,17.0,NW
19.21,12.0,NW
23.23,15.0,NW
26.36,16.0,NW
28.15,17.0,NW
31.28,14.0,NW
34.41,12.0,NW
37.54,16.0,NW
1.79,16.0,SE
0.89,11.0,cv
1.78,26.0,cv
3.57,27.0,cv
3.13,47.0,SE
8.05,75.0,SE
13.86,66.0,SE
19.67,54.0,SE
23.69,59.0,SE
27.71,69.0,SE
29.5,63.0,SE
31.29,57.0,SE
35.31,66.0,SE
38.44,75.0,SE
41.57,77.0,SE
43.36,66.0,SE
45.15,87.0,SE
0.89,96.0,cv
0.89,75.0,NE
0.89,80.0,SE
1.78,78.0,SE
0.89,81.0,cv
1.79,86.0,SE
0.89,112.0,cv
1.78,97.0,cv
2.67,118.0,cv
1.79,121.0,SE
0.89,135.0,cv
1.79,139.0,SE
3.58,144.0,SE
5.37,149.0,SE
8.5,159.0,SE
12.52,167.0,SE
15.65,167.0,SE
18.78,192.0,SE
21.91,208.0,SE
25.04,227.0,SE
26.83,241.0,SE
0.89,259.0,cv
1.79,271.0,SE
2.68,281.0,SE
0.89,296.0,cv
1.78,220.0,cv
2.67,255.0,cv
0.89,253.0,SE
0.45,247.0,cv
0.89,274.0,NW
4.91,276.0,NW
8.04,231.0,NW
11.17,215.0,NW
1.79,167.0,cv
8.05,74.0,NW
15.2,22.0,NW
22.35,14.0,NW
29.5,13.0,NW
37.55,12.0,NW
43.36,11.0,NW
51.41,10.0,NW
4.02,12.0,NE
4.92,20.0,NW
8.94,8.0,NW
4.02,21.0,NE
7.15,26.0,NE
10.28,19.0,NE
12.07,14.0,NE
15.2,14.0,NE
18.33,10.0,NE
4.02,10.0,NW
5.81,11.0,NW
6.7,12.0,NW
1.79,15.0,NE
3.58,13.0,NE
0.89,16.0,cv
1.79,15.0,SE
1.79,18.0,cv
3.58,19.0,cv
5.37,23.0,cv
3.13,34.0,SE
7.15,31.0,SE
12.07,38.0,SE
16.09,41.0,SE
4.02,52.0,NW
8.94,52.0,NW
12.96,46.0,NW
17.88,13.0,NW
23.69,22.0,NW
27.71,9.0,NW
34.86,9.0,NW
40.67,6.0,NW
45.59,5.0,NW
3.13,8.0,NE
4.02,8.0,NW
8.04,12.0,NW
3.13,9.0,NE
8.05,9.0,NE
12.07,11.0,NE
3.13,13.0,SE
1.79,24.0,NE
1.79,14.0,NW
1.79,18.0,NE
3.13,30.0,SE
8.05,31.0,SE
13.86,41.0,SE
18.78,39.0,SE
23.7,42.0,SE
27.72,45.0,SE
30.85,57.0,SE
32.64,62.0,SE
34.43,72.0,SE
36.22,68.0,SE
39.35,90.0,SE
41.14,77.0,SE
42.93,73.0,SE
44.72,73.0,SE
45.61,63.0,SE
0.89,65.0,cv
1.78,81.0,cv
1.79,104.0,NE
0.89,109.0,cv
0.89,140.0,NW
2.68,133.0,NW
4.47,126.0,NW
7.6,129.0,NW
1.79,117.0,cv
1.79,126.0,NW
1.79,107.0,cv
2.68,68.0,cv
3.13,8.0,NE
1.79,12.0,SE
3.58,42.0,SE
0.45,58.0,cv
3.13,67.0,SE
4.02,77.0,SE
4.91,68.0,SE
3.13,76.0,NW
4.92,80.0,NW
1.79,67.0,SE
4.92,66.0,SE
6.71,175.0,SE
8.5,159.0,SE
11.63,147.0,SE
13.42,153.0,SE
15.21,153.0,SE
17.0,162.0,SE
18.79,171.0,SE
0.89,186.0,cv
1.79,191.0,SE
3.58,200.0,SE
0.89,212.0,cv
2.68,222.0,cv
1.79,237.0,SE
3.58,250.0,SE
5.37,264.0,SE
7.16,271.0,SE
0.89,268.0,cv
0.89,278.0,SE
1.78,285.0,SE
0.45,316.0,cv
1.34,332.0,cv
2.23,339.0,cv
1.79,322.0,NW
5.81,321.0,NW
7.6,266.0,NW
11.62,219.0,NW
15.64,222.0,NW
20.56,259.0,NW
23.69,28.0,NW
28.61,8.0,NW
33.53,10.0,NW
40.68,9.0,NW
45.6,10.0,NW
4.92,14.0,cv
7.15,11.0,NW
12.96,10.0,NW
16.98,14.0,NW
22.79,10.0,NW
27.71,9.0,NW
31.73,17.0,NW
33.52,30.0,NW
0.89,31.0,cv
1.78,41.0,cv
2.67,38.0,cv
3.56,49.0,cv
0.89,94.0,NE
0.45,116.0,cv
0.9,114.0,cv
0.89,120.0,NW
2.68,113.0,NW
4.47,90.0,NW
6.26,73.0,NW
8.05,63.0,NW
9.84,54.0,NW
11.63,55.0,NW
0.89,58.0,cv
1.79,61.0,NE
0.89,76.0,cv
2.68,78.0,cv
3.13,88.0,SE
1.79,116.0,cv
1.79,144.0,SE
3.58,163.0,SE
0.89,164.0,cv
1.79,185.0,SE
0.89,243.0,cv
0.89,256.0,NE
1.79,356.0,SE
3.58,364.0,SE
0.89,426.0,cv
1.78,397.0,cv
2.67,417.0,cv
3.12,372.0,cv
1.79,318.0,NW
0.89,287.0,cv
1.34,245.0,cv
1.79,266.0,cv
2.68,270.0,cv
1.79,282.0,SE
0.89,284.0,cv
1.79,319.0,SE
1.79,347.0,NW
3.58,337.0,NW
5.37,320.0,NW
0.89,323.0,cv
1.78,318.0,cv
2.67,313.0,cv
0.89,316.0,NE
0.89,313.0,cv
1.78,404.0,cv
0.89,532.0,SE
2.68,386.0,SE
0.89,383.0,NE
0.89,240.0,cv
1.34,226.0,cv
1.79,222.0,cv
0.89,202.0,SE
1.78,207.0,SE
0.89,200.0,cv
1.34,183.0,cv
3.13,176.0,SE
4.92,153.0,SE
6.71,150.0,SE
8.5,137.0,SE
11.63,111.0,SE
13.42,118.0,SE
0.89,118.0,cv
1.78,128.0,cv
3.13,143.0,NW
6.26,153.0,NW
8.05,158.0,NW
11.18,153.0,NW
12.97,143.0,NW
16.1,146.0,NW
17.89,144.0,NW
18.78,148.0,NW
21.91,153.0,NW
23.7,155.0,NW
25.49,153.0,NW
26.38,153.0,NW
28.17,148.0,NW
29.96,152.0,NW
33.09,163.0,NW
36.22,155.0,NW
38.01,175.0,NW
39.8,143.0,NW
43.82,155.0,NW
46.95,172.0,NW
50.08,173.0,NW
53.21,190.0,NW
1.79,200.0,cv
1.79,208.0,SE
5.81,198.0,SE
9.83,196.0,SE
12.96,213.0,SE
16.09,206.0,SE
17.88,244.0,SE
19.67,289.0,SE
21.46,341.0,SE
23.25,370.0,SE
0.89,382.0,cv
0.89,415.0,NE
0.89,414.0,cv
1.78,415.0,cv
1.79,408.0,NW
0.45,414.0,cv
0.89,403.0,NW
1.78,395.0,NW
4.91,394.0,NW
9.83,330.0,NW
12.96,247.0,NW
17.88,188.0,NW
4.92,129.0,NE
4.92,63.0,NW
9.84,49.0,NW
13.86,32.0,NW
3.13,25.0,NE
1.79,23.0,SE
4.92,27.0,SE
6.71,277.0,SE
11.63,273.0,SE
14.76,241.0,SE
16.55,259.0,SE
18.34,259.0,SE
0.89,265.0,cv
1.78,367.0,cv
4.02,392.0,SE
8.94,400.0,SE
10.73,441.0,SE
12.52,466.0,SE
15.65,485.0,SE
17.44,525.0,SE
19.23,502.0,SE
1.79,449.0,NE
0.89,469.0,cv
1.78,510.0,cv
4.02,229.0,NW
11.17,111.0,NW
23.24,95.0,NW
34.42,89.0,NW
48.28,39.0,NW
60.35,20.0,NW
71.53,17.0,NW
81.36,13.0,NW
90.3,11.0,NW
100.13,12.0,NW
109.96,8.0,NW
122.92,6.0,NW
134.99,9.0,NW
148.85,9.0,NW
164.94,7.0,NW
180.14,5.0,NW
195.34,6.0,NW
208.3,4.0,NW
217.24,8.0,NW
224.39,9.0,NW
232.44,9.0,NW
4.02,12.0,NE
4.02,10.0,NW
7.15,11.0,NW
12.07,12.0,NW
4.02,11.0,NE
4.02,11.0,cv
4.02,9.0,NE
8.04,9.0,NE
3.13,8.0,NW
8.05,9.0,NW
12.97,10.0,NW
1.79,13.0,NE
6.71,13.0,NE
9.84,17.0,NE
11.63,27.0,NE
14.76,12.0,NE
17.89,10.0,NE
1.79,11.0,SE
0.89,8.0,NE
0.45,10.0,cv
1.79,9.0,NW
4.92,10.0,NW
8.05,12.0,NW
9.84,19.0,NW
12.97,18.0,NW
16.99,18.0,NW
20.12,17.0,NW
0.89,24.0,cv
2.68,33.0,cv
1.79,43.0,SE
3.58,39.0,SE
5.37,42.0,SE
7.16,56.0,SE
8.95,59.0,SE
1.79,67.0,NW
1.79,66.0,NE
3.58,81.0,NE
5.37,100.0,NE
0.89,120.0,SE
0.89,153.0,cv
0.89,157.0,NW
0.89,161.0,NE
0.89,145.0,NW
2.68,113.0,NW
3.57,119.0,NW
4.46,133.0,NW
5.35,134.0,NW
7.14,138.0,NW
10.27,123.0,NW
13.4,100.0,NW
15.19,110.0,NW
16.98,117.0,NW
0.89,115.0,cv
3.13,110.0,NW
8.05,38.0,NW
12.97,19.0,NW
16.99,25.0,NW
3.13,50.0,NE
1.79,55.0,SE
3.58,143.0,SE
0.89,162.0,cv
1.79,86.0,NE
0.89,73.0,cv
1.78,86.0,cv
8.94,69.0,NW
16.09,24.0,NW
23.24,5.0,NW
26.37,4.0,NW
29.5,5.0,NW
1.79,7.0,NE
0.89,7.0,cv
1.78,9.0,cv
4.02,17.0,NW
3.13,16.0,NE
1.79,16.0,NW
0.89,14.0,cv
3.13,10.0,NW
7.15,10.0,NW
3.13,13.0,cv
3.13,17.0,SE
8.05,23.0,SE
12.07,25.0,SE
15.2,36.0,SE
18.33,47.0,SE
22.35,54.0,SE
26.37,60.0,SE
31.29,78.0,SE
34.42,80.0,SE
36.21,98.0,SE
0.89,101.0,cv
0.89,115.0,SE
2.68,129.0,SE
0.89,116.0,cv
1.78,116.0,cv
0.89,126.0,NE
0.89,130.0,cv
1.78,150.0,cv
2.67,163.0,cv
3.56,172.0,cv
4.45,192.0,cv
5.34,181.0,cv
7.13,187.0,cv
3.13,204.0,SE
4.92,218.0,SE
1.79,222.0,NE
0.45,208.0,cv
1.34,225.0,cv
2.23,235.0,cv
0.89,263.0,NW
0.89,274.0,cv
1.78,275.0,cv
3.13,302.0,NW
4.92,225.0,NW
6.71,220.0,NW
9.84,207.0,NW
12.97,202.0,NW
16.1,200.0,NW
19.23,206.0,NW
23.25,202.0,NW
26.38,203.0,NW
30.4,196.0,NW
34.42,188.0,NW
38.44,187.0,NW
42.46,204.0,NW
0.89,233.0,cv
1.78,259.0,cv
2.67,267.0,cv
3.56,246.0,cv
4.45,247.0,cv
6.24,257.0,cv
8.02,257.0,cv
8.91,257.0,cv
9.8,249.0,cv
10.69,245.0,cv
0.89,242.0,SE
1.79,239.0,NE
0.89,240.0,NW
1.78,238.0,NW
3.57,338.0,NW
0.45,334.0,cv
0.89,344.0,NE
0.45,351.0,cv
0.89,331.0,SE
0.89,327.0,cv
1.78,306.0,cv
1.79,289.0,SE
4.92,363.0,SE
8.94,306.0,SE
3.13,293.0,cv
3.13,279.0,SE
1.79,230.0,cv
1.79,201.0,SE
0.89,200.0,cv
1.79,195.0,NE
3.58,294.0,NE
0.89,510.0,cv
1.79,516.0,NW
0.45,469.0,cv
0.89,450.0,NW
2.68,397.0,NW
5.81,365.0,NW
8.94,364.0,NW
0.45,357.0,cv
1.34,357.0,cv
2.23,350.0,cv
3.13,337.0,NE
0.89,323.0,cv
1.79,306.0,NW
1.79,234.0,SE
4.92,139.0,SE
8.94,95.0,SE
16.09,189.0,SE
24.14,410.0,SE
29.95,216.0,SE
38.0,145.0,SE
42.92,99.0,SE
46.05,87.0,SE
47.84,93.0,SE
50.97,95.0,SE
52.76,101.0,SE
55.89,97.0,SE
59.02,89.0,SE
0.89,87.0,cv
1.78,105.0,cv
0.89,114.0,SE
0.89,119.0,cv
1.78,128.0,cv
2.67,129.0,cv
1.79,122.0,NW
4.92,122.0,NW
8.05,124.0,NW
12.07,136.0,NW
3.13,141.0,NE
16.99,33.0,NW
33.08,42.0,NW
49.17,32.0,NW
64.37,40.0,NW
76.44,32.0,NW
86.27,19.0,NW
94.32,16.0,NW
103.26,13.0,NW
113.09,16.0,NW
122.03,12.0,NW
134.1,10.0,NW
143.04,18.0,NW
148.85,12.0,NW
1.79,12.0,NE
3.13,15.0,SE
4.92,18.0,SE
0.89,20.0,cv
0.89,18.0,NE
0.89,22.0,cv
1.78,27.0,cv
2.67,26.0,cv
1.79,27.0,SE
5.81,29.0,SE
10.73,27.0,SE
15.65,33.0,SE
19.67,32.0,SE
23.69,33.0,SE
28.61,35.0,SE
33.53,33.0,SE
39.34,37.0,SE
45.15,42.0,SE
50.07,59.0,SE
53.2,67.0,SE
54.99,80.0,SE
56.78,75.0,SE
58.57,87.0,SE
60.36,88.0,SE
62.15,81.0,SE
65.28,106.0,SE
0.89,103.0,cv
1.78,118.0,cv
0.89,111.0,SE
2.68,110.0,SE
0.89,102.0,cv
1.78,94.0,cv
1.79,105.0,SE
3.58,122.0,SE
6.71,155.0,SE
8.5,150.0,SE
11.63,156.0,SE
13.42,134.0,SE
19.23,114.0,SE
24.15,114.0,SE
29.07,120.0,SE
33.09,153.0,SE
34.88,148.0,SE
36.67,162.0,SE
37.56,164.0,SE
39.35,158.0,SE
42.48,117.0,SE
44.27,108.0,SE
46.06,114.0,SE
47.85,135.0,SE
0.89,131.0,cv
1.78,135.0,cv
2.67,137.0,cv
0.89,150.0,NE
1.79,153.0,SE
0.89,145.0,cv
1.34,127.0,cv
2.23,130.0,cv
1.79,161.0,NW
0.89,164.0,cv
0.89,167.0,NW
4.02,148.0,NW
7.15,153.0,NW
8.94,147.0,NW
0.89,150.0,cv
3.13,152.0,NW
6.26,164.0,NW
9.39,159.0,NW
0.89,176.0,cv
1.78,174.0,cv
1.79,194.0,SE
0.89,114.0,cv
3.13,67.0,NW
6.26,23.0,NW
10.28,13.0,NW
13.41,10.0,NW
16.54,11.0,NW
4.02,17.0,NE
7.15,14.0,NE
3.13,16.0,NW
4.02,15.0,NE
8.94,16.0,NE
13.86,16.0,NE
17.88,17.0,NE
21.9,13.0,NE
23.69,10.0,NE
0.89,14.0,cv
2.68,12.0,cv
3.57,15.0,cv
1.79,16.0,SE
4.92,23.0,SE
5.81,37.0,SE
7.6,38.0,SE
9.39,30.0,SE
11.18,34.0,SE
14.31,48.0,SE
18.33,71.0,SE
22.35,82.0,SE
24.14,77.0,SE
25.93,83.0,SE
27.72,92.0,SE
29.51,84.0,SE
0.89,84.0,cv
0.89,75.0,SE
0.89,88.0,cv
1.79,92.0,SE
1.79,92.0,cv
1.79,112.0,SE
1.79,124.0,cv
3.13,122.0,SE
6.26,109.0,SE
11.18,111.0,SE
16.1,121.0,SE
21.02,128.0,SE
25.04,127.0,SE
25.93,126.0,SE
26.82,136.0,SE
28.61,165.0,SE
30.4,182.0,SE
0.89,182.0,cv
1.78,195.0,cv
0.89,205.0,NE
0.89,217.0,NW
2.68,226.0,NW
0.89,220.0,cv
1.78,197.0,cv
1.79,187.0,NW
0.89,174.0,cv
0.89,181.0,NW
0.89,192.0,cv
1.79,216.0,SE
0.89,247.0,cv
1.79,254.0,SE
3.13,271.0,cv
1.79,302.0,SE
3.58,294.0,SE
1.79,280.0,cv
1.79,294.0,SE
2.68,302.0,SE
3.57,324.0,SE
4.46,315.0,SE
0.89,328.0,NE
1.79,355.0,NW
4.92,405.0,NW
8.05,347.0,NW
12.07,346.0,NW
13.86,342.0,NW
1.79,327.0,NE
3.13,332.0,NW
6.26,328.0,NW
11.18,325.0,NW
14.31,315.0,NW
17.44,295.0,NW
0.89,239.0,cv
2.68,212.0,cv
1.79,214.0,SE
6.71,215.0,SE
10.73,208.0,SE
14.75,229.0,SE
18.77,235.0,SE
22.79,199.0,SE
25.92,251.0,SE
29.05,280.0,SE
32.18,250.0,SE
35.31,205.0,SE
0.89,202.0,cv
0.89,204.0,SE
2.68,216.0,SE
0.89,221.0,cv
1.78,227.0,cv
2.23,235.0,cv
3.12,236.0,cv
1.79,232.0,SE
3.58,241.0,SE
0.89,258.0,cv
1.79,273.0,SE
3.58,287.0,SE
0.89,316.0,cv
2.68,337.0,cv
1.79,359.0,SE
3.58,394.0,SE
6.71,393.0,SE
9.84,402.0,SE
11.63,400.0,SE
13.42,422.0,SE
0.89,429.0,cv
1.79,480.0,NE
0.89,512.0,cv
1.78,541.0,cv
0.89,522.0,NW
4.91,498.0,NW
8.04,517.0,NW
12.96,246.0,NW
16.98,39.0,NW
25.92,14.0,NW
34.86,15.0,NW
47.82,10.0,NW
59.89,13.0,NW
71.07,9.0,NW
80.01,13.0,NW
85.82,10.0,NW
4.92,7.0,NE
8.94,6.0,NE
1.79,9.0,cv
4.02,10.0,NW
7.15,19.0,NW
4.92,14.0,SE
9.84,22.0,SE
16.99,25.0,SE
25.93,87.0,SE
33.98,49.0,SE
41.13,36.0,SE
46.05,30.0,SE
50.07,35.0,SE
53.2,30.0,SE
56.33,33.0,SE
4.02,34.0,NE
7.15,36.0,NE
8.94,25.0,NE
10.73,23.0,NE
11.62,22.0,NE
12.51,34.0,NE
1.79,34.0,NW
3.13,48.0,NE
4.02,59.0,NW
3.13,68.0,NE
6.26,69.0,NE
4.02,69.0,NW
3.13,69.0,NE
7.15,72.0,NE
11.17,63.0,NE
15.19,57.0,NE
18.32,41.0,NE
19.21,60.0,NE
0.89,69.0,cv
1.78,100.0,cv
1.79,105.0,SE
5.81,83.0,SE
8.94,75.0,SE
10.73,62.0,SE
12.52,53.0,SE
0.89,54.0,cv
1.79,45.0,SE
2.68,29.0,SE
4.47,28.0,SE
7.6,36.0,SE
8.49,39.0,SE
9.38,48.0,SE
11.17,63.0,SE
3.13,56.0,NW
8.05,56.0,NW
12.97,65.0,NW
16.99,49.0,NW
4.02,53.0,SE
7.15,53.0,SE
11.17,63.0,SE
14.3,70.0,SE
19.22,91.0,SE
23.24,97.0,SE
27.26,102.0,SE
30.39,109.0,SE
32.18,119.0,SE
35.31,118.0,SE
38.44,114.0,SE
41.57,98.0,SE
44.7,91.0,SE
47.83,94.0,SE
49.62,97.0,SE
51.41,108.0,SE
0.89,107.0,cv
3.13,104.0,SE
4.92,105.0,SE
0.89,123.0,cv
1.79,148.0,SE
3.58,164.0,SE
0.89,173.0,cv
2.68,172.0,cv
1.79,183.0,SE
0.89,192.0,cv
3.13,198.0,NW
8.05,210.0,NW
11.18,224.0,NW
1.79,224.0,NE
4.02,224.0,NW
8.04,211.0,NW
11.17,210.0,NW
16.09,209.0,NW
4.02,166.0,NE
8.04,125.0,NE
4.02,94.0,NW
8.04,51.0,NW
1.79,58.0,NE
5.81,51.0,NE
1.79,17.0,NW
0.89,14.0,cv
1.79,18.0,SE
1.79,17.0,cv
4.92,66.0,SE
8.94,63.0,SE
14.75,62.0,SE
19.67,73.0,SE
25.48,76.0,SE
31.29,62.0,SE
37.1,74.0,SE
42.91,82.0,SE
46.93,74.0,SE
51.85,69.0,SE
55.87,63.0,SE
59.89,61.0,SE
64.81,58.0,SE
68.83,54.0,SE
71.96,50.0,SE
73.75,51.0,SE
75.54,51.0,SE
79.56,51.0,SE
82.69,52.0,SE
86.71,56.0,SE
89.84,60.0,SE
94.76,76.0,SE
97.89,97.0,SE
101.02,86.0,SE
1.79,88.0,NE
1.79,91.0,NW
0.89,90.0,cv
1.78,96.0,cv
1.79,94.0,SE
12.07,86.0,NW
25.93,71.0,NW
38.0,18.0,NW
47.83,15.0,NW
57.66,11.0,NW
64.81,12.0,NW
69.73,8.0,NW
4.92,5.0,NE
9.84,9.0,NE
15.65,10.0,NE
21.46,9.0,NE
26.38,11.0,NE
5.81,9.0,NW
3.13,11.0,NE
4.92,13.0,NE
1.79,18.0,NW
6.71,18.0,NW
11.63,11.0,NW
15.65,12.0,NW
1.79,12.0,NE
3.13,11.0,NW
6.26,15.0,NW
0.89,13.0,cv
2.68,12.0,cv
4.02,12.0,SE
8.04,15.0,SE
11.17,21.0,SE
14.3,32.0,SE
18.32,50.0,SE
20.11,60.0,SE
23.24,56.0,SE
0.89,58.0,cv
4.02,71.0,SE
7.15,91.0,SE
12.07,88.0,SE
16.09,90.0,SE
19.22,74.0,SE
0.89,86.0,cv
1.78,103.0,cv
2.67,119.0,cv
3.56,121.0,cv
1.79,137.0,SE
1.79,126.0,cv
3.58,112.0,cv
3.13,137.0,cv
4.92,129.0,cv
3.13,137.0,SE
6.26,123.0,SE
10.28,115.0,SE
13.41,117.0,SE
15.2,135.0,SE
16.99,150.0,SE
18.78,127.0,SE
20.57,102.0,SE
22.36,97.0,SE
25.49,98.0,SE
28.62,110.0,SE
30.41,128.0,SE
32.2,153.0,SE
0.45,174.0,cv
0.9,187.0,cv
0.89,188.0,NE
0.89,196.0,cv
1.79,196.0,SE
4.92,205.0,SE
6.71,217.0,SE
8.5,229.0,SE
11.63,240.0,SE
15.65,231.0,SE
19.67,211.0,SE
24.59,210.0,SE
30.4,219.0,SE
34.42,210.0,SE
37.55,223.0,SE
0.89,220.0,cv
1.79,223.0,SE
3.58,234.0,SE
6.71,231.0,SE
10.73,154.0,SE
13.86,128.0,SE
16.99,132.0,SE
18.78,134.0,SE
20.57,135.0,SE
22.36,134.0,SE
24.15,139.0,SE
25.94,171.0,SE
0.89,204.0,cv
4.92,183.0,NW
6.71,179.0,NW
0.89,192.0,cv
1.79,194.0,NE
1.79,156.0,cv
4.02,84.0,NW
8.94,21.0,NW
16.09,16.0,NW
25.03,15.0,NW
36.21,17.0,NW
46.04,26.0,NW
50.96,16.0,NW
56.77,15.0,NW
4.92,15.0,NE
8.94,16.0,NE
12.96,15.0,NE
16.98,16.0,NE
21.9,8.0,NE
25.92,8.0,NE
29.05,7.0,NE
32.18,8.0,NE
0.89,16.0,cv
1.79,17.0,NW
3.58,25.0,NW
0.89,17.0,cv
3.13,13.0,NW
4.92,19.0,NW
0.89,18.0,cv
4.92,15.0,NW
9.84,21.0,NW
14.76,11.0,NW
20.57,21.0,NW
4.02,20.0,SE
1.79,22.0,NW
1.79,17.0,NE
1.79,60.0,SE
5.81,97.0,SE
7.6,120.0,SE
9.39,111.0,SE
11.18,109.0,SE
1.79,110.0,NW
0.89,93.0,cv
1.79,103.0,NW
1.79,100.0,NE
0.89,110.0,cv
0.89,100.0,NE
0.45,93.0,cv
1.79,97.0,NE
3.13,116.0,SE
7.15,127.0,SE
4.02,117.0,NE
4.02,90.0,SE
8.94,78.0,SE
12.96,119.0,SE
16.98,121.0,SE
18.77,108.0,SE
20.56,93.0,SE
3.13,97.0,NE
4.92,100.0,NE
1.79,101.0,cv
3.13,80.0,SE
7.15,75.0,SE
11.17,58.0,SE
14.3,66.0,SE
17.43,60.0,SE
19.22,72.0,SE
22.35,75.0,SE
0.45,82.0,cv
0.9,85.0,cv
1.79,82.0,NW
3.58,81.0,NW
5.37,84.0,NW
8.5,90.0,NW
3.13,93.0,SE
6.26,100.0,SE
9.39,122.0,SE
12.52,90.0,SE
15.65,97.0,SE
19.67,116.0,SE
24.59,110.0,SE
29.51,98.0,SE
33.53,104.0,SE
37.55,85.0,SE
41.57,91.0,SE
44.7,98.0,SE
47.83,107.0,SE
49.62,100.0,SE
51.41,101.0,SE
53.2,107.0,SE
56.33,105.0,SE
59.46,106.0,SE
61.25,109.0,SE
63.04,130.0,SE
64.83,131.0,SE
66.62,140.0,SE
68.41,141.0,SE
70.2,155.0,SE
73.33,174.0,SE
76.46,193.0,SE
79.59,203.0,SE
81.38,230.0,SE
83.17,227.0,SE
86.3,251.0,SE
88.09,248.0,SE
91.22,243.0,SE
1.79,253.0,NE
3.58,258.0,NE
3.13,254.0,NW
4.92,259.0,NW
8.05,256.0,NW
11.18,255.0,NW
14.31,246.0,NW
0.89,244.0,cv
4.02,259.0,NW
0.89,244.0,cv
3.13,256.0,NW
1.79,250.0,SE
0.89,245.0,cv
1.79,247.0,SE
3.58,247.0,SE
5.37,158.0,SE
5.81,18.0,NW
14.75,15.0,NW
23.69,15.0,NW
31.74,29.0,NW
8.94,39.0,NE
14.75,37.0,NE
8.05,39.0,NW
5.81,41.0,NE
9.83,38.0,NE
11.62,31.0,NE
4.02,29.0,NW
7.15,20.0,NW
12.07,19.0,NW
16.99,7.0,NW
21.91,7.0,NW
1.79,6.0,NE
3.13,13.0,NW
0.89,20.0,cv
3.13,49.0,SE
0.45,64.0,cv
1.34,96.0,cv
1.79,122.0,cv
0.89,133.0,NW
3.58,175.0,NE
1.79,176.0,cv
3.58,164.0,cv
4.02,169.0,SE
8.04,155.0,SE
12.96,144.0,SE
17.88,119.0,SE
23.69,113.0,SE
28.61,130.0,SE
32.63,123.0,SE
36.65,108.0,SE
39.78,112.0,SE
41.57,111.0,SE
43.36,122.0,SE
0.89,130.0,cv
1.78,138.0,cv
0.89,149.0,NE
1.79,153.0,SE
0.89,184.0,NE
0.89,179.0,cv
0.89,183.0,NE
0.89,194.0,cv
1.79,184.0,NW
3.58,153.0,NW
3.13,150.0,NE
4.02,126.0,SE
8.04,156.0,SE
15.19,156.0,SE
21.0,178.0,SE
28.15,243.0,SE
36.2,122.0,SE
44.25,100.0,SE
50.06,73.0,SE
54.98,60.0,SE
58.11,46.0,SE
59.9,33.0,SE
61.69,32.0,SE
64.82,34.0,SE
66.61,37.0,SE
68.4,38.0,SE
71.53,38.0,SE
73.32,47.0,SE
76.45,61.0,SE
79.58,48.0,SE
81.37,47.0,SE
83.16,56.0,SE
0.89,72.0,cv
1.79,89.0,NW
0.89,92.0,cv
1.78,83.0,cv
2.67,87.0,cv
3.56,89.0,cv
1.79,100.0,NW
5.81,107.0,NW
10.73,98.0,NW
16.54,78.0,NW
21.46,83.0,NW
26.38,84.0,NW
30.4,91.0,NW
34.42,99.0,NW
38.44,99.0,NW
42.46,111.0,NW
45.59,118.0,NW
49.61,122.0,NW
51.4,117.0,NW
54.53,113.0,NW
56.32,108.0,NW
59.45,110.0,NW
0.89,121.0,cv
1.79,122.0,NW
3.58,116.0,NW
6.71,106.0,NW
8.5,107.0,NW
13.42,111.0,NW
21.47,122.0,NW
30.41,88.0,NW
39.35,24.0,NW
47.4,9.0,NW
57.23,12.0,NW
67.06,15.0,NW
76.0,11.0,NW
84.94,11.0,NW
93.88,9.0,NW
98.8,10.0,NW
104.61,9.0,NW
108.63,8.0,NW
111.76,9.0,NW
1.79,8.0,NE
1.79,7.0,NW
1.79,6.0,NE
4.02,6.0,NW
5.81,6.0,NW
0.89,5.0,NE
1.79,12.0,NW
3.58,9.0,NW
6.71,17.0,NW
13.86,11.0,NW
19.67,16.0,NW
27.72,13.0,NW
4.02,10.0,NE
8.94,12.0,NE
3.13,10.0,SE
1.79,15.0,cv
3.13,11.0,SE
6.26,13.0,SE
9.39,11.0,SE
12.52,14.0,SE
16.54,24.0,SE
19.67,33.0,SE
21.46,34.0,SE
23.25,32.0,SE
25.04,36.0,SE
28.17,43.0,SE
31.3,55.0,SE
34.43,57.0,SE
38.45,57.0,SE
41.58,59.0,SE
45.6,104.0,SE
49.62,90.0,SE
54.54,69.0,SE
58.56,67.0,SE
62.58,63.0,SE
66.6,71.0,SE
71.52,77.0,SE
75.54,80.0,SE
80.46,89.0,SE
86.27,106.0,SE
91.19,114.0,SE
96.11,126.0,SE
101.03,97.0,SE
104.16,83.0,SE
105.95,97.0,SE
1.79,90.0,NW
4.92,93.0,NW
3.13,78.0,NE
1.79,54.0,NW
3.13,59.0,NE
8.05,44.0,NE
5.81,22.0,NW
14.75,27.0,NW
24.58,33.0,NW
34.41,29.0,NW
45.59,13.0,NW
56.77,15.0,NW
68.84,17.0,NW
80.91,16.0,NW
92.98,14.0,NW
104.16,14.0,NW
115.34,12.0,NW
126.52,17.0,NW
136.35,13.0,NW
148.42,12.0,NW
159.6,17.0,NW
168.54,12.0,NW
178.37,16.0,NW
187.31,10.0,NW
196.25,15.0,NW
203.4,11.0,NW
212.34,13.0,NW
221.28,12.0,NW
229.33,10.0,NW
239.16,8.0,NW
247.21,6.0,NW
251.23,8.0,NW
260.17,8.0,NW
265.09,9.0,NW
270.01,9.0,NW
278.95,11.0,NW
286.1,10.0,NW
295.04,12.0,NW
302.19,13.0,NW
309.34,13.0,NW
316.49,14.0,NW
321.41,14.0,NW
1.79,14.0,NE
4.02,11.0,NW
12.07,11.0,NW
20.12,12.0,NW
25.93,13.0,NW
33.08,14.0,NW
40.23,22.0,NW
46.04,11.0,NW
51.85,11.0,NW
56.77,10.0,NW
62.58,10.0,NW
68.39,11.0,NW
73.31,9.0,NW
79.12,11.0,NW
84.93,8.0,NW
89.85,9.0,NW
94.77,11.0,NW
102.82,8.0,NW
110.87,12.0,NW
120.7,12.0,NW
129.64,12.0,NW
138.58,10.0,NW
147.52,10.0,NW
157.35,14.0,NW
167.18,17.0,NW
175.23,10.0,NW
182.38,7.0,NW
189.53,6.0,NW
194.45,10.0,NW
197.58,17.0,NW
201.6,17.0,NW
204.73,21.0,NW
207.86,26.0,NW
210.99,21.0,NW
214.12,27.0,NW
218.14,29.0,NW
219.93,41.0,NW
223.06,16.0,NW
224.85,15.0,NW
229.77,13.0,NW
236.92,19.0,NW
245.86,19.0,NW
255.69,18.0,NW
271.79,10.0,NW
280.73,13.0,NW
288.78,12.0,NW
295.93,14.0,NW
305.76,9.0,NW
313.81,8.0,NW
321.86,6.0,NW
329.91,6.0,NW
1.79,5.0,NE
3.58,11.0,NE
0.89,22.0,cv
1.79,41.0,SE
5.81,49.0,SE
8.94,32.0,SE
0.89,38.0,cv
1.78,41.0,cv
0.89,35.0,NW
0.89,42.0,cv
1.34,55.0,cv
3.13,62.0,NW
0.89,66.0,NE
0.89,64.0,cv
1.78,53.0,cv
1.79,62.0,NW
3.58,53.0,NW
0.89,50.0,cv
1.79,62.0,SE
4.92,74.0,SE
8.94,41.0,SE
13.86,29.0,SE
19.67,45.0,SE
22.8,54.0,SE
1.79,52.0,cv
2.68,51.0,cv
1.79,47.0,SE
7.6,52.0,SE
0.89,54.0,cv
0.89,59.0,NE
0.89,57.0,cv
3.13,65.0,SE
0.89,91.0,cv
1.78,100.0,cv
2.67,109.0,cv
1.79,101.0,NW
3.58,111.0,NW
1.79,101.0,NE
1.79,110.0,cv
1.79,117.0,NE
3.13,132.0,NW
4.92,117.0,NE
11.18,75.0,NW
21.01,25.0,NW
29.95,14.0,NW
38.0,16.0,NW
47.83,13.0,NW
57.66,10.0,NW
65.71,10.0,NW
75.54,8.0,NW
81.35,10.0,NW
88.5,10.0,NW
7.15,12.0,NE
15.2,8.0,NE
19.22,6.0,NE
4.92,5.0,NW
1.79,6.0,NE
3.13,7.0,NW
4.02,6.0,NE
7.15,4.0,NE
11.17,6.0,NE
3.13,9.0,NW
1.79,7.0,cv
1.79,10.0,NW
0.89,34.0,cv
3.13,59.0,SE
7.15,53.0,SE
11.17,45.0,SE
16.98,38.0,SE
22.79,39.0,SE
27.71,45.0,SE
32.63,42.0,SE
36.65,43.0,SE
39.78,50.0,SE
42.91,48.0,SE
46.04,56.0,SE
49.17,63.0,SE
52.3,59.0,SE
0.89,53.0,cv
1.79,42.0,NE
3.58,44.0,NE
0.89,50.0,SE
1.78,65.0,SE
0.89,70.0,NE
0.89,73.0,NW
1.79,71.0,SE
3.13,62.0,cv
1.79,73.0,SE
4.92,73.0,SE
8.94,78.0,SE
12.96,79.0,SE
17.88,79.0,SE
22.8,89.0,SE
28.61,99.0,SE
41.57,102.0,SE
47.38,81.0,SE
52.3,69.0,SE
55.43,64.0,SE
57.22,55.0,SE
59.01,53.0,SE
62.14,50.0,SE
4.02,57.0,NW
0.45,53.0,cv
2.24,63.0,cv
1.79,64.0,NW
3.58,61.0,NW
6.71,63.0,NW
8.5,58.0,NW
3.13,74.0,NE
6.26,70.0,NE
11.18,80.0,NE
20.12,70.0,NE
0.89,57.0,cv
2.68,39.0,cv
4.47,36.0,cv
6.26,28.0,cv
9.83,27.0,SE
16.98,62.0,SE
21.9,96.0,SE
26.82,81.0,SE
32.63,78.0,SE
37.55,75.0,SE
41.57,57.0,SE
44.7,48.0,SE
47.83,52.0,SE
49.62,47.0,SE
0.89,37.0,cv
1.79,27.0,SE
4.92,28.0,SE
8.05,34.0,SE
9.84,45.0,SE
15.65,51.0,SE
21.46,49.0,SE
27.27,32.0,SE
31.29,41.0,SE
34.42,46.0,SE
37.55,55.0,SE
40.68,63.0,SE
44.7,72.0,SE
47.83,68.0,SE
51.85,60.0,SE
55.87,55.0,SE
59.0,49.0,SE
0.89,43.0,cv
0.89,44.0,NE
5.81,46.0,NW
13.86,39.0,NW
7.15,10.0,NE
14.3,13.0,NE
5.81,9.0,NW
9.83,6.0,NW
4.02,8.0,NE
7.15,10.0,NE
11.17,8.0,NE
16.98,9.0,NE
21.9,9.0,NE
29.05,7.0,NE
34.86,8.0,NE
39.78,6.0,NE
7.15,6.0,NW
5.81,4.0,NE
9.83,7.0,NE
13.85,6.0,NE
4.92,7.0,SE
4.92,9.0,NE
8.05,8.0,NE
1.79,16.0,SE
3.58,25.0,SE
0.89,28.0,cv
1.79,23.0,NW
1.79,41.0,SE
7.6,41.0,SE
12.52,56.0,SE
15.65,72.0,SE
18.78,63.0,SE
20.57,65.0,SE
22.36,56.0,SE
24.15,60.0,SE
25.94,51.0,SE
29.07,43.0,SE
33.09,41.0,SE
40.24,43.0,SE
4.02,28.0,cv
4.02,35.0,SE
8.04,40.0,SE
12.06,41.0,SE
16.08,59.0,SE
21.0,57.0,SE
26.81,51.0,SE
32.62,57.0,SE
37.54,64.0,SE
41.56,71.0,SE
45.58,77.0,SE
48.71,73.0,SE
51.84,67.0,SE
53.63,64.0,SE
55.42,65.0,SE
57.21,74.0,SE
0.89,80.0,cv
0.89,84.0,NE
0.89,83.0,NW
2.68,86.0,NW
4.47,92.0,NW
6.26,92.0,NW
0.89,84.0,cv
2.68,75.0,cv
4.47,78.0,cv
6.26,75.0,cv
10.28,81.0,cv
4.92,70.0,SE
9.84,69.0,SE
15.65,63.0,SE
21.46,75.0,SE
27.27,67.0,SE
31.29,73.0,SE
36.21,81.0,SE
38.0,78.0,SE
0.89,91.0,cv
1.79,105.0,SE
4.92,117.0,SE
0.89,118.0,cv
0.89,125.0,SE
1.78,123.0,SE
2.67,132.0,SE
0.89,126.0,NE
1.78,136.0,NE
0.89,151.0,cv
1.79,143.0,SE
3.58,153.0,SE
6.71,156.0,SE
10.73,164.0,SE
15.65,147.0,SE
19.67,134.0,SE
25.48,138.0,SE
31.29,140.0,SE
37.1,142.0,SE
42.02,149.0,SE
46.94,137.0,SE
50.96,126.0,SE
54.98,102.0,SE
58.11,89.0,SE
63.03,89.0,SE
67.05,104.0,SE
71.07,114.0,SE
74.2,120.0,SE
75.99,123.0,SE
0.89,128.0,cv
1.79,138.0,SE
4.92,147.0,SE
6.71,151.0,SE
9.84,160.0,SE
11.63,165.0,SE
1.79,175.0,cv
3.13,195.0,SE
7.15,201.0,SE
11.17,214.0,SE
16.09,236.0,SE
20.11,218.0,SE
25.03,228.0,SE
29.95,190.0,SE
33.08,158.0,SE
34.87,166.0,SE
0.89,171.0,cv
1.78,183.0,cv
1.79,197.0,SE
4.92,188.0,SE
8.94,152.0,SE
12.96,135.0,SE
16.09,135.0,SE
17.88,134.0,SE
21.01,140.0,SE
22.8,146.0,SE
25.93,175.0,SE
29.95,195.0,SE
31.74,203.0,SE
1.79,201.0,cv
1.79,214.0,SE
4.92,214.0,SE
1.79,229.0,cv
4.02,247.0,SE
0.89,250.0,cv
4.02,258.0,SE
4.92,260.0,NE
8.05,275.0,NE
0.89,258.0,cv
1.79,215.0,NE
0.89,200.0,cv
1.79,190.0,NE
0.89,217.0,cv
1.78,236.0,cv
2.67,224.0,cv
1.79,241.0,NE
0.89,217.0,NW
2.68,179.0,NW
4.47,154.0,NW
7.6,125.0,NW
10.73,148.0,NW
13.86,165.0,NW
15.65,125.0,NW
0.89,87.0,cv
1.79,85.0,NW
3.13,73.0,cv
4.92,77.0,NW
13.86,74.0,NW
22.8,36.0,NW
32.63,15.0,NW
42.46,9.0,NW
49.61,8.0,NW
54.53,11.0,NW
59.45,14.0,NW
8.05,18.0,NE
9.83,14.0,NW
18.77,8.0,NW
25.92,4.0,NW
31.73,6.0,NW
35.75,7.0,NW
40.67,14.0,NW
44.69,12.0,NW
48.71,16.0,NW
53.63,14.0,NW
61.68,15.0,NW
68.83,10.0,NW
76.88,9.0,NW
85.82,8.0,NW
94.76,9.0,NW
104.59,10.0,NW
113.53,10.0,NW
121.58,9.0,NW
131.41,8.0,NW
141.24,9.0,NW
147.05,6.0,NW
156.88,5.0,NW
165.82,7.0,NW
170.74,8.0,NW
173.87,19.0,NW
0.89,22.0,cv
1.78,52.0,cv
1.79,40.0,NW
0.89,95.0,cv
3.13,40.0,SE
1.79,71.0,NW
1.79,64.0,SE
0.89,92.0,NW
0.89,83.0,cv
1.78,100.0,cv
2.67,115.0,cv
3.56,70.0,cv
1.79,83.0,SE
0.89,87.0,cv
2.68,81.0,cv
3.13,80.0,SE
7.15,80.0,SE
8.94,78.0,SE
12.96,70.0,SE
16.98,66.0,SE
21.0,74.0,SE
25.92,74.0,SE
30.84,80.0,SE
35.76,74.0,SE
38.89,52.0,SE
43.81,41.0,SE
45.6,38.0,SE
48.73,45.0,SE
1.79,55.0,NE
0.89,63.0,cv
0.89,69.0,NE
1.79,81.0,NW
3.58,122.0,NW
0.89,82.0,cv
1.78,55.0,cv
1.79,62.0,NE
4.02,61.0,SE
7.15,46.0,SE
11.17,45.0,SE
14.3,50.0,SE
18.32,54.0,SE
22.34,64.0,SE
26.36,75.0,SE
31.28,76.0,SE
36.2,70.0,SE
41.12,80.0,SE
45.14,82.0,SE
48.27,95.0,SE
51.4,77.0,SE
54.53,81.0,SE
56.32,97.0,SE
58.11,103.0,SE
61.24,85.0,SE
63.03,89.0,SE
0.89,96.0,cv
0.89,80.0,SE
0.89,85.0,cv
0.89,91.0,SE
0.89,81.0,NE
1.79,81.0,SE
4.92,94.0,SE
8.94,80.0,SE
0.89,79.0,cv
3.13,89.0,NE
4.92,85.0,NE
0.89,82.0,cv
1.78,85.0,cv
2.67,92.0,cv
3.56,92.0,cv
3.13,96.0,NW
12.96,74.0,NW
22.79,16.0,NW
29.94,21.0,NW
1.79,20.0,NE
7.15,17.0,NW
12.96,11.0,NW
16.98,11.0,NW
18.77,14.0,NW
0.89,14.0,cv
1.79,15.0,SE
0.89,17.0,cv
1.78,17.0,cv
2.67,21.0,cv
1.79,24.0,NE
3.13,20.0,NW
6.26,17.0,NW
9.39,47.0,NW
14.31,44.0,NW
22.36,39.0,NW
31.3,27.0,NW
42.48,30.0,NW
51.42,11.0,NW
62.6,12.0,NW
71.54,38.0,NW
80.48,74.0,NW
87.63,37.0,NW
93.44,31.0,NW
100.59,32.0,NW
106.4,48.0,NW
110.42,81.0,NW
4.92,36.0,NE
9.84,12.0,NE
11.63,10.0,NE
1.79,11.0,NW
0.89,15.0,cv
3.13,10.0,NW
4.92,11.0,NE
9.84,14.0,NE
13.86,10.0,NE
18.78,9.0,NE
23.7,11.0,NE
27.72,70.0,NE
4.02,11.0,NW
3.13,12.0,cv
4.92,13.0,cv
3.13,16.0,NE
4.02,11.0,SE
3.13,13.0,NE
0.89,22.0,cv
1.78,36.0,cv
2.67,45.0,cv
1.79,40.0,SE
6.71,38.0,SE
10.73,38.0,SE
12.52,81.0,SE
1.79,41.0,NW
3.58,36.0,NW
0.89,59.0,NE
0.89,46.0,cv
0.89,48.0,NW
0.89,83.0,cv
1.78,45.0,cv
2.67,33.0,cv
1.79,30.0,NW
3.58,27.0,NW
1.79,24.0,SE
3.58,28.0,SE
1.79,34.0,cv
3.13,33.0,SE
7.15,28.0,SE
12.96,35.0,SE
20.11,38.0,SE
25.92,59.0,SE
29.05,41.0,SE
30.84,51.0,SE
32.63,56.0,SE
35.76,70.0,SE
38.89,71.0,SE
42.02,55.0,SE
43.81,52.0,SE
45.6,53.0,SE
49.62,57.0,SE
52.75,72.0,SE
54.54,88.0,SE
57.67,98.0,SE
1.79,103.0,NE
1.79,100.0,SE
0.89,102.0,cv
3.13,75.0,SE
4.92,78.0,SE
8.94,89.0,SE
12.07,98.0,SE
15.2,96.0,SE
19.22,97.0,SE
23.24,96.0,SE
29.05,95.0,SE
33.97,86.0,SE
39.78,94.0,SE
44.7,79.0,SE
48.72,87.0,SE
54.53,81.0,SE
58.55,59.0,SE
4.02,68.0,NE
1.79,82.0,SE
4.92,60.0,SE
0.89,44.0,cv
0.89,48.0,NW
0.89,52.0,cv
1.79,51.0,NW
3.58,51.0,NW
0.89,56.0,cv
1.78,57.0,cv
3.57,63.0,cv
4.46,61.0,cv
6.25,69.0,cv
3.13,71.0,SE
1.79,73.0,cv
4.02,67.0,SE
8.04,60.0,SE
12.96,57.0,SE
16.98,52.0,SE
20.11,66.0,SE
23.24,72.0,SE
25.03,77.0,SE
26.82,96.0,SE
30.84,86.0,SE
34.86,71.0,SE
36.65,67.0,SE
39.78,74.0,SE
42.91,83.0,SE
46.04,88.0,SE
1.79,98.0,NE
1.79,112.0,SE
3.58,124.0,SE
5.37,131.0,SE
1.79,139.0,cv
7.15,117.0,SE
14.3,83.0,SE
19.22,82.0,SE
26.37,78.0,SE
32.18,70.0,SE
36.2,64.0,SE
42.01,65.0,SE
47.82,54.0,SE
51.84,65.0,SE
54.97,71.0,SE
56.76,75.0,SE
57.65,80.0,SE
59.44,84.0,SE
61.23,104.0,SE
63.02,134.0,SE
64.81,136.0,SE
0.89,145.0,cv
1.34,144.0,cv
0.89,153.0,NE
0.89,167.0,cv
0.89,157.0,NE
1.79,152.0,SE
0.89,166.0,cv
1.78,169.0,cv
2.67,161.0,cv
3.56,156.0,cv
4.45,172.0,cv
3.13,177.0,SE
6.26,182.0,SE
10.28,179.0,SE
14.3,187.0,SE
18.32,209.0,SE
22.34,211.0,SE
25.47,230.0,SE
29.49,254.0,SE
31.28,271.0,SE
0.89,275.0,cv
0.89,284.0,SE
1.78,297.0,SE
0.89,314.0,cv
1.78,301.0,cv
0.89,320.0,NE
0.89,315.0,cv
1.34,318.0,cv
0.89,312.0,NE
0.89,286.0,cv
1.78,271.0,cv
2.67,261.0,cv
3.56,266.0,cv
3.13,265.0,SE
1.79,259.0,cv
4.02,171.0,SE
8.04,103.0,SE
12.96,103.0,SE
17.88,82.0,SE
21.9,85.0,SE
25.92,90.0,SE
27.71,135.0,SE
29.5,148.0,SE
0.89,143.0,cv
1.34,137.0,cv
1.79,161.0,SE
2.68,157.0,SE
0.89,170.0,cv
1.78,156.0,cv
0.89,157.0,NE
0.89,169.0,cv
0.89,185.0,NE
0.89,217.0,cv
1.78,230.0,cv
2.67,251.0,cv
3.56,251.0,cv
1.79,246.0,SE
4.92,194.0,SE
8.05,137.0,SE
11.18,127.0,SE
16.1,130.0,SE
20.12,143.0,SE
23.25,143.0,SE
26.38,153.0,SE
30.4,172.0,SE
34.42,182.0,SE
38.44,164.0,SE
41.57,166.0,SE
44.7,199.0,SE
46.49,196.0,SE
48.28,223.0,SE
50.07,218.0,SE
0.89,272.0,cv
1.34,172.0,cv
1.79,137.0,SE
4.92,119.0,SE
0.89,116.0,cv
3.13,120.0,SE
6.26,135.0,SE
9.39,126.0,SE
13.41,123.0,SE
16.54,116.0,SE
20.56,141.0,SE
25.48,163.0,SE
29.5,148.0,SE
32.63,139.0,SE
35.76,88.0,SE
38.89,68.0,SE
40.68,60.0,SE
42.47,103.0,SE
44.26,77.0,SE
49.18,42.0,SE
53.2,35.0,SE
3.13,42.0,NW
1.79,53.0,SE
3.58,54.0,SE
5.37,48.0,SE
7.16,49.0,SE
8.95,55.0,SE
12.08,56.0,SE
16.1,64.0,SE
20.12,52.0,SE
23.25,17.0,SE
26.38,21.0,SE
30.4,24.0,SE
33.53,25.0,SE
35.32,35.0,SE
38.45,28.0,SE
41.58,47.0,SE
44.71,53.0,SE
46.5,60.0,SE
48.29,60.0,SE
0.89,66.0,cv
1.79,64.0,SE
3.58,60.0,SE
5.37,64.0,SE
0.89,65.0,cv
3.13,73.0,SE
0.89,76.0,cv
1.78,93.0,cv
0.89,97.0,SE
0.89,108.0,NW
0.89,105.0,cv
1.78,108.0,cv
2.67,116.0,cv
4.46,98.0,cv
7.15,27.0,NW
15.2,9.0,NW
27.27,13.0,NW
4.02,16.0,NE
8.94,14.0,NW
14.75,12.0,NW
18.77,9.0,NW
3.13,14.0,cv
4.92,13.0,NW
8.05,16.0,NW
1.79,19.0,NE
5.81,38.0,SE
12.96,33.0,SE
18.77,43.0,SE
22.79,46.0,SE
24.58,47.0,SE
26.37,60.0,SE
0.89,52.0,cv
1.78,54.0,cv
2.67,70.0,cv
3.56,89.0,cv
1.79,115.0,NE
0.89,111.0,cv
1.78,106.0,cv
2.67,77.0,cv
3.13,83.0,NW
8.05,58.0,NW
13.86,26.0,NW
17.88,27.0,NW
26.82,25.0,NW
33.97,17.0,NW
42.02,25.0,NW
46.94,22.0,NW
50.96,55.0,NW
54.09,26.0,NW
57.22,37.0,NW
1.79,38.0,NE
2.68,48.0,NE
4.47,31.0,NE
3.13,25.0,NW
0.89,32.0,cv
1.78,67.0,cv
0.89,119.0,NW
1.79,122.0,NE
1.79,52.0,NW
0.89,36.0,cv
1.79,53.0,NE
7.6,47.0,NE
4.92,29.0,NW
4.02,24.0,NE
1.79,22.0,cv
1.79,10.0,SE
4.92,12.0,SE
3.13,23.0,cv
3.13,93.0,SE
7.15,35.0,SE
8.94,24.0,SE
12.07,35.0,SE
15.2,46.0,SE
19.22,43.0,SE
22.35,77.0,SE
25.48,79.0,SE
26.37,59.0,SE
0.89,35.0,NE
0.89,87.0,cv
1.78,50.0,cv
2.67,53.0,cv
1.79,76.0,NW
3.58,91.0,NW
5.37,96.0,NW
7.16,96.0,NW
8.95,130.0,NW
12.08,83.0,NW
0.89,78.0,cv
1.78,69.0,cv
1.79,65.0,NE
1.79,68.0,SE
3.58,72.0,SE
9.39,75.0,SE
13.41,90.0,SE
16.54,103.0,SE
19.67,115.0,SE
22.8,120.0,SE
24.59,128.0,SE
0.89,144.0,cv
0.89,179.0,SE
1.78,176.0,SE
0.89,264.0,NE
0.89,195.0,cv
1.79,196.0,NW
12.97,89.0,NW
20.12,25.0,NW
25.93,50.0,NW
33.08,15.0,NW
40.23,28.0,NW
47.38,17.0,NW
55.43,47.0,NW
62.58,21.0,NW
65.71,21.0,NW
68.84,93.0,NW
1.79,140.0,cv
3.58,75.0,cv
5.37,89.0,cv
6.26,23.0,cv
7.15,19.0,cv
1.79,38.0,SE
3.58,44.0,SE
6.71,37.0,SE
4.02,42.0,NW
1.79,51.0,NE
3.58,86.0,NE
0.89,67.0,cv
0.89,79.0,NE
1.78,55.0,NE
1.79,77.0,SE
0.89,86.0,cv
1.79,105.0,NE
0.89,111.0,cv
1.79,126.0,SE
4.92,90.0,SE
8.05,60.0,SE
9.84,99.0,SE
1.79,67.0,cv
3.58,75.0,cv
1.79,76.0,SE
4.92,58.0,SE
8.94,48.0,SE
13.86,42.0,SE
17.88,37.0,SE
22.8,39.0,SE
26.82,76.0,SE
29.95,53.0,SE
31.74,44.0,SE
34.87,38.0,SE
36.66,39.0,SE
39.79,40.0,SE
42.92,47.0,SE
44.71,38.0,SE
0.89,53.0,cv
1.78,53.0,cv
2.23,49.0,cv
2.68,62.0,cv
3.57,59.0,cv
4.46,68.0,cv
5.35,70.0,cv
7.14,56.0,cv
8.93,37.0,cv
1.79,63.0,SE
4.92,51.0,SE
8.05,124.0,SE
12.97,79.0,SE
16.99,101.0,SE
21.01,85.0,SE
24.14,108.0,SE
27.27,65.0,SE
31.29,74.0,SE
34.42,80.0,SE
37.55,79.0,SE
41.57,83.0,SE
44.7,66.0,SE
46.49,71.0,SE
0.89,79.0,cv
1.79,97.0,SE
3.58,98.0,SE
0.89,107.0,cv
1.78,114.0,cv
1.79,119.0,SE
4.92,112.0,SE
6.71,121.0,SE
8.5,126.0,SE
10.29,132.0,SE
0.89,124.0,cv
1.79,117.0,SE
3.58,119.0,SE
7.6,96.0,SE
7.15,150.0,SE
11.17,154.0,SE
16.09,162.0,SE
21.01,150.0,SE
26.82,104.0,SE
32.63,90.0,SE
37.55,73.0,SE
43.36,83.0,SE
48.28,87.0,SE
53.2,86.0,SE
57.22,72.0,SE
63.03,68.0,SE
67.95,54.0,SE
72.87,32.0,SE
77.79,29.0,SE
4.02,29.0,cv
1.79,37.0,SE
4.92,46.0,SE
8.94,56.0,SE
12.07,58.0,SE
15.2,61.0,SE
19.22,66.0,SE
23.24,67.0,SE
27.26,70.0,SE
30.39,73.0,SE
33.52,73.0,SE
35.31,101.0,SE
4.92,102.0,NW
1.79,101.0,cv
5.81,79.0,NW
17.88,49.0,NW
29.06,36.0,NW
42.02,44.0,NW
55.88,29.0,NW
67.06,22.0,NW
78.24,57.0,NW
88.07,34.0,NW
95.22,22.0,NW
105.05,22.0,NW
4.02,13.0,NE
0.89,27.0,cv
0.89,25.0,SE
0.89,16.0,cv
1.79,21.0,SE
0.89,22.0,cv
1.79,20.0,SE
4.92,23.0,SE
4.02,29.0,NW
4.02,57.0,SE
8.94,27.0,SE
14.75,40.0,SE
19.67,34.0,SE
25.48,27.0,SE
30.4,62.0,SE
37.55,74.0,SE
45.6,57.0,SE
54.54,41.0,SE
62.59,42.0,SE
67.51,41.0,SE
74.66,43.0,SE
78.68,118.0,SE
82.7,107.0,SE
84.49,86.0,SE
87.62,79.0,SE
90.75,76.0,SE
94.77,75.0,SE
96.56,80.0,SE
99.69,87.0,SE
102.82,71.0,SE
0.89,72.0,cv
0.89,85.0,NE
2.68,92.0,NE
1.79,99.0,SE
3.58,101.0,SE
4.02,99.0,NE
1.79,101.0,SE
3.58,105.0,SE
6.71,101.0,SE
10.73,104.0,SE
13.86,105.0,SE
0.89,106.0,cv
1.79,118.0,SE
3.58,109.0,SE
4.47,124.0,SE
6.26,144.0,SE
10.28,153.0,SE
13.41,129.0,SE
15.2,112.0,SE
0.89,65.0,cv
1.78,61.0,cv
2.67,53.0,cv
3.56,61.0,cv
4.45,62.0,cv
4.9,69.0,cv
0.89,77.0,NE
0.45,85.0,cv
1.34,89.0,cv
1.79,98.0,SE
3.58,98.0,SE
7.6,79.0,SE
11.62,86.0,SE
17.43,83.0,SE
22.35,79.0,SE
27.27,65.0,SE
31.29,57.0,SE
35.31,48.0,SE
40.23,40.0,SE
44.25,39.0,SE
48.27,29.0,SE
50.06,36.0,SE
51.85,35.0,SE
52.74,38.0,SE
53.63,38.0,SE
0.89,29.0,NE
1.78,54.0,NE
0.89,59.0,NW
2.68,70.0,NW
0.89,93.0,cv
1.79,94.0,NW
3.58,50.0,NW
1.79,51.0,NE
0.89,55.0,cv
1.78,45.0,cv
1.79,61.0,SE
1.79,71.0,cv
1.79,77.0,SE
4.92,81.0,SE
8.94,104.0,SE
12.07,123.0,SE
15.2,149.0,SE
16.99,97.0,SE
18.78,89.0,SE
20.57,91.0,SE
1.79,103.0,NE
0.89,132.0,cv
0.89,148.0,NE
0.89,164.0,cv
0.89,205.0,NE
1.78,215.0,NE
3.57,233.0,NE
5.36,249.0,NE
0.89,233.0,cv
3.13,231.0,NW
6.26,201.0,NW
3.13,173.0,NE
6.26,131.0,NE
11.18,90.0,NE
16.99,59.0,NE
21.01,39.0,NE
22.8,43.0,NE
25.93,58.0,NE
4.02,89.0,SE
7.15,146.0,SE
8.94,76.0,SE
0.89,56.0,cv
1.78,54.0,cv
4.02,47.0,NW
1.79,46.0,NE
0.89,29.0,cv
1.78,35.0,cv
0.89,35.0,SE
0.89,37.0,NE
0.89,42.0,cv
0.89,55.0,NE
1.78,69.0,NE
0.89,74.0,cv
0.89,59.0,NW
4.02,44.0,NW
7.15,32.0,NW
0.89,34.0,cv
1.78,43.0,cv
1.79,53.0,SE
1.79,65.0,cv
3.13,77.0,SE
7.15,82.0,SE
11.17,76.0,SE
14.3,83.0,SE
19.22,86.0,SE
23.24,77.0,SE
25.03,72.0,SE
28.16,76.0,SE
32.18,77.0,SE
35.31,66.0,SE
38.44,67.0,SE
40.23,86.0,SE
0.89,103.0,cv
1.78,108.0,cv
2.67,120.0,cv
3.56,118.0,cv
4.45,120.0,cv
1.79,129.0,NE
0.89,115.0,cv
1.79,109.0,SE
3.58,101.0,SE
5.37,114.0,SE
1.79,108.0,cv
1.79,117.0,SE
4.92,133.0,SE
8.05,140.0,SE
12.07,143.0,SE
16.09,131.0,SE
20.11,124.0,SE
25.03,80.0,SE
29.05,76.0,SE
33.97,73.0,SE
37.1,67.0,SE
41.12,57.0,SE
44.25,50.0,SE
46.04,47.0,SE
1.79,56.0,NE
0.89,60.0,NW
0.89,66.0,cv
3.13,68.0,NW
4.02,67.0,NW
0.45,64.0,cv
1.79,55.0,NW
3.58,63.0,NW
0.89,60.0,cv
1.79,65.0,NE
1.79,66.0,SE
1.79,72.0,cv
2.68,71.0,cv
1.79,75.0,SE
1.79,80.0,cv
3.58,86.0,cv
1.79,86.0,NW
0.89,91.0,cv
3.13,100.0,NW
6.26,100.0,NW
1.79,111.0,SE
5.81,89.0,SE
10.73,94.0,SE
13.86,92.0,SE
15.65,94.0,SE
18.78,89.0,SE
21.91,92.0,SE
23.7,100.0,SE
0.89,95.0,cv
1.78,101.0,cv
1.79,99.0,NW
1.79,117.0,cv
3.13,122.0,NW
7.15,120.0,NW
10.28,65.0,NW
12.07,59.0,NW
15.65,59.0,NW
4.02,64.0,SE
8.94,61.0,SE
13.86,55.0,SE
17.88,44.0,SE
21.01,48.0,SE
22.8,64.0,SE
25.93,88.0,SE
4.92,102.0,NW
10.73,113.0,NW
16.54,67.0,NW
23.69,40.0,NW
30.84,18.0,NW
36.65,13.0,NW
45.59,9.0,NW
53.64,13.0,NW
59.45,13.0,NW
65.26,10.0,NW
71.07,13.0,NW
76.88,13.0,NW
84.93,12.0,NW
89.85,9.0,NW
93.87,15.0,NW
99.68,25.0,NW
105.49,17.0,NW
111.3,17.0,NW
120.24,22.0,NW
128.29,17.0,NW
135.44,18.0,NW
4.92,23.0,SE
12.07,25.0,SE
16.99,32.0,SE
22.8,34.0,SE
27.72,42.0,SE
0.89,40.0,cv
1.78,49.0,cv
2.23,49.0,cv
3.12,51.0,cv
3.57,80.0,cv
4.02,91.0,cv
0.89,79.0,NW
0.89,63.0,cv
1.78,60.0,cv
2.67,54.0,cv
1.79,54.0,SE
1.79,47.0,cv
3.13,66.0,SE
8.94,71.0,SE
14.75,65.0,SE
22.8,37.0,SE
31.74,42.0,SE
40.68,44.0,SE
48.73,52.0,SE
55.88,62.0,SE
63.03,65.0,SE
71.08,63.0,SE
79.13,70.0,SE
84.94,59.0,SE
90.75,52.0,SE
95.67,46.0,SE
98.8,44.0,SE
100.59,50.0,SE
102.38,62.0,SE
0.89,73.0,cv
1.79,83.0,SE
4.92,87.0,SE
8.05,89.0,SE
11.18,86.0,SE
14.31,117.0,SE
18.33,96.0,SE
22.35,105.0,SE
26.37,98.0,SE
31.29,97.0,SE
35.31,104.0,SE
41.12,101.0,SE
46.04,105.0,SE
51.85,113.0,SE
55.87,101.0,SE
59.89,108.0,SE
0.89,110.0,cv
4.02,110.0,SE
0.89,109.0,cv
1.79,105.0,SE
3.58,121.0,SE
0.89,141.0,cv
0.89,130.0,NE
1.78,146.0,NE
0.89,151.0,cv
1.34,143.0,cv
3.13,133.0,NW
3.13,124.0,NE
4.92,93.0,NE
6.71,53.0,NE
1.79,26.0,cv
1.79,26.0,SE
4.92,36.0,SE
1.79,27.0,cv
3.13,23.0,SE
4.92,23.0,SE
0.89,22.0,cv
4.02,24.0,SE
8.04,60.0,SE
12.96,55.0,SE
16.09,54.0,SE
17.88,41.0,SE
0.45,48.0,cv
1.79,56.0,SE
3.58,60.0,SE
0.89,64.0,cv
1.79,71.0,SE
2.68,96.0,SE
0.89,121.0,cv
3.13,168.0,SE
7.15,215.0,SE
10.28,220.0,SE
12.07,210.0,SE
13.86,217.0,SE
16.99,229.0,SE
20.12,231.0,SE
23.25,244.0,SE
26.38,216.0,SE
29.51,186.0,SE
33.53,137.0,SE
36.66,130.0,SE
38.45,138.0,SE
40.24,135.0,SE
44.26,127.0,SE
47.39,111.0,SE
49.18,122.0,SE
0.89,136.0,cv
1.78,153.0,cv
0.89,160.0,SE
0.45,168.0,cv
1.34,169.0,cv
1.79,170.0,NW
3.58,182.0,NW
6.71,189.0,NW
0.89,186.0,cv
3.13,170.0,NE
6.26,152.0,NE
9.39,141.0,NE
1.79,127.0,cv
3.13,89.0,NE
3.13,65.0,SE
6.26,53.0,SE
1.79,54.0,cv
3.13,123.0,SE
6.26,70.0,SE
10.28,115.0,SE
13.41,96.0,SE
0.89,94.0,cv
1.78,103.0,cv
2.67,150.0,cv
0.89,171.0,NE
1.79,166.0,SE
3.58,164.0,SE
5.37,152.0,SE
11.18,152.0,SE
16.1,174.0,SE
21.02,203.0,SE
25.04,179.0,SE
29.06,203.0,SE
32.19,167.0,SE
33.98,149.0,SE
38.0,147.0,SE
41.13,137.0,SE
42.92,125.0,SE
4.92,124.0,NE
4.02,143.0,NW
1.79,113.0,NE
6.71,96.0,NE
1.79,86.0,SE
0.89,71.0,cv
3.13,77.0,NW
1.79,86.0,NE
3.58,103.0,NE
1.79,101.0,NW
4.92,89.0,NW
8.05,76.0,NW
0.89,78.0,cv
1.78,74.0,cv
1.79,69.0,NW
0.89,77.0,cv
3.13,78.0,SE
0.89,93.0,cv
1.78,109.0,cv
1.79,114.0,SE
3.58,132.0,SE
5.37,140.0,SE
7.16,142.0,SE
8.95,161.0,SE
12.08,178.0,SE
16.1,184.0,SE
17.89,182.0,SE
19.68,180.0,SE
21.47,190.0,SE
0.89,207.0,cv
1.79,225.0,SE
3.58,196.0,SE
0.89,192.0,cv
1.78,178.0,cv
1.79,173.0,SE
0.89,175.0,cv
0.89,163.0,SE
0.89,164.0,cv
1.79,165.0,SE
3.58,176.0,SE
6.71,166.0,SE
7.6,164.0,SE
8.49,134.0,SE
11.62,104.0,SE
13.41,99.0,SE
0.89,106.0,cv
1.79,129.0,SE
0.89,141.0,cv
0.89,158.0,SE
0.89,165.0,cv
1.79,140.0,SE
0.89,148.0,cv
1.78,173.0,cv
1.79,207.0,NW
4.92,200.0,NW
8.05,166.0,NW
9.84,162.0,NW
12.97,158.0,NW
14.76,156.0,NW
17.89,146.0,NW
1.79,159.0,NE
0.89,157.0,NW
0.89,165.0,cv
1.34,145.0,cv
1.79,148.0,SE
3.58,100.0,SE
6.71,94.0,SE
11.63,103.0,SE
0.89,117.0,cv
3.13,122.0,SE
4.92,129.0,SE
0.89,136.0,cv
1.78,136.0,cv
3.13,138.0,SE
4.92,150.0,SE
0.89,161.0,cv
1.79,162.0,NE
2.68,141.0,NE
1.79,134.0,NW
3.58,137.0,NW
5.37,140.0,NW
0.89,142.0,cv
1.78,137.0,cv
0.89,139.0,NW
2.68,139.0,NW
4.47,138.0,NW
0.89,139.0,cv
1.78,135.0,cv
0.89,134.0,NW
0.89,139.0,cv
1.78,140.0,cv
2.23,147.0,cv
1.79,161.0,SE
0.89,191.0,cv
1.79,212.0,SE
3.58,220.0,SE
5.37,221.0,SE
7.16,206.0,SE
0.89,189.0,cv
1.78,187.0,cv
2.67,187.0,cv
1.79,191.0,NW
4.92,191.0,NW
6.71,196.0,NW
9.84,194.0,NW
0.89,184.0,cv
0.89,182.0,SE
0.89,172.0,NE
3.13,169.0,NW
0.45,169.0,cv
1.79,146.0,NW
0.89,142.0,cv
1.78,130.0,cv
2.23,153.0,cv
1.79,110.0,NW
3.58,21.0,NW
9.39,14.0,NW
17.44,13.0,NW
23.25,36.0,NW
29.06,14.0,NW
34.87,15.0,NW
39.79,16.0,NW
43.81,18.0,NW
49.62,16.0,NW
53.64,12.0,NW
58.56,17.0,NW
61.69,16.0,NW
65.71,22.0,NW
69.73,24.0,NW
0.89,27.0,cv
1.78,29.0,cv
2.67,33.0,cv
3.56,33.0,cv
4.45,32.0,cv
0.89,28.0,SE
0.89,31.0,cv
0.89,28.0,NE
0.89,38.0,cv
1.78,44.0,cv
2.67,45.0,cv
1.79,47.0,NW
1.79,48.0,NE
1.79,27.0,cv
2.68,29.0,cv
4.47,25.0,cv
5.36,22.0,cv
6.25,18.0,cv
4.02,16.0,SE
5.81,18.0,SE
8.94,21.0,SE
12.07,35.0,SE
15.2,33.0,SE
16.99,34.0,SE
18.78,41.0,SE
20.57,40.0,SE
22.36,40.0,SE
0.89,37.0,cv
1.78,42.0,cv
1.79,48.0,NE
1.79,51.0,SE
0.89,62.0,cv
1.34,64.0,cv
1.79,87.0,cv
3.13,86.0,NW
3.13,75.0,NE
3.13,70.0,SE
6.26,69.0,SE
9.39,81.0,SE
13.41,96.0,SE
18.33,107.0,SE
22.35,86.0,SE
25.48,98.0,SE
3.13,67.0,cv
3.13,20.0,NW
4.02,27.0,SE
8.04,41.0,SE
12.96,72.0,SE
16.09,55.0,SE
1.79,24.0,NE
3.13,22.0,SE
0.89,24.0,cv
1.79,24.0,NW
0.45,30.0,cv
1.34,33.0,cv
2.23,47.0,cv
0.89,61.0,NE
0.89,76.0,cv
1.79,59.0,SE
0.89,55.0,cv
4.02,50.0,cv
3.13,55.0,SE
7.15,65.0,SE
10.28,60.0,SE
13.41,65.0,SE
17.43,72.0,SE
20.56,83.0,SE
24.58,87.0,SE
27.71,83.0,SE
30.84,90.0,SE
32.63,101.0,SE
35.76,113.0,SE
38.89,101.0,SE
39.78,104.0,SE
41.57,93.0,SE
0.89,98.0,cv
1.79,110.0,NW
0.89,108.0,NE
0.89,111.0,cv
1.78,106.0,cv
1.79,109.0,NW
1.79,111.0,NE
4.92,112.0,NE
1.79,112.0,cv
3.13,110.0,SE
4.92,121.0,SE
8.05,125.0,SE
11.18,130.0,SE
15.2,134.0,SE
20.12,124.0,SE
25.93,109.0,SE
29.95,78.0,SE
33.08,90.0,SE
34.87,103.0,SE
0.89,103.0,cv
3.13,122.0,SE
7.15,97.0,SE
11.17,75.0,SE
14.3,80.0,SE
16.09,81.0,SE
17.88,70.0,SE
21.01,77.0,SE
24.14,80.0,SE
27.27,82.0,SE
30.4,83.0,SE
33.53,91.0,SE
37.55,94.0,SE
40.68,105.0,SE
43.81,115.0,SE
46.94,130.0,SE
50.07,143.0,SE
54.09,132.0,SE
59.01,119.0,SE
63.93,111.0,SE
68.85,127.0,SE
73.77,126.0,SE
76.9,132.0,SE
80.03,127.0,SE
84.95,131.0,SE
88.97,117.0,SE
92.99,115.0,SE
94.78,105.0,SE
97.91,103.0,SE
1.79,107.0,NE
3.58,101.0,NE
3.13,100.0,SE
0.89,69.0,cv
1.79,70.0,SE
0.89,69.0,cv
3.13,78.0,SE
6.26,93.0,SE
8.05,95.0,SE
9.84,108.0,SE
11.63,123.0,SE
0.89,129.0,cv
1.79,132.0,SE
1.79,141.0,cv
1.79,151.0,SE
3.58,144.0,SE
6.71,140.0,SE
8.5,148.0,SE
10.29,168.0,SE
12.08,197.0,SE
15.21,203.0,SE
17.0,157.0,SE
18.79,146.0,SE
0.89,148.0,cv
1.78,138.0,cv
0.89,147.0,NE
1.79,133.0,SE
3.58,131.0,SE
5.37,138.0,SE
9.39,140.0,SE
11.18,154.0,SE
15.2,152.0,SE
16.99,160.0,SE
18.78,165.0,SE
20.57,181.0,SE
22.36,196.0,SE
3.13,200.0,NW
1.79,201.0,NE
3.58,200.0,NE
3.13,198.0,NW
6.26,199.0,NW
8.05,205.0,NW
11.18,199.0,NW
14.31,209.0,NW
17.44,199.0,NW
3.13,190.0,NE
8.05,189.0,NE
12.97,163.0,NE
16.99,101.0,NE
21.01,50.0,NE
25.03,41.0,NE
29.05,43.0,NE
1.79,25.0,NW
4.92,17.0,NW
6.71,14.0,NW
4.02,16.0,NE
8.04,20.0,NE
11.17,8.0,NE
12.96,14.0,NE
0.89,18.0,cv
1.79,16.0,SE
3.58,17.0,SE
3.13,29.0,cv
3.13,39.0,SE
6.26,40.0,SE
9.39,41.0,SE
12.52,46.0,SE
16.54,55.0,SE
19.67,57.0,SE
22.8,52.0,SE
25.93,52.0,SE
0.89,49.0,cv
1.78,54.0,cv
0.89,62.0,SE
0.89,55.0,NE
1.79,68.0,NW
0.89,66.0,SE
0.89,67.0,NE
0.89,80.0,cv
1.78,74.0,cv
2.67,64.0,cv
3.13,23.0,SE
7.15,31.0,SE
12.07,28.0,SE
16.99,48.0,SE
22.8,37.0,SE
28.61,39.0,SE
33.53,33.0,SE
38.45,35.0,SE
42.47,40.0,SE
46.49,45.0,SE
48.28,51.0,SE
1.79,62.0,NE
1.79,66.0,SE
4.92,75.0,SE
6.71,86.0,SE
0.89,76.0,cv
1.78,70.0,cv
0.89,69.0,NE
0.89,78.0,SE
0.89,86.0,cv
1.34,85.0,cv
1.79,89.0,NW
4.92,94.0,NW
6.71,67.0,NW
9.84,47.0,NW
0.89,34.0,cv
4.02,21.0,cv
5.81,22.0,cv
1.79,18.0,NE
3.13,20.0,SE
1.79,16.0,NW
1.79,16.0,SE
3.58,21.0,SE
4.47,36.0,SE
7.6,44.0,SE
3.13,48.0,cv
1.79,56.0,SE
0.89,59.0,cv
1.79,64.0,SE
1.79,58.0,NE
1.79,95.0,SE
0.89,108.0,NE
0.89,105.0,cv
1.79,128.0,NW
3.58,124.0,NW
5.37,95.0,NW
6.26,41.0,NW
1.79,37.0,NE
4.92,39.0,NE
12.96,38.0,NE
1.79,30.0,SE
3.58,34.0,SE
6.71,51.0,SE
9.84,68.0,SE
11.63,118.0,SE
14.76,77.0,SE
0.89,212.0,cv
1.79,188.0,SE
4.92,146.0,SE
0.89,129.0,cv
0.89,102.0,NE
1.79,123.0,SE
0.89,132.0,cv
1.79,155.0,SE
0.89,165.0,NE
0.89,154.0,cv
1.34,69.0,cv
1.79,58.0,NW
3.58,88.0,NW
0.89,122.0,cv
3.13,105.0,NW
3.13,84.0,SE
6.26,52.0,SE
9.39,32.0,SE
15.2,30.0,SE
22.35,46.0,SE
28.16,67.0,SE
33.08,67.0,SE
37.1,67.0,SE
42.02,70.0,SE
46.94,48.0,SE
50.96,29.0,SE
52.75,28.0,SE
54.54,29.0,SE
56.33,42.0,SE
58.12,37.0,SE
59.91,42.0,SE
1.79,45.0,NE
1.79,47.0,SE
3.58,61.0,SE
0.89,79.0,cv
1.78,98.0,cv
1.79,108.0,NE
1.79,85.0,NW
4.92,70.0,NW
8.05,63.0,NW
3.13,54.0,NE
7.15,40.0,NE
10.28,45.0,NE
13.41,56.0,NE
15.2,69.0,NE
0.89,69.0,SE
2.68,59.0,SE
3.57,57.0,SE
6.7,54.0,SE
8.49,45.0,SE
10.28,44.0,SE
0.89,51.0,cv
0.89,57.0,SE
1.78,85.0,SE
2.67,91.0,SE
3.56,90.0,SE
4.45,94.0,SE
0.89,103.0,NE
0.45,103.0,cv
1.79,113.0,NW
3.58,87.0,NW
1.79,61.0,NE
0.89,55.0,cv
1.78,40.0,cv
3.13,33.0,NW
1.79,39.0,cv
4.92,33.0,cv
3.13,32.0,SE
6.26,40.0,SE
9.39,59.0,SE
12.52,65.0,SE
16.54,67.0,SE
20.56,60.0,SE
24.58,60.0,SE
28.6,68.0,SE
30.39,86.0,SE
33.52,88.0,SE
36.65,75.0,SE
38.44,46.0,SE
41.57,50.0,SE
0.89,57.0,cv
1.79,67.0,SE
4.92,66.0,SE
6.71,176.0,SE
9.84,248.0,SE
0.89,194.0,cv
4.02,153.0,SE
7.15,143.0,SE
11.17,147.0,SE
14.3,148.0,SE
18.32,125.0,SE
22.34,126.0,SE
25.47,110.0,SE
30.39,120.0,SE
34.41,122.0,SE
37.54,122.0,SE
5.81,120.0,NW
3.13,45.0,SE
0.89,45.0,cv
1.79,58.0,NE
0.89,48.0,cv
1.78,50.0,cv
2.67,52.0,cv
1.79,58.0,NW
1.79,64.0,SE
1.79,73.0,NE
0.89,82.0,cv
0.89,103.0,NE
0.89,120.0,cv
1.78,127.0,cv
1.79,150.0,NE
3.58,168.0,NE
1.79,161.0,SE
0.89,103.0,cv
1.78,113.0,cv
3.13,128.0,SE
4.92,139.0,SE
6.71,162.0,SE
8.5,183.0,SE
5.81,189.0,NW
4.02,166.0,SE
5.81,172.0,SE
7.6,159.0,SE
9.39,164.0,SE
11.18,171.0,SE
0.89,171.0,cv
1.78,166.0,cv
1.79,158.0,NE
0.89,161.0,cv
1.78,178.0,cv
2.67,186.0,cv
3.56,188.0,cv
4.45,186.0,cv
1.79,189.0,SE
3.58,187.0,SE
6.71,177.0,SE
8.5,172.0,SE
11.63,167.0,SE
14.76,147.0,SE
18.78,111.0,SE
24.59,87.0,SE
29.51,87.0,SE
33.53,86.0,SE
35.32,94.0,SE
38.45,101.0,SE
43.37,119.0,SE
47.39,137.0,SE
3.13,254.0,NE
0.89,277.0,SE
1.79,184.0,NE
4.02,111.0,NW
0.89,93.0,cv
0.89,62.0,SE
5.81,58.0,NW
0.89,64.0,cv
3.13,89.0,NW
6.26,165.0,NW
8.05,183.0,NW
11.18,145.0,NW
14.31,54.0,NW
3.13,40.0,NE
3.13,29.0,SE
1.79,26.0,cv
4.92,29.0,cv
1.79,42.0,SE
3.13,50.0,NE
3.13,56.0,SE
4.92,88.0,SE
0.89,96.0,cv
1.79,103.0,SE
3.58,124.0,SE
0.89,150.0,NE
3.13,184.0,SE
6.26,248.0,SE
10.28,339.0,SE
0.89,342.0,cv
0.89,292.0,NE
1.79,277.0,SE
4.92,265.0,SE
8.94,257.0,SE
13.86,240.0,SE
17.88,243.0,SE
21.01,229.0,SE
24.14,247.0,SE
27.27,230.0,SE
30.4,242.0,SE
34.42,297.0,SE
37.55,369.0,SE
41.57,428.0,SE
44.7,432.0,SE
46.49,441.0,SE
0.89,466.0,cv
3.13,448.0,SE
0.89,406.0,cv
1.79,267.0,NW
1.79,37.0,cv
3.13,25.0,SE
0.89,34.0,cv
1.79,52.0,NE
1.79,68.0,SE
0.45,68.0,cv
0.9,72.0,cv
1.79,70.0,SE
0.89,63.0,cv
1.79,65.0,SE
3.58,63.0,SE
1.79,85.0,NE
3.58,103.0,NE
3.13,105.0,SE
6.26,113.0,SE
0.89,126.0,cv
1.79,122.0,NE
3.13,133.0,NW
4.92,122.0,NW
1.79,120.0,NE
3.58,125.0,NE
0.89,137.0,cv
1.78,146.0,cv
1.79,164.0,NW
0.89,164.0,cv
1.79,186.0,NW
0.89,183.0,cv
0.89,185.0,NW
0.89,189.0,SE
0.89,189.0,cv
1.78,194.0,cv
0.89,194.0,SE
4.02,190.0,SE
5.81,236.0,SE
7.6,250.0,SE
10.73,270.0,SE
14.75,244.0,SE
17.88,178.0,SE
19.67,167.0,SE
22.8,156.0,SE
26.82,151.0,SE
28.61,155.0,SE
0.89,145.0,cv
1.79,149.0,SE
4.92,146.0,SE
1.79,176.0,NE
3.13,215.0,SE
0.89,101.0,cv
1.78,112.0,cv
2.67,155.0,cv
3.56,144.0,cv
3.13,141.0,SE
0.89,156.0,cv
0.89,147.0,NE
0.45,154.0,cv
1.34,153.0,cv
1.79,152.0,SE
0.89,144.0,cv
3.13,147.0,SE
4.92,143.0,SE
0.89,150.0,cv
0.89,160.0,NE
1.79,172.0,NW
1.79,183.0,SE
4.92,195.0,SE
1.79,191.0,NE
3.58,193.0,NE
3.13,199.0,SE
3.13,156.0,NE
1.79,104.0,SE
3.58,95.0,SE
5.37,69.0,SE
3.13,50.0,NE
4.92,41.0,NW
10.73,32.0,NW
16.54,19.0,NW
19.67,18.0,NW
23.69,14.0,NW
25.48,11.0,NW
28.61,13.0,NW
32.63,18.0,NW
34.42,15.0,NW
37.55,15.0,NW
43.36,16.0,NW
48.28,11.0,NW
55.43,13.0,NW
62.58,15.0,NW
69.73,9.0,NW
75.54,13.0,NW
81.35,14.0,NW
88.5,13.0,NW
5.81,18.0,SE
9.83,19.0,SE
15.64,24.0,SE
21.45,27.0,SE
27.26,23.0,SE
32.18,25.0,SE
35.31,24.0,SE
1.79,31.0,NW
0.89,30.0,cv
1.79,29.0,NE
2.68,37.0,NE
3.57,43.0,NE
1.79,50.0,NW
3.58,56.0,NW
1.79,44.0,NE
4.02,31.0,NW
4.02,30.0,NE
8.04,14.0,NE
5.81,16.0,NW
8.94,25.0,NW
13.86,26.0,NW
17.88,24.0,NW
21.9,23.0,NW
25.92,14.0,NW
29.94,17.0,NW
31.73,20.0,NW
0.89,31.0,cv
1.79,30.0,NW
4.92,47.0,NW
0.89,51.0,cv
3.13,45.0,NW
1.79,69.0,NE
0.89,49.0,NW
4.02,27.0,NW
5.81,27.0,NW
8.94,35.0,NW
12.07,33.0,NW
15.2,19.0,NW
19.22,24.0,NW
25.03,21.0,NW
4.02,18.0,NE
7.15,19.0,NE
3.13,26.0,NW
1.79,17.0,cv
1.79,14.0,NE
3.58,13.0,NE
1.79,17.0,NW
13.86,25.0,NW
17.88,45.0,NW
4.02,29.0,NE
3.13,30.0,NW
7.15,24.0,NW
1.79,28.0,NE
0.45,38.0,cv
1.79,32.0,NW
4.92,25.0,NW
8.94,18.0,NW
12.07,21.0,NW
16.09,24.0,NW
20.11,19.0,NW
21.9,25.0,NW
23.69,26.0,NW
27.71,23.0,NW
30.84,24.0,NW
33.97,25.0,NW
4.02,17.0,NE
1.79,9.0,cv
3.13,12.0,NW
3.13,14.0,NE
3.13,22.0,SE
6.26,20.0,SE
8.05,19.0,SE
11.18,24.0,SE
15.2,24.0,SE
16.99,25.0,SE
18.78,30.0,SE
21.91,35.0,SE
25.04,35.0,SE
28.17,39.0,SE
31.3,38.0,SE
33.09,32.0,SE
34.88,37.0,SE
0.89,60.0,cv
1.79,66.0,SE
3.58,74.0,SE
5.37,93.0,SE
0.89,117.0,cv
1.79,119.0,SE
1.79,112.0,cv
3.13,57.0,SE
8.94,48.0,SE
13.86,44.0,SE
18.78,42.0,SE
23.7,43.0,SE
28.62,45.0,SE
33.54,45.0,SE
37.56,64.0,SE
41.58,60.0,SE
46.5,65.0,SE
51.42,64.0,SE
55.44,77.0,SE
4.92,26.0,NW
4.92,35.0,SE
5.81,37.0,NW
8.94,47.0,NW
0.89,42.0,cv
1.79,38.0,NE
0.89,49.0,cv
0.89,60.0,SE
0.45,51.0,cv
3.13,53.0,NW
1.79,56.0,NE
0.89,66.0,cv
3.13,72.0,SE
7.15,66.0,SE
10.28,65.0,SE
13.41,75.0,SE
17.43,97.0,SE
21.45,100.0,SE
25.47,120.0,SE
29.49,129.0,SE
31.28,130.0,SE
32.17,142.0,SE
33.06,147.0,SE
34.85,164.0,SE
37.98,195.0,SE
5.81,216.0,NW
1.79,70.0,SE
0.89,79.0,cv
1.78,64.0,cv
1.79,61.0,SE
0.89,56.0,cv
1.78,69.0,cv
1.79,71.0,SE
0.89,73.0,cv
1.79,79.0,NE
1.79,80.0,NW
1.79,79.0,SE
0.89,80.0,cv
1.78,80.0,cv
1.79,85.0,SE
4.92,86.0,SE
8.05,80.0,SE
9.84,91.0,SE
12.97,104.0,SE
16.1,111.0,SE
0.89,129.0,cv
0.89,133.0,SE
0.89,140.0,cv
0.89,141.0,SE
1.79,150.0,NW
0.89,152.0,cv
1.79,164.0,NE
3.58,160.0,NE
0.89,143.0,NW
2.68,139.0,NW
0.89,135.0,cv
1.34,140.0,cv
3.13,145.0,NE
6.26,124.0,NE
3.13,57.0,NW
6.26,59.0,NW
1.79,63.0,NE
2.68,59.0,NE
1.79,50.0,NW
1.79,46.0,NE
0.89,35.0,cv
1.78,34.0,cv
0.89,32.0,NE
0.89,32.0,cv
1.78,40.0,cv
2.67,46.0,cv
3.56,55.0,cv
1.79,50.0,NW
0.89,39.0,cv
1.34,46.0,cv
1.79,46.0,NW
4.92,51.0,NW
6.71,49.0,NW
9.84,41.0,NW
11.63,34.0,NW
14.76,30.0,NW
17.89,36.0,NW
21.02,34.0,NW
0.89,34.0,cv
1.79,37.0,NW
4.92,38.0,NW
8.05,41.0,NW
11.18,44.0,NW
15.2,28.0,NW
20.12,30.0,NW
24.14,28.0,NW
28.16,28.0,NW
32.18,25.0,NW
33.97,35.0,NW
37.99,41.0,NW
39.78,36.0,NW
41.57,40.0,NW
43.36,32.0,NW
45.15,36.0,NW
46.94,32.0,NW
48.73,33.0,NW
50.52,31.0,NW
51.41,30.0,NW
52.3,33.0,NW
55.43,34.0,NW
57.22,34.0,NW
60.35,29.0,NW
62.14,46.0,NW
63.93,36.0,NW
1.79,43.0,cv
1.79,41.0,NW
1.79,44.0,cv
3.13,45.0,NW
1.79,42.0,cv
3.58,38.0,cv
1.79,42.0,SE
0.89,53.0,cv
1.79,46.0,SE
4.92,50.0,SE
8.05,53.0,SE
11.18,57.0,SE
12.97,62.0,SE
13.86,65.0,SE
1.79,64.0,NE
0.89,74.0,SE
0.89,74.0,NE
0.89,71.0,NW
2.68,71.0,NW
0.89,71.0,cv
1.79,65.0,NW
1.79,71.0,cv
1.79,70.0,NE
1.79,58.0,cv
4.92,54.0,cv
1.79,52.0,SE
1.79,68.0,cv
3.13,67.0,SE
8.94,53.0,SE
13.86,44.0,SE
17.88,51.0,SE
22.8,50.0,SE
25.93,64.0,SE
27.72,115.0,SE
29.51,125.0,SE
31.3,128.0,SE
34.43,120.0,SE
37.56,120.0,SE
38.45,128.0,SE
0.89,123.0,cv
0.89,112.0,SE
0.89,121.0,cv
0.89,128.0,SE
2.68,136.0,SE
0.89,130.0,cv
1.79,135.0,SE
0.89,128.0,cv
3.13,108.0,SE
4.92,92.0,SE
6.71,96.0,SE
8.5,93.0,SE
10.29,80.0,SE
13.42,67.0,SE
16.55,59.0,SE
19.68,68.0,SE
22.81,98.0,SE
25.94,82.0,SE
29.96,116.0,SE
33.09,140.0,SE
36.22,131.0,SE
38.01,94.0,SE
41.14,94.0,SE
44.27,92.0,SE
47.4,101.0,SE
50.53,99.0,SE
52.32,113.0,SE
54.11,136.0,SE
55.9,162.0,SE
57.69,127.0,SE
59.48,93.0,SE
61.27,83.0,SE
0.89,71.0,cv
1.79,73.0,SE
3.58,80.0,SE
1.79,75.0,cv
1.79,67.0,SE
3.58,76.0,SE
6.71,68.0,SE
10.73,64.0,SE
14.75,85.0,SE
3.13,67.0,cv
3.13,59.0,SE
6.26,66.0,SE
0.89,71.0,cv
0.89,78.0,NE
1.79,70.0,SE
4.92,75.0,SE
8.05,77.0,SE
0.89,84.0,cv
1.79,68.0,SE
4.92,53.0,SE
9.84,96.0,SE
13.86,71.0,SE
17.88,48.0,SE
22.8,38.0,SE
28.61,53.0,SE
32.63,66.0,SE
35.76,65.0,SE
38.89,71.0,SE
42.02,59.0,SE
45.15,53.0,SE
4.02,50.0,NW
5.81,45.0,NW
0.89,59.0,cv
1.79,58.0,SE
3.58,70.0,SE
5.37,61.0,SE
7.16,54.0,SE
0.89,56.0,cv
1.78,60.0,cv
0.89,64.0,NE
1.79,66.0,NW
4.92,57.0,NW
9.84,33.0,NW
3.13,16.0,NE
3.13,15.0,NW
7.15,11.0,NW
12.96,12.0,NW
18.77,12.0,NW
24.58,9.0,NW
30.39,11.0,NW
36.2,11.0,NW
41.12,10.0,NW
44.25,8.0,NW
1.79,16.0,SE
1.79,16.0,NE
1.79,16.0,SE
3.58,18.0,SE
4.47,31.0,SE
6.26,34.0,SE
0.89,36.0,cv
1.79,39.0,SE
0.89,38.0,cv
1.78,32.0,cv
2.67,49.0,cv
0.89,59.0,NE
0.89,68.0,cv
1.79,50.0,NW
4.92,43.0,NW
1.79,42.0,NE
0.89,47.0,cv
1.78,52.0,cv
1.79,55.0,SE
0.89,60.0,cv
2.68,58.0,cv
4.92,57.0,SE
12.07,35.0,SE
15.2,33.0,SE
18.33,34.0,SE
21.46,35.0,SE
25.48,33.0,SE
29.5,54.0,SE
32.63,79.0,SE
36.65,49.0,SE
40.67,53.0,SE
44.69,72.0,SE
46.48,100.0,SE
49.61,128.0,SE
51.4,135.0,SE
53.19,149.0,SE
0.89,157.0,cv
1.78,150.0,cv
3.13,145.0,SE
6.26,154.0,SE
8.05,163.0,SE
11.18,167.0,SE
15.2,169.0,SE
19.22,175.0,SE
23.24,161.0,SE
27.26,163.0,SE
31.28,173.0,SE
35.3,137.0,SE
39.32,137.0,SE
42.45,122.0,SE
44.24,108.0,SE
46.03,91.0,SE
47.82,99.0,SE
0.89,77.0,cv
1.78,86.0,cv
3.13,93.0,SE
0.89,107.0,cv
1.78,126.0,cv
2.67,141.0,cv
3.56,146.0,cv
4.45,160.0,cv
5.34,165.0,cv
6.23,165.0,cv
8.02,166.0,cv
1.79,150.0,NW
0.89,134.0,cv
1.79,120.0,SE
4.92,116.0,SE
0.89,95.0,cv
2.68,109.0,cv
1.79,118.0,SE
4.92,111.0,SE
8.05,98.0,SE
12.97,94.0,SE
16.99,103.0,SE
18.78,97.0,SE
21.91,111.0,SE
0.89,105.0,cv
1.78,110.0,cv
0.89,119.0,SE
0.89,127.0,NE
1.78,136.0,NE
0.89,170.0,cv
1.78,170.0,cv
2.67,168.0,cv
0.89,166.0,NW
2.68,161.0,NW
0.89,152.0,cv
1.79,116.0,NE
0.89,86.0,cv
3.13,31.0,NE
1.79,30.0,cv
1.79,14.0,SE
1.79,16.0,NE
1.79,15.0,cv
2.68,15.0,cv
1.79,17.0,SE
0.89,56.0,cv
3.13,96.0,SE
4.92,137.0,SE
0.89,139.0,cv
1.79,128.0,SE
4.92,112.0,SE
8.05,109.0,SE
9.84,93.0,SE
12.97,87.0,SE
16.1,74.0,SE
0.89,65.0,cv
1.78,65.0,cv
1.79,83.0,SE
0.89,86.0,NE
0.89,85.0,cv
1.78,77.0,cv
2.67,80.0,cv
1.79,90.0,SE
1.79,94.0,cv
3.13,91.0,SE
3.13,65.0,cv
4.02,75.0,SE
8.94,66.0,SE
12.96,66.0,SE
16.09,56.0,SE
17.88,48.0,SE
19.67,42.0,SE
20.56,50.0,SE
21.45,48.0,SE
22.34,54.0,SE
23.23,61.0,SE
26.36,73.0,SE
27.25,84.0,SE
28.14,92.0,SE
29.93,92.0,SE
0.89,104.0,cv
1.79,118.0,SE
3.58,124.0,SE
5.37,116.0,SE
0.89,99.0,cv
1.79,96.0,SE
20.57,75.0,SE
22.36,96.0,SE
24.15,117.0,SE
25.94,122.0,SE
0.89,124.0,cv
1.79,107.0,SE
0.89,102.0,cv
1.78,70.0,cv
2.67,71.0,cv
0.89,80.0,SE
4.02,83.0,SE
8.04,59.0,SE
9.83,49.0,SE
12.96,53.0,SE
16.98,59.0,SE
1.79,44.0,cv
4.92,27.0,SE
4.02,23.0,NW
3.13,18.0,cv
3.13,22.0,SE
3.13,24.0,cv
3.13,28.0,SE
7.15,26.0,SE
12.07,31.0,SE
16.99,31.0,SE
21.91,33.0,SE
25.93,41.0,SE
29.95,40.0,SE
33.08,46.0,SE
34.87,46.0,SE
36.66,48.0,SE
38.45,58.0,SE
0.89,64.0,cv
0.89,70.0,NE
0.89,75.0,NW
1.78,72.0,NW
3.57,80.0,NW
7.59,79.0,NW
11.61,72.0,NW
13.4,62.0,NW
0.89,51.0,cv
1.78,28.0,cv
2.67,17.0,cv
4.92,12.0,NW
10.73,13.0,NW
15.65,12.0,NW
21.46,15.0,NW
28.61,14.0,NW
34.42,17.0,NW
38.44,18.0,NW
42.46,17.0,NW
44.25,17.0,NW
0.89,29.0,cv
1.79,40.0,NW
0.89,48.0,cv
1.78,38.0,cv
1.79,26.0,NE
3.13,36.0,NW
7.15,30.0,NW
10.28,18.0,NW
12.07,23.0,NW
16.09,18.0,NW
20.11,17.0,NW
23.24,18.0,NW
27.26,17.0,NW
4.02,24.0,NE
1.79,19.0,cv
1.79,22.0,SE
1.79,17.0,cv
4.02,20.0,SE
7.15,30.0,SE
12.07,32.0,SE
16.09,30.0,SE
21.01,48.0,SE
25.03,74.0,SE
29.05,66.0,SE
33.97,69.0,SE
35.76,53.0,SE
38.89,49.0,SE
40.68,43.0,SE
42.47,42.0,SE
45.6,40.0,SE
48.73,32.0,SE
50.52,41.0,SE
0.89,40.0,cv
0.89,41.0,NE
2.68,55.0,NE
0.89,55.0,cv
1.78,54.0,cv
3.13,53.0,SE
6.26,56.0,SE
8.05,59.0,SE
0.89,46.0,cv
4.92,56.0,NW
8.94,71.0,NW
12.96,69.0,NW
16.09,56.0,NW
17.88,56.0,NW
21.9,62.0,NW
23.69,66.0,NW
0.89,62.0,cv
1.79,71.0,NW
0.89,71.0,cv
1.79,74.0,NE
2.68,85.0,NE
3.13,76.0,SE
0.89,80.0,cv
1.79,83.0,NE
0.89,89.0,NW
2.68,87.0,NW
4.47,90.0,NW
0.89,88.0,cv
1.78,80.0,cv
2.67,87.0,cv
1.79,88.0,NW
3.58,94.0,NW
4.47,103.0,NW
0.89,104.0,cv
0.89,118.0,SE
2.68,119.0,SE
4.47,112.0,SE
0.89,128.0,cv
1.78,149.0,cv
2.67,145.0,cv
3.56,164.0,cv
1.79,156.0,SE
0.89,179.0,cv
0.89,171.0,NE
0.45,178.0,cv
3.13,138.0,NW
0.89,141.0,cv
3.13,131.0,NW
6.26,103.0,NW
9.39,89.0,NW
12.52,93.0,NW
1.79,62.0,NE
0.89,48.0,cv
1.79,32.0,NE
1.79,32.0,SE
3.13,23.0,NW
6.26,20.0,NW
4.02,28.0,SE
4.02,20.0,NW
7.15,22.0,NW
10.28,31.0,NW
4.92,25.0,SE
8.94,26.0,SE
12.07,27.0,SE
16.09,30.0,SE
17.88,33.0,SE
0.89,33.0,cv
1.79,36.0,SE
1.79,38.0,NE
3.58,49.0,NE
0.89,91.0,cv
1.78,79.0,cv
2.67,72.0,cv
3.56,69.0,cv
0.89,70.0,SE
0.89,74.0,cv
1.78,76.0,cv
0.89,81.0,SE
4.91,87.0,SE
4.02,78.0,NW
3.13,69.0,SE
4.92,84.0,SE
0.89,55.0,cv
1.78,54.0,cv
0.89,53.0,SE
2.68,40.0,SE
4.47,50.0,SE
6.26,60.0,SE
10.28,59.0,SE
12.07,70.0,SE
13.86,98.0,SE
14.75,106.0,SE
0.89,99.0,cv
1.79,96.0,SE
0.89,115.0,cv
1.79,77.0,NE
0.45,125.0,cv
0.89,128.0,SE
0.89,135.0,NE
1.79,139.0,SE
3.58,142.0,SE
0.89,132.0,cv
1.78,104.0,cv
1.79,114.0,SE
3.58,128.0,SE
3.13,96.0,cv
3.13,69.0,SE
6.26,65.0,SE
11.18,55.0,SE
15.2,51.0,SE
19.22,74.0,SE
22.35,99.0,SE
24.14,99.0,SE
25.93,82.0,SE
27.72,96.0,SE
8.94,76.0,NW
10.73,18.0,NW
4.02,19.0,NE
4.02,22.0,NW
7.15,20.0,NW
10.28,20.0,NW
0.45,25.0,cv
0.89,29.0,SE
2.68,40.0,SE
4.47,34.0,SE
1.79,34.0,cv
1.79,42.0,SE
3.58,35.0,SE
6.71,47.0,SE
9.84,54.0,SE
13.86,67.0,SE
16.99,69.0,SE
20.12,81.0,SE
23.25,88.0,SE
0.89,106.0,cv
9.83,85.0,NW
15.64,31.0,NW
3.13,24.0,SE
7.15,33.0,SE
1.79,36.0,NW
4.92,36.0,NW
1.79,31.0,NE
0.45,31.0,cv
0.89,38.0,NW
0.89,42.0,cv
3.13,37.0,NW
1.79,34.0,NE
1.79,39.0,NW
4.92,42.0,NW
6.71,41.0,NW
0.89,39.0,cv
4.02,42.0,SE
5.81,45.0,SE
0.89,39.0,cv
3.13,46.0,SE
6.26,42.0,SE
0.89,45.0,cv
1.79,56.0,NE
3.58,62.0,NE
0.89,59.0,SE
0.45,55.0,cv
1.34,68.0,cv
1.79,73.0,cv
2.68,76.0,cv
3.57,80.0,cv
4.46,84.0,cv
1.79,90.0,NW
0.89,79.0,cv
1.79,69.0,NW
0.45,63.0,cv
4.02,61.0,NW
7.15,55.0,NW
8.94,65.0,NW
0.89,68.0,cv
1.78,74.0,cv
2.67,72.0,cv
3.56,70.0,cv
1.79,81.0,SE
3.58,88.0,SE
6.71,89.0,SE
9.84,107.0,SE
7.15,102.0,NW
3.13,48.0,NE
4.02,47.0,SE
4.02,36.0,NW
3.13,38.0,NE
3.13,61.0,NW
1.79,32.0,SE
3.13,32.0,NW
0.89,26.0,cv
4.02,19.0,NW
1.79,25.0,SE
0.89,38.0,cv
4.92,27.0,NW
6.71,18.0,NW
1.79,21.0,NE
1.79,26.0,NW
1.79,25.0,SE
1.79,25.0,cv
3.13,28.0,SE
4.92,32.0,SE
6.71,28.0,SE
10.73,28.0,SE
15.65,27.0,SE
20.57,30.0,SE
25.49,29.0,SE
29.51,37.0,SE
32.64,55.0,SE
35.77,62.0,SE
36.66,57.0,SE
39.79,63.0,SE
42.92,76.0,SE
0.89,75.0,cv
1.79,84.0,SE
1.79,90.0,NE
0.89,86.0,cv
1.78,100.0,cv
2.67,103.0,cv
0.89,109.0,NW
0.89,110.0,cv
1.79,107.0,NE
3.13,63.0,SE
4.92,66.0,SE
6.71,58.0,SE
8.5,76.0,SE
10.29,80.0,SE
13.42,75.0,SE
16.55,62.0,SE
20.57,96.0,SE
24.59,122.0,SE
28.61,169.0,SE
5.81,144.0,NW
10.73,21.0,NW
3.13,21.0,SE
6.26,28.0,SE
0.89,31.0,cv
1.79,38.0,NE
1.79,42.0,SE
1.79,48.0,NE
1.79,54.0,NW
2.68,62.0,NW
4.47,50.0,NW
6.26,55.0,NW
8.05,46.0,NW
9.84,39.0,NW
1.79,35.0,cv
3.58,35.0,cv
1.79,35.0,SE
0.89,41.0,cv
1.78,41.0,cv
1.79,46.0,SE
3.58,54.0,SE
6.71,57.0,SE
9.84,55.0,SE
12.97,43.0,SE
14.76,34.0,SE
16.55,40.0,SE
17.44,39.0,SE
0.89,46.0,NE
2.68,55.0,NE
1.79,69.0,SE
3.58,71.0,SE
5.37,80.0,SE
0.89,86.0,cv
1.79,90.0,NE
3.58,94.0,NE
0.89,116.0,cv
1.78,124.0,cv
2.67,130.0,cv
3.56,139.0,cv
1.79,127.0,NE
1.79,130.0,SE
0.89,143.0,cv
1.79,138.0,SE
4.92,130.0,SE
8.94,128.0,SE
12.07,122.0,SE
15.2,128.0,SE
18.33,147.0,SE
21.46,154.0,SE
23.25,168.0,SE
0.89,169.0,cv
3.13,177.0,SE
5.81,151.0,NE
4.02,36.0,NW
9.83,40.0,NW
3.13,33.0,SE
0.89,37.0,cv
3.13,48.0,NW
0.89,43.0,cv
1.78,45.0,cv
0.89,43.0,SE
3.13,39.0,NW
6.26,37.0,NW
1.79,43.0,NE
4.02,34.0,NW
8.04,24.0,NW
11.17,27.0,NW
19.22,26.0,NW
26.37,19.0,NW
30.39,18.0,NW
35.31,23.0,NW
39.33,23.0,NW
42.46,32.0,NW
45.59,23.0,NW
48.72,23.0,NW
51.85,16.0,NW
53.64,21.0,NW
55.43,18.0,NW
1.79,20.0,NE
1.79,20.0,NW
2.68,17.0,NW
4.47,19.0,NW
0.89,21.0,cv
1.78,22.0,cv
1.79,29.0,NW
1.79,41.0,NE
0.89,33.0,cv
2.68,27.0,cv
3.13,35.0,NW
7.15,36.0,NW
3.13,37.0,SE
4.92,31.0,SE
8.94,34.0,SE
13.86,30.0,SE
18.78,31.0,SE
22.8,50.0,SE
0.89,59.0,cv
4.92,58.0,NW
1.79,27.0,SE
4.92,50.0,NW
8.05,30.0,NW
12.07,31.0,NW
15.2,26.0,NW
16.99,24.0,NW
20.12,31.0,NW
24.14,23.0,NW
25.93,29.0,NW
29.06,26.0,NW
30.85,28.0,NW
33.98,22.0,NW
1.79,29.0,NE
1.79,28.0,NW
3.13,32.0,cv
1.79,38.0,SE
4.92,42.0,SE
1.79,36.0,cv
3.13,40.0,SE
8.05,36.0,SE
12.07,41.0,SE
16.09,43.0,SE
17.88,49.0,SE
18.77,60.0,SE
20.56,65.0,SE
22.35,56.0,SE
1.79,61.0,NE
2.68,96.0,NE
0.89,101.0,NW
2.68,101.0,NW
4.47,62.0,NW
6.26,54.0,NW
0.89,42.0,cv
1.78,45.0,cv
4.02,39.0,NW
0.89,46.0,cv
1.78,62.0,cv
2.67,104.0,cv
1.79,115.0,SE
3.58,117.0,SE
1.79,113.0,cv
4.02,128.0,SE
8.04,132.0,SE
12.06,116.0,SE
15.19,93.0,SE
16.98,100.0,SE
18.77,111.0,SE
0.89,109.0,cv
1.79,93.0,SE
3.58,80.0,SE
0.89,74.0,cv
1.79,70.0,SE
3.58,80.0,SE
6.71,106.0,SE
8.5,141.0,SE
0.89,172.0,cv
1.79,178.0,SE
3.58,203.0,SE
5.37,208.0,SE
4.02,175.0,NW
1.79,180.0,SE
4.92,194.0,SE
8.05,161.0,SE
11.18,176.0,SE
15.2,167.0,SE
19.22,143.0,SE
22.35,127.0,SE
0.89,55.0,cv
4.92,47.0,NW
8.94,58.0,NW
3.13,62.0,SE
3.13,57.0,NW
1.79,58.0,SE
3.58,60.0,SE
7.6,57.0,SE
10.73,61.0,SE
13.86,67.0,SE
16.99,56.0,SE
18.78,48.0,SE
20.57,42.0,SE
22.36,38.0,SE
24.15,42.0,SE
25.94,51.0,SE
29.07,50.0,SE
32.2,48.0,SE
35.33,56.0,SE
38.46,47.0,SE
41.59,50.0,SE
45.61,53.0,SE
49.63,47.0,SE
52.76,51.0,SE
55.89,49.0,SE
59.91,53.0,SE
63.04,50.0,SE
66.17,57.0,SE
0.89,63.0,cv
1.79,64.0,SE
2.68,77.0,SE
3.57,82.0,SE
5.36,87.0,SE
7.15,90.0,SE
10.28,82.0,SE
12.07,69.0,SE
12.96,63.0,SE
14.75,73.0,SE
16.54,77.0,SE
0.89,78.0,cv
1.78,76.0,cv
2.67,69.0,cv
3.56,64.0,cv
4.45,76.0,cv
1.79,77.0,SE
3.58,78.0,SE
6.71,78.0,SE
10.73,88.0,SE
14.75,89.0,SE
17.88,96.0,SE
21.01,95.0,SE
21.9,92.0,SE
1.79,95.0,NE
3.13,96.0,SE
11.18,36.0,SE
3.13,49.0,NE
6.26,73.0,NE
0.89,51.0,cv
1.78,41.0,cv
3.13,45.0,SE
1.79,54.0,NW
0.89,65.0,SE
0.89,53.0,NE
1.79,29.0,SE
0.89,42.0,cv
1.79,66.0,SE
3.58,65.0,SE
5.37,58.0,SE
7.16,58.0,SE
11.18,49.0,SE
15.2,59.0,SE
20.12,69.0,SE
24.14,80.0,SE
27.27,87.0,SE
30.4,80.0,SE
33.53,84.0,SE
36.66,88.0,SE
39.79,77.0,SE
41.58,69.0,SE
43.37,57.0,SE
45.16,61.0,SE
46.95,66.0,SE
48.74,72.0,SE
50.53,70.0,SE
0.89,78.0,cv
1.79,79.0,SE
0.89,79.0,cv
1.78,77.0,cv
2.67,76.0,cv
3.56,86.0,cv
1.79,91.0,SE
3.58,90.0,SE
5.37,94.0,SE
8.5,101.0,SE
11.63,105.0,SE
14.76,109.0,SE
17.89,115.0,SE
19.68,139.0,SE
21.47,142.0,SE
23.26,151.0,SE
25.05,164.0,SE
26.84,160.0,SE
28.63,160.0,SE
31.76,179.0,SE
37.57,55.0,SE
40.7,60.0,SE
42.49,65.0,SE
0.89,61.0,cv
1.79,60.0,SE
0.89,57.0,cv
1.78,68.0,cv
1.79,75.0,SE
3.58,83.0,SE
0.89,96.0,cv
1.78,111.0,cv
2.67,98.0,cv
1.79,102.0,NE
0.89,117.0,cv
3.13,127.0,NE
1.79,136.0,SE
0.89,140.0,cv
1.78,154.0,cv
1.79,143.0,NW
0.89,145.0,NE
0.89,148.0,cv
1.78,154.0,cv
2.67,150.0,cv
3.56,155.0,cv
1.79,157.0,NW
0.89,145.0,NE
0.45,113.0,cv
1.79,40.0,NW
6.71,24.0,NW
11.63,26.0,NW
18.78,21.0,NW
24.59,24.0,NW
31.74,25.0,NW
39.79,32.0,NW
47.84,39.0,NW
55.89,42.0,NW
61.7,29.0,NW
69.75,29.0,NW
77.8,27.0,NW
86.74,24.0,NW
94.79,20.0,NW
101.94,18.0,NW
107.75,18.0,NW
112.67,17.0,NW
116.69,13.0,NW
1.79,17.0,NE
1.79,17.0,NW
0.89,16.0,cv
3.13,9.0,NW
1.79,13.0,NE
3.13,9.0,NW
1.79,15.0,NE
0.45,18.0,cv
1.79,13.0,NW
5.81,11.0,NW
4.02,10.0,NE
8.04,16.0,NE
3.13,13.0,NW
6.26,11.0,NW
1.79,12.0,NE
1.79,12.0,NW
3.13,10.0,NE
1.79,16.0,cv
3.13,15.0,SE
4.92,18.0,SE
0.89,22.0,cv
4.02,20.0,SE
7.15,27.0,SE
3.13,21.0,cv
4.02,26.0,cv
1.79,27.0,NW
6.71,44.0,NW
9.84,39.0,NW
12.97,36.0,NW
16.99,29.0,NW
20.12,22.0,NW
0.89,20.0,cv
1.78,18.0,cv
1.79,19.0,NW
1.79,17.0,NE
3.13,21.0,NW
4.92,17.0,NW
0.89,19.0,cv
2.68,14.0,cv
3.57,17.0,cv
1.79,8.0,SE
0.89,12.0,cv
1.79,17.0,SE
3.58,25.0,SE
6.71,36.0,SE
0.89,27.0,cv
1.79,33.0,SE
3.58,40.0,SE
4.47,48.0,SE
6.26,41.0,SE
8.05,57.0,SE
9.84,70.0,SE
0.45,69.0,cv
3.13,76.0,SE
4.92,92.0,SE
1.79,116.0,NE
0.89,122.0,cv
1.79,120.0,SE
3.58,118.0,SE
5.37,108.0,SE
7.16,98.0,SE
10.29,91.0,SE
13.42,92.0,SE
4.02,70.0,NW
7.15,63.0,NW
3.13,66.0,NE
4.02,75.0,NW
8.04,104.0,NW
3.13,105.0,NE
4.92,109.0,NW
6.71,110.0,NW
1.79,123.0,NE
0.89,115.0,cv
0.89,118.0,cv
1.78,117.0,cv
1.79,111.0,NE
0.89,113.0,cv
0.89,120.0,NE
1.79,118.0,NW
0.89,140.0,cv
1.78,117.0,cv
2.67,118.0,cv
3.56,121.0,cv
1.79,109.0,SE
4.92,112.0,SE
8.05,101.0,SE
11.18,95.0,SE
14.31,85.0,SE
18.33,69.0,SE
21.46,61.0,SE
24.59,72.0,SE
26.38,74.0,SE
28.17,73.0,SE
29.96,90.0,SE
31.75,93.0,SE
32.64,90.0,SE
33.53,106.0,SE
35.32,97.0,SE
0.89,98.0,NE
0.89,116.0,NW
0.89,144.0,NE
3.13,143.0,NW
0.89,140.0,cv
3.13,117.0,NW
6.26,108.0,NW
0.89,119.0,cv
1.79,115.0,NW
1.79,115.0,NE
3.58,123.0,NE
1.79,127.0,SE
4.92,139.0,SE
6.71,128.0,SE
0.89,105.0,cv
1.79,117.0,NW
0.89,123.0,cv
1.79,141.0,NE
0.45,121.0,cv
1.79,110.0,NW
2.68,116.0,NW
4.47,148.0,NW
7.6,150.0,NW
10.73,114.0,NW
14.75,89.0,NW
18.77,72.0,NW
21.9,97.0,NW
25.03,77.0,NW
26.82,77.0,NW
30.84,68.0,NW
32.63,59.0,NW
1.79,35.0,NE
5.81,26.0,NE
7.6,5.0,NE
9.39,12.0,NE
11.18,15.0,NE
1.79,18.0,SE
0.89,18.0,cv
1.78,19.0,cv
2.67,23.0,cv
3.56,36.0,cv
4.01,43.0,cv
0.89,39.0,SE
2.68,44.0,SE
1.79,73.0,NE
0.89,85.0,cv
1.79,81.0,NW
3.58,64.0,NW
5.37,54.0,NW
8.5,38.0,NW
11.63,27.0,NW
14.76,31.0,NW
17.89,31.0,NW
21.02,22.0,NW
24.15,22.0,NW
1.79,20.0,cv
3.13,22.0,NW
3.13,11.0,NE
6.26,11.0,NE
3.13,11.0,SE
4.92,18.0,SE
6.71,17.0,SE
8.5,39.0,SE
10.29,50.0,SE
12.08,47.0,SE
0.89,49.0,cv
1.78,52.0,cv
1.79,70.0,NE
3.58,95.0,NE
1.79,101.0,NW
3.58,59.0,NW
5.37,54.0,NW
7.16,47.0,NW
8.95,28.0,NW
10.74,31.0,NW
0.89,26.0,cv
1.79,29.0,NW
0.89,27.0,cv
1.78,29.0,cv
1.79,27.0,SE
3.58,33.0,SE
5.37,31.0,SE
9.39,44.0,SE
15.2,38.0,SE
21.01,37.0,SE
25.03,42.0,SE
29.05,37.0,SE
33.07,45.0,SE
36.2,41.0,SE
0.89,50.0,cv
1.78,49.0,cv
2.67,51.0,cv
1.79,53.0,NE
0.89,62.0,cv
3.13,65.0,NW
0.89,74.0,NE
3.13,74.0,NW
7.15,57.0,NW
10.28,50.0,NW
4.02,50.0,NE
7.15,37.0,NE
11.17,23.0,NE
14.3,16.0,NE
3.13,13.0,SE
4.92,16.0,SE
8.94,30.0,SE
12.96,30.0,SE
17.88,38.0,SE
21.9,75.0,SE
26.82,121.0,SE
31.74,98.0,SE
36.66,84.0,SE
41.58,71.0,SE
46.5,55.0,SE
49.63,50.0,SE
51.42,59.0,SE
54.55,57.0,SE
57.68,51.0,SE
60.81,47.0,SE
63.94,51.0,SE
67.07,51.0,SE
70.2,51.0,SE
71.99,56.0,SE
73.78,57.0,SE
76.91,59.0,SE
80.04,60.0,SE
83.17,62.0,SE
86.3,65.0,SE
1.79,60.0,NE
3.58,65.0,NE
1.79,67.0,SE
5.81,61.0,SE
9.83,54.0,SE
12.96,50.0,SE
16.09,48.0,SE
21.01,46.0,SE
25.03,55.0,SE
29.05,44.0,SE
32.18,38.0,SE
36.2,33.0,SE
40.22,37.0,SE
45.14,39.0,SE
48.27,40.0,SE
52.29,49.0,SE
54.08,57.0,SE
55.87,54.0,SE
1.79,60.0,cv
2.68,68.0,cv
0.89,69.0,NE
0.89,75.0,cv
1.79,84.0,SE
0.89,103.0,cv
1.78,94.0,cv
2.67,81.0,cv
3.56,75.0,cv
4.45,85.0,cv
5.34,74.0,cv
6.23,75.0,cv
7.12,72.0,cv
1.79,85.0,SE
0.89,101.0,cv
1.78,112.0,cv
2.67,116.0,cv
0.89,124.0,NE
0.89,124.0,cv
1.78,113.0,cv
1.79,118.0,NW
0.89,106.0,cv
3.13,73.0,NW
8.05,16.0,NW
16.99,20.0,NW
25.93,14.0,NW
35.76,16.0,NW
43.81,12.0,NW
53.64,9.0,NW
65.71,11.0,NW
77.78,9.0,NW
88.96,10.0,NW
98.79,9.0,NW
109.97,7.0,NW
119.8,10.0,NW
127.85,8.0,NW
135.9,12.0,NW
141.71,15.0,NW
146.63,12.0,NW
149.76,16.0,NW
5.81,14.0,NE
11.62,14.0,NE
16.54,8.0,NE
21.46,10.0,NE
3.13,10.0,NW
4.92,9.0,NW
6.71,6.0,NW
9.84,10.0,NW
12.97,13.0,NW
14.76,13.0,NW
18.78,16.0,NW
22.8,13.0,NW
27.72,10.0,NW
31.74,9.0,NW
0.89,10.0,cv
3.13,13.0,SE
4.92,18.0,SE
6.71,34.0,SE
8.5,36.0,SE
13.42,33.0,SE
0.89,31.0,cv
0.89,34.0,NE
1.79,49.0,NW
2.68,35.0,NW
4.47,43.0,NW
6.26,39.0,NW
8.05,30.0,NW
9.84,18.0,NW
11.63,21.0,NW
15.65,25.0,NW
4.02,27.0,NE
3.13,19.0,NW
6.26,13.0,NW
9.39,12.0,NW
0.89,10.0,cv
1.79,10.0,NW
1.79,14.0,cv
3.13,15.0,NW
1.79,18.0,SE
2.68,21.0,SE
0.89,16.0,cv
1.79,24.0,SE
0.89,17.0,NE
3.13,22.0,SE
8.94,38.0,SE
12.96,55.0,SE
0.89,76.0,cv
1.78,73.0,cv
1.79,55.0,NE
0.89,39.0,cv
3.13,37.0,NW
6.26,40.0,NW
8.05,42.0,NW
3.13,39.0,NE
6.26,35.0,NE
9.39,33.0,NE
11.18,31.0,NE
1.79,35.0,cv
1.79,33.0,SE
1.79,30.0,cv
1.79,42.0,SE
0.89,45.0,cv
3.13,49.0,SE
6.26,55.0,SE
8.05,64.0,SE
3.13,66.0,NE
0.89,69.0,NW
4.02,65.0,SE
1.79,55.0,NE
0.89,71.0,cv
3.13,84.0,NW
0.89,89.0,cv
0.89,29.0,NW
0.45,33.0,cv
0.9,33.0,cv
1.79,41.0,NW
0.89,47.0,cv
1.78,43.0,cv
2.67,44.0,cv
1.79,45.0,NW
1.79,49.0,cv
1.79,43.0,NE
1.79,47.0,cv
1.79,57.0,SE
3.58,55.0,SE
5.37,65.0,SE
8.5,74.0,SE
10.29,74.0,SE
12.08,76.0,SE
12.97,82.0,SE
14.76,89.0,SE
16.55,87.0,SE
17.44,80.0,SE
19.23,82.0,SE
0.89,95.0,cv
0.89,102.0,NE
0.45,96.0,cv
0.89,122.0,NE
0.89,132.0,cv
1.78,112.0,cv
3.13,99.0,NW
1.79,79.0,NE
0.89,66.0,cv
1.78,66.0,cv
3.57,76.0,cv
4.46,80.0,cv
1.79,89.0,SE
1.79,93.0,cv
3.58,98.0,cv
3.13,109.0,SE
4.92,109.0,SE
6.71,115.0,SE
8.5,124.0,SE
9.39,119.0,SE
12.52,101.0,SE
15.65,103.0,SE
17.44,123.0,SE
19.23,133.0,SE
21.02,135.0,SE
22.81,144.0,SE
23.7,160.0,SE
5.81,149.0,NW
3.13,38.0,SE
4.92,38.0,SE
1.79,50.0,NE
0.89,58.0,cv
0.89,62.0,SE
0.89,58.0,cv
1.79,67.0,SE
4.92,77.0,SE
1.79,85.0,cv
3.58,74.0,cv
1.79,72.0,SE
4.92,68.0,SE
6.71,68.0,SE
7.6,70.0,SE
8.49,65.0,SE
0.45,81.0,cv
1.34,90.0,cv
2.23,86.0,cv
4.92,67.0,NW
8.05,31.0,NW
12.07,19.0,NW
16.99,19.0,NW
20.12,21.0,NW
23.25,17.0,NW
27.27,14.0,NW
30.4,12.0,NW
34.42,13.0,NW
3.13,16.0,NE
3.13,15.0,NW
3.13,14.0,NE
7.15,11.0,NE
1.79,14.0,cv
3.58,13.0,cv
5.37,13.0,cv
3.13,14.0,SE
6.26,16.0,SE
11.18,20.0,SE
16.1,34.0,SE
21.02,48.0,SE
25.04,52.0,SE
28.17,57.0,SE
29.96,48.0,SE
0.89,60.0,cv
0.89,62.0,SE
0.89,61.0,cv
1.78,68.0,cv
2.67,67.0,cv
0.89,72.0,SE
0.45,65.0,cv
3.13,64.0,SE
3.13,55.0,NE
1.79,62.0,SE
3.58,66.0,SE
1.79,65.0,cv
2.68,70.0,cv
4.47,69.0,cv
6.26,68.0,cv
3.13,74.0,SE
7.15,64.0,SE
11.17,67.0,SE
15.19,73.0,SE
18.32,88.0,SE
20.11,103.0,SE
21.9,111.0,SE
23.69,117.0,SE
0.89,118.0,cv
1.78,128.0,cv
1.79,132.0,SE
0.89,140.0,cv
1.78,142.0,cv
2.23,142.0,cv
2.68,124.0,cv
3.13,131.0,cv
0.89,113.0,NW
4.02,118.0,NW
7.15,101.0,NW
10.28,101.0,NW
13.41,92.0,NW
3.13,70.0,NE
6.26,39.0,NE
10.28,27.0,NE
1.79,25.0,cv
1.79,20.0,NE
1.79,26.0,SE
3.58,24.0,SE
5.37,29.0,SE
0.89,31.0,cv
1.79,51.0,SE
2.68,79.0,SE
0.89,90.0,cv
0.89,123.0,SE
0.89,123.0,cv
1.78,126.0,cv
2.67,128.0,cv
3.56,95.0,cv
4.01,94.0,cv
1.79,47.0,NW
0.89,36.0,cv
0.89,33.0,NW
1.79,42.0,NE
0.89,50.0,cv
1.78,72.0,cv
2.67,225.0,cv
1.79,93.0,NE
3.58,103.0,NE
5.37,126.0,NE
0.89,125.0,cv
1.78,119.0,cv
3.57,138.0,cv
0.89,161.0,SE
2.68,190.0,SE
0.89,212.0,cv
0.89,159.0,NE
4.92,137.0,NW
0.89,46.0,cv
1.78,45.0,cv
1.79,53.0,SE
0.89,57.0,cv
1.79,59.0,SE
0.89,60.0,cv
1.79,66.0,SE
4.92,70.0,SE
0.89,98.0,cv
1.79,112.0,SE
3.58,114.0,SE
0.89,138.0,cv
1.79,113.0,SE
3.58,92.0,SE
8.5,75.0,SE
11.63,70.0,SE
14.76,69.0,SE
18.78,78.0,SE
21.91,80.0,SE
25.04,84.0,SE
26.83,89.0,SE
28.62,99.0,SE
30.41,103.0,SE
33.54,119.0,SE
35.33,106.0,SE
37.12,98.0,SE
38.01,104.0,SE
0.89,106.0,cv
1.79,107.0,SE
2.68,106.0,SE
0.45,114.0,cv
1.34,116.0,cv
2.23,124.0,cv
1.79,142.0,NW
4.92,102.0,NW
8.05,35.0,NW
11.18,9.0,NW
14.31,9.0,NW
19.23,15.0,NW
24.15,9.0,NW
29.07,11.0,NW
33.99,10.0,NW
38.01,12.0,NW
42.03,13.0,NW
0.45,17.0,cv
1.79,61.0,SE
3.58,68.0,SE
0.89,97.0,cv
1.79,110.0,NE
0.89,115.0,cv
1.78,98.0,cv
2.67,86.0,cv
1.79,50.0,NW
0.89,39.0,NE
2.68,24.0,NE
3.13,26.0,NW
6.26,35.0,NW
8.05,33.0,NW
9.84,36.0,NW
0.89,92.0,cv
1.78,92.0,cv
3.13,91.0,SE
4.92,90.0,SE
9.84,67.0,SE
14.76,70.0,SE
20.57,73.0,SE
25.49,72.0,SE
28.62,87.0,SE
31.75,113.0,SE
33.54,90.0,SE
35.33,80.0,SE
37.12,85.0,SE
38.01,98.0,SE
38.9,106.0,SE
40.69,109.0,SE
42.48,119.0,SE
44.27,127.0,SE
46.06,132.0,SE
1.79,132.0,NE
1.79,151.0,SE
0.89,164.0,cv
1.79,166.0,SE
3.58,159.0,SE
1.79,163.0,cv
3.58,153.0,cv
4.02,140.0,SE
8.94,126.0,SE
13.86,124.0,SE
16.99,149.0,SE
1.79,160.0,NW
5.81,191.0,NW
0.89,178.0,cv
1.79,183.0,SE
4.92,198.0,SE
6.71,204.0,SE
8.5,213.0,SE
16.55,132.0,SE
21.47,46.0,SE
0.89,86.0,NE
1.79,69.0,SE
3.58,60.0,SE
6.71,59.0,SE
8.5,54.0,SE
10.29,53.0,SE
13.42,50.0,SE
15.21,50.0,SE
21.92,80.0,SE
23.71,88.0,SE
25.5,104.0,SE
27.29,122.0,SE
29.08,134.0,SE
0.89,135.0,cv
1.79,166.0,SE
1.79,170.0,NE
0.89,186.0,cv
7.15,198.0,NW
4.02,126.0,SE
1.79,113.0,NW
3.13,134.0,SE
4.02,144.0,NW
0.45,151.0,cv
1.79,146.0,NE
3.58,116.0,NE
0.89,127.0,cv
1.79,121.0,NW
3.58,111.0,NW
5.37,107.0,NW
8.5,104.0,NW
10.29,92.0,NW
1.79,91.0,SE
1.79,83.0,NW
1.79,58.0,cv
7.15,39.0,NW
12.07,12.0,NW
17.88,12.0,NW
22.8,12.0,NW
25.93,12.0,NW
1.79,17.0,NE
3.58,32.0,NE
5.37,27.0,NE
6.26,37.0,NE
3.13,31.0,NW
4.92,66.0,NW
8.05,52.0,NW
11.18,17.0,NW
15.2,20.0,NW
3.13,19.0,NE
4.02,13.0,NW
8.04,16.0,NW
11.17,8.0,NW
4.02,10.0,NE
7.15,15.0,NE
11.17,10.0,NE
1.79,12.0,cv
2.68,16.0,cv
1.79,22.0,SE
0.89,29.0,cv
3.13,28.0,SE
4.92,26.0,SE
8.05,28.0,SE
11.18,29.0,SE
12.97,28.0,SE
14.76,32.0,SE
0.89,42.0,cv
1.79,45.0,SE
3.58,39.0,SE
5.37,40.0,SE
1.79,32.0,NE
0.89,26.0,cv
1.78,29.0,cv
2.67,35.0,cv
3.56,64.0,cv
0.89,60.0,NE
1.78,75.0,NE
0.89,88.0,cv
1.78,60.0,cv
2.67,62.0,cv
1.79,66.0,SE
0.89,62.0,cv
2.68,54.0,cv
4.02,58.0,SE
7.15,56.0,SE
10.28,37.0,SE
13.41,37.0,SE
15.2,46.0,SE
16.99,50.0,SE
18.78,57.0,SE
20.57,64.0,SE
0.89,70.0,cv
1.79,70.0,SE
0.89,113.0,cv
0.89,113.0,SE
0.45,130.0,cv
1.34,117.0,cv
0.89,117.0,NE
1.79,98.0,NW
3.58,90.0,NW
0.45,87.0,cv
1.79,85.0,NW
3.58,84.0,NW
6.71,84.0,NW
0.89,85.0,cv
1.78,94.0,cv
1.79,91.0,NW
3.13,97.0,NE
0.89,94.0,cv
1.78,93.0,cv
2.67,95.0,cv
1.79,93.0,SE
0.89,102.0,cv
1.79,108.0,SE
0.89,114.0,cv
1.78,179.0,cv
2.67,117.0,cv
3.56,116.0,cv
1.79,118.0,NW
3.58,121.0,NW
5.37,132.0,NW
6.26,128.0,NW
0.89,126.0,cv
1.79,113.0,NW
0.89,106.0,cv
1.78,98.0,cv
2.67,104.0,cv
1.79,110.0,NW
1.79,126.0,SE
4.92,151.0,SE
8.05,148.0,SE
9.84,139.0,SE
0.89,105.0,cv
3.13,106.0,SE
4.92,95.0,SE
1.79,90.0,NE
0.89,90.0,SE
0.89,110.0,NE
1.79,119.0,SE
4.92,121.0,SE
5.81,116.0,SE
7.6,106.0,SE
9.39,113.0,SE
10.28,113.0,SE
0.89,123.0,cv
1.79,118.0,SE
3.58,114.0,SE
0.45,131.0,cv
1.79,128.0,NW
3.58,128.0,NW
0.89,120.0,NE
1.79,125.0,NW
3.58,126.0,NW
0.89,124.0,cv
1.78,129.0,cv
1.79,108.0,SE
1.79,109.0,cv
3.13,103.0,SE
7.15,112.0,SE
11.17,124.0,SE
14.3,126.0,SE
17.43,121.0,SE
0.89,128.0,cv
1.78,129.0,cv
2.67,140.0,cv
0.89,138.0,SE
0.89,153.0,NE
3.13,156.0,NW
4.02,153.0,NW
7.15,147.0,NW
10.28,131.0,NW
14.3,114.0,NW
18.32,98.0,NW
21.45,87.0,NW
24.58,59.0,NW
4.92,38.0,NE
8.05,29.0,NE
5.81,15.0,NW
4.02,7.0,NE
7.15,12.0,NE
1.79,12.0,SE
3.58,12.0,SE
5.37,16.0,SE
6.26,16.0,SE
0.45,29.0,cv
0.89,49.0,SE
1.78,54.0,SE
3.57,75.0,SE
1.79,71.0,NE
0.89,94.0,SE
0.89,89.0,NE
0.89,77.0,cv
1.78,74.0,cv
0.89,75.0,NW
0.89,63.0,cv
1.79,53.0,NW
0.45,34.0,cv
1.79,42.0,NW
3.58,41.0,NW
0.89,39.0,cv
1.79,46.0,SE
1.79,51.0,cv
3.13,54.0,SE
6.26,56.0,SE
8.05,59.0,SE
12.07,63.0,SE
16.09,38.0,SE
17.88,37.0,SE
21.01,61.0,SE
25.93,83.0,SE
30.85,48.0,SE
34.87,36.0,SE
38.0,32.0,SE
0.89,35.0,cv
3.13,37.0,SE
4.92,43.0,SE
0.89,38.0,cv
1.78,42.0,cv
0.89,43.0,NE
0.89,62.0,cv
0.89,69.0,NW
1.79,67.0,SE
0.89,72.0,cv
1.78,93.0,cv
2.67,91.0,cv
1.79,85.0,NE
1.79,77.0,SE
0.89,96.0,cv
1.78,107.0,cv
1.79,101.0,SE
0.89,111.0,cv
0.89,111.0,SE
0.89,120.0,cv
0.89,137.0,SE
0.89,135.0,cv
0.89,134.0,NE
0.89,149.0,cv
0.89,152.0,NE
0.89,161.0,cv
1.78,162.0,cv
0.89,158.0,NW
2.68,137.0,NW
6.7,110.0,NW
14.75,69.0,NW
21.9,18.0,NW
27.71,14.0,NW
31.73,10.0,NW
36.65,6.0,NW
42.46,8.0,NW
48.27,9.0,NW
56.32,10.0,NW
62.13,13.0,NW
69.28,10.0,NW
75.09,13.0,NW
80.01,11.0,NW
81.8,10.0,NW
84.93,12.0,NW
0.89,17.0,cv
0.89,22.0,SE
1.79,23.0,NW
4.92,16.0,NW
8.94,44.0,NW
12.07,30.0,NW
13.86,23.0,NW
15.65,17.0,NW
0.89,10.0,NE
1.79,9.0,NW
4.92,11.0,NW
0.89,10.0,cv
4.02,11.0,NW
7.15,9.0,NW
11.17,11.0,NW
15.19,11.0,NW
18.32,11.0,NW
21.45,11.0,NW
24.58,10.0,NW
28.6,7.0,NW
31.73,7.0,NW
35.75,9.0,NW
38.88,11.0,NW
3.13,13.0,SE
0.89,17.0,cv
1.78,31.0,cv
3.13,36.0,NE
3.13,29.0,NW
4.92,25.0,NW
3.13,13.0,NE
1.79,10.0,NW
1.79,7.0,NE
0.89,8.0,cv
4.92,14.0,NW
8.05,19.0,NW
1.79,30.0,NE
0.89,27.0,SE
1.79,23.0,NE
0.89,20.0,cv
4.02,16.0,NW
7.15,11.0,NW
12.07,11.0,NW
16.99,10.0,NW
21.01,23.0,NW
4.92,9.0,SE
12.07,8.0,SE
17.88,11.0,SE
23.69,14.0,SE
28.61,19.0,SE
30.4,22.0,SE
0.89,22.0,cv
1.79,26.0,NE
3.58,28.0,NE
0.89,47.0,cv
1.79,62.0,NE
1.79,37.0,NW
3.58,36.0,NW
6.71,33.0,NW
9.84,28.0,NW
0.89,30.0,cv
1.78,27.0,cv
1.79,22.0,NW
1.79,20.0,SE
3.58,30.0,SE
6.71,55.0,SE
8.5,48.0,SE
1.79,55.0,cv
6.26,66.0,SE
9.39,64.0,SE
11.18,53.0,SE
12.97,47.0,SE
13.86,51.0,SE
0.89,69.0,cv
1.79,107.0,SE
3.58,114.0,SE
0.89,138.0,cv
1.78,187.0,cv
2.23,184.0,cv
0.89,146.0,NE
0.45,139.0,cv
1.34,143.0,cv
1.79,129.0,cv
0.89,126.0,NW
0.89,137.0,NE
1.79,113.0,SE
0.89,127.0,cv
1.79,148.0,NE
1.79,159.0,SE
3.58,161.0,SE
6.71,166.0,SE
9.84,202.0,SE
12.97,229.0,SE
14.76,229.0,SE
16.55,254.0,SE
17.44,259.0,SE
19.23,281.0,SE
21.02,292.0,SE
0.89,298.0,cv
1.78,266.0,cv
3.13,250.0,SE
4.92,211.0,SE
8.05,207.0,SE
0.89,209.0,cv
1.79,210.0,SE
3.58,217.0,SE
4.47,226.0,SE
0.89,232.0,cv
0.89,238.0,SE
0.89,253.0,cv
1.79,269.0,SE
3.58,272.0,SE
5.37,273.0,SE
8.5,265.0,SE
11.63,236.0,SE
1.79,213.0,cv
3.13,221.0,SE
4.92,234.0,SE
0.89,237.0,cv
1.78,246.0,cv
2.67,262.0,cv
3.56,274.0,cv
1.79,283.0,NE
0.89,272.0,cv
1.79,286.0,NE
0.89,289.0,NW
4.02,280.0,NW
5.81,286.0,NW
7.6,284.0,NW
9.39,259.0,NW
11.18,233.0,NW
12.07,226.0,NW
12.96,232.0,NW
14.75,228.0,NW
16.54,221.0,NW
19.67,211.0,NW
21.46,204.0,NW
24.59,207.0,NW
26.38,228.0,NW
29.51,222.0,NW
32.64,210.0,NW
35.77,212.0,NW
38.9,219.0,NW
0.89,213.0,cv
3.13,221.0,NW
4.92,208.0,NW
0.89,207.0,cv
1.78,208.0,cv
2.23,210.0,cv
3.12,210.0,cv
3.57,214.0,cv
4.46,221.0,cv
5.35,226.0,cv
1.79,228.0,SE
0.89,202.0,cv
0.89,122.0,SE
2.68,100.0,SE
3.57,98.0,SE
5.36,120.0,SE
8.49,127.0,SE
11.62,128.0,SE
14.75,125.0,SE
18.77,114.0,SE
21.9,102.0,SE
25.03,103.0,SE
26.82,84.0,SE
0.89,92.0,cv
1.78,93.0,cv
2.23,114.0,cv
1.79,164.0,NE
2.68,200.0,NE
0.89,208.0,cv
1.78,188.0,cv
0.89,173.0,SE
0.89,170.0,cv
1.78,169.0,cv
2.67,152.0,cv
0.89,147.0,NE
0.89,136.0,NW
0.89,145.0,cv
3.13,134.0,NW
4.92,131.0,NW
8.94,115.0,NW
3.13,36.0,NE
3.13,23.0,NW
3.13,27.0,NE
5.81,23.0,NW
4.92,16.0,NE
8.94,10.0,NE
12.07,12.0,NE
13.86,12.0,NE
0.89,13.0,cv
1.78,26.0,cv
3.13,64.0,SE
4.92,50.0,SE
8.05,34.0,SE
0.89,36.0,cv
1.79,34.0,SE
4.92,36.0,SE
1.79,37.0,cv
2.68,37.0,cv
1.79,24.0,NW
0.89,11.0,cv
0.89,9.0,NW
4.91,11.0,NW
6.7,13.0,NW
11.62,8.0,NW
17.43,7.0,NW
22.35,5.0,NW
25.48,6.0,NW
28.61,10.0,NW
1.79,9.0,cv
3.58,5.0,cv
3.13,8.0,SE
7.15,13.0,SE
11.17,16.0,SE
15.19,21.0,SE
0.89,27.0,cv
1.78,26.0,cv
2.67,46.0,cv
3.56,41.0,cv
1.79,43.0,NE
3.58,42.0,NE
5.37,60.0,NE
0.89,53.0,NW
3.13,51.0,NE
0.89,43.0,cv
1.34,36.0,cv
2.23,36.0,cv
1.79,45.0,NE
1.79,48.0,cv
3.13,95.0,SE
7.15,94.0,SE
11.17,96.0,SE
15.19,95.0,SE
19.21,85.0,SE
22.34,81.0,SE
24.13,71.0,SE
0.89,65.0,cv
4.02,59.0,SE
7.15,58.0,SE
8.94,58.0,SE
12.07,57.0,SE
0.89,55.0,cv
1.79,42.0,SE
0.89,40.0,cv
0.89,47.0,NE
0.45,58.0,cv
1.34,55.0,cv
2.23,58.0,cv
0.89,67.0,NE
0.89,63.0,SE
0.89,75.0,cv
1.79,83.0,SE
4.92,95.0,SE
6.71,119.0,SE
0.89,127.0,cv
1.79,139.0,SE
3.58,159.0,SE
6.71,170.0,SE
9.84,172.0,SE
11.63,168.0,SE
13.42,170.0,SE
14.31,180.0,SE
0.89,214.0,cv
0.89,276.0,NE
1.78,357.0,NE
0.89,388.0,cv
1.78,403.0,cv
1.79,393.0,NE
2.68,395.0,NE
3.57,379.0,NE
0.89,346.0,cv
1.34,319.0,cv
1.79,282.0,cv
1.79,290.0,NW
0.89,294.0,cv
0.89,310.0,NW
0.89,322.0,cv
1.78,308.0,cv
1.79,301.0,SE
3.58,296.0,SE
5.37,277.0,SE
9.39,269.0,SE
12.52,250.0,SE
14.31,229.0,SE
16.1,242.0,SE
0.89,255.0,cv
0.89,316.0,SE
0.89,342.0,NE
0.45,337.0,cv
0.89,308.0,NE
1.78,324.0,NE
0.89,353.0,SE
0.89,365.0,cv
1.34,320.0,cv
1.79,278.0,cv
2.68,244.0,cv
0.89,251.0,SE
0.89,252.0,cv
0.89,197.0,SE
0.89,260.0,cv
1.78,229.0,cv
2.67,143.0,cv
3.56,147.0,cv
1.79,152.0,NW
1.79,171.0,cv
2.68,168.0,cv
3.57,183.0,cv
4.46,179.0,cv
4.91,185.0,cv
4.02,177.0,NW
0.89,188.0,cv
1.34,206.0,cv
0.89,211.0,NE
0.89,205.0,cv
0.89,210.0,NW
2.68,201.0,NW
0.89,196.0,NE
0.89,192.0,cv
0.89,187.0,NE
1.79,185.0,NW
4.92,173.0,NW
8.05,166.0,NW
11.18,161.0,NW
16.1,160.0,NW
19.23,113.0,NW
24.15,66.0,NW
4.92,38.0,NE
8.94,41.0,NE
12.96,33.0,NE
16.98,23.0,NE
21.0,15.0,NE
24.13,15.0,NE
0.89,17.0,cv
1.34,24.0,cv
1.79,42.0,NW
3.58,50.0,NW
3.13,55.0,SE
0.89,86.0,cv
1.78,77.0,cv
2.67,76.0,cv
0.89,81.0,NE
0.89,66.0,cv
1.78,32.0,cv
1.79,38.0,NE
0.89,38.0,cv
1.78,55.0,cv
2.23,49.0,cv
3.12,43.0,cv
4.01,42.0,cv
1.79,56.0,NW
3.13,67.0,SE
6.26,65.0,SE
10.28,60.0,SE
23.24,69.0,SE
24.13,73.0,SE
0.89,95.0,cv
0.89,86.0,SE
2.68,74.0,SE
5.81,84.0,SE
8.94,97.0,SE
0.89,98.0,cv
1.79,96.0,SE
3.58,92.0,SE
1.79,92.0,NE
0.89,92.0,cv
0.89,99.0,NW
0.89,102.0,NE
0.89,113.0,cv
0.89,110.0,NE
2.68,114.0,NE
0.89,112.0,cv
1.79,108.0,NE
3.58,125.0,NE
0.89,148.0,cv
1.78,176.0,cv
3.13,177.0,NE
3.13,182.0,NW
6.26,181.0,NW
1.79,197.0,NE
1.79,197.0,NW
0.89,226.0,cv
1.78,224.0,cv
2.67,247.0,cv
1.79,208.0,NE
3.13,194.0,SE
0.89,203.0,cv
3.13,203.0,NW
0.89,203.0,cv
0.89,200.0,NW
2.68,193.0,NW
0.89,205.0,cv
3.13,207.0,NW
1.79,146.0,NE
11.18,21.0,NW
20.12,14.0,NW
32.19,16.0,NW
43.37,19.0,NW
56.33,16.0,NW
66.16,11.0,NW
77.34,12.0,NW
84.49,9.0,NW
91.64,11.0,NW
97.45,9.0,NW
101.47,10.0,NW
107.28,10.0,NW
111.3,8.0,NW
114.43,16.0,NW
1.79,22.0,cv
2.68,23.0,cv
0.89,27.0,SE
0.89,19.0,cv
1.79,19.0,NE
1.79,21.0,NW
0.89,25.0,cv
0.89,30.0,SE
0.89,46.0,cv
1.79,51.0,SE
0.89,45.0,cv
4.92,39.0,SE
9.84,28.0,SE
3.13,38.0,cv
1.79,47.0,SE
4.92,46.0,SE
8.05,50.0,SE
0.89,64.0,cv
1.79,78.0,SE
3.58,111.0,SE
5.37,102.0,SE
0.89,149.0,cv
1.78,158.0,cv
0.89,107.0,NE
1.78,100.0,NE
0.89,92.0,NW
2.68,72.0,NW
5.81,66.0,NW
7.6,57.0,NW
9.39,63.0,NW
12.52,75.0,NW
15.65,70.0,NW
17.44,63.0,NW
21.46,57.0,NW
24.59,49.0,NW
27.72,51.0,NW
3.13,52.0,NE
4.92,47.0,NE
1.79,50.0,SE
3.58,64.0,SE
0.89,82.0,cv
1.78,84.0,cv
2.67,59.0,cv
3.56,65.0,cv
4.45,81.0,cv
5.34,106.0,cv
0.89,98.0,NE
1.79,92.0,NW
3.58,96.0,NW
3.13,91.0,NE
0.89,48.0,cv
4.02,51.0,SE
1.79,38.0,NE
3.58,33.0,NE
5.37,34.0,NE
7.16,39.0,NE
8.05,45.0,NE
9.84,46.0,NE
10.73,44.0,NE
0.89,46.0,cv
1.78,57.0,cv
0.89,57.0,SE
0.89,61.0,cv
1.79,63.0,SE
3.58,76.0,SE
4.47,73.0,SE
0.89,70.0,cv
1.79,55.0,SE
0.89,59.0,cv
1.78,59.0,cv
0.89,72.0,SE
0.89,73.0,cv
1.78,86.0,cv
1.79,77.0,NW
1.79,86.0,NE
1.79,100.0,NW
2.68,103.0,NW
3.57,88.0,NW
5.36,80.0,NW
4.02,48.0,NE
11.17,39.0,NE
16.98,20.0,NE
24.13,17.0,NE
32.18,14.0,NE
39.33,13.0,NE
44.25,12.0,NE
51.4,16.0,NE
57.21,11.0,NE
61.23,8.0,NE
64.36,8.0,NE
0.89,16.0,cv
1.78,28.0,cv
2.67,22.0,cv
3.56,27.0,cv
1.79,28.0,NW
3.58,21.0,NW
6.71,26.0,NW
9.84,25.0,NW
0.89,5.0,cv
1.79,7.0,NW
3.58,10.0,NW
5.37,9.0,NW
0.89,8.0,cv
1.79,13.0,NW
3.58,18.0,NW
1.79,13.0,NE
3.58,17.0,NE
1.79,9.0,NW
3.58,9.0,NW
0.89,12.0,cv
2.68,8.0,cv
1.79,15.0,SE
1.79,17.0,cv
4.02,18.0,SE
7.15,28.0,SE
10.28,29.0,SE
12.07,49.0,SE
13.86,54.0,SE
0.89,59.0,cv
1.78,60.0,cv
2.67,67.0,cv
1.79,59.0,NW
0.89,71.0,NE
0.89,69.0,NW
4.02,64.0,NW
7.15,38.0,NW
11.17,41.0,NW
14.3,51.0,NW
17.43,72.0,NW
20.56,50.0,NW
23.69,42.0,NW
25.48,46.0,NW
0.89,43.0,cv
4.02,40.0,cv
4.91,29.0,cv
1.79,34.0,SE
3.58,30.0,SE
6.71,26.0,SE
8.5,38.0,SE
9.39,70.0,SE
11.18,97.0,SE
12.97,107.0,SE
14.76,107.0,SE
0.89,139.0,NE
0.89,174.0,cv
0.89,181.0,NE
0.89,179.0,cv
1.78,169.0,cv
0.89,172.0,NW
0.89,163.0,cv
0.89,161.0,SE
1.78,142.0,SE
0.89,98.0,cv
1.78,113.0,cv
1.79,129.0,SE
3.58,159.0,SE
6.71,207.0,SE
10.73,178.0,SE
14.75,148.0,SE
19.67,131.0,SE
23.69,95.0,SE
25.48,144.0,SE
27.27,159.0,SE
29.06,170.0,SE
29.95,175.0,SE
0.89,189.0,cv
0.89,206.0,NE
0.89,216.0,SE
1.78,224.0,SE
0.89,231.0,NE
1.79,233.0,SE
0.89,262.0,NE
0.45,282.0,cv
1.34,259.0,cv
1.79,244.0,cv
2.24,227.0,cv
3.13,235.0,cv
1.79,225.0,NE
0.89,247.0,cv
1.78,226.0,cv
1.79,218.0,SE
3.58,232.0,SE
6.71,252.0,SE
9.84,231.0,SE
10.73,227.0,SE
11.62,234.0,SE
12.51,234.0,SE
0.89,251.0,cv
1.78,271.0,cv
2.23,302.0,cv
0.89,273.0,NE
0.89,277.0,cv
1.79,283.0,NW
0.89,263.0,cv
1.79,268.0,NW
4.92,273.0,NW
6.71,260.0,NW
10.73,162.0,NW
12.52,68.0,NW
15.65,32.0,NW
21.46,30.0,NW
28.61,30.0,NW
34.42,17.0,NW
42.47,12.0,NW
50.52,12.0,NW
57.67,20.0,NW
63.48,17.0,NW
71.53,13.0,NW
80.47,12.0,NW
88.52,12.0,NW
94.33,15.0,NW
103.27,13.0,NW
109.08,17.0,NW
116.23,15.0,NW
120.25,13.0,NW
124.27,18.0,NW
0.89,40.0,NE
3.13,29.0,NW
0.89,20.0,cv
3.13,30.0,NE
4.92,21.0,NE
8.94,18.0,NE
12.07,30.0,NE
3.13,29.0,NW
4.92,31.0,NW
3.13,29.0,NE
1.79,24.0,NW
1.79,18.0,cv
3.58,17.0,cv
3.13,11.0,NE
1.79,14.0,NW
0.89,18.0,cv
1.79,16.0,SE
3.58,23.0,SE
4.47,28.0,SE
6.26,34.0,SE
9.39,46.0,SE
13.41,46.0,SE
0.89,55.0,cv
1.78,57.0,cv
2.67,66.0,cv
3.56,70.0,cv
4.01,90.0,cv
4.46,113.0,cv
4.91,114.0,cv
0.89,106.0,NW
0.45,99.0,cv
1.34,97.0,cv
2.23,89.0,cv
3.12,82.0,cv
4.01,92.0,cv
4.9,115.0,cv
1.79,128.0,SE
4.92,110.0,SE
8.94,99.0,SE
12.96,87.0,SE
16.09,72.0,SE
16.98,79.0,SE
0.45,69.0,cv
0.89,77.0,SE
0.89,93.0,cv
1.78,122.0,cv
0.89,121.0,NE
0.89,134.0,SE
0.89,146.0,NE
1.79,149.0,SE
0.89,143.0,cv
1.78,141.0,cv
0.89,166.0,SE
0.89,187.0,cv
1.34,193.0,cv
2.23,184.0,cv
1.79,174.0,NE
0.89,182.0,cv
1.79,187.0,SE
4.92,184.0,SE
8.05,166.0,SE
12.97,151.0,SE
17.89,144.0,SE
0.89,148.0,cv
5.81,154.0,NW
7.6,95.0,NW
0.89,95.0,cv
0.89,125.0,SE
1.79,116.0,NW
4.02,95.0,NE
7.15,73.0,NE
4.02,58.0,NW
4.02,51.0,NE
4.92,49.0,NW
9.84,27.0,NW
4.02,21.0,NE
7.15,21.0,NE
3.13,16.0,NW
4.92,22.0,NW
8.05,27.0,NW
12.07,26.0,NW
19.22,26.0,NW
31.29,18.0,NW
42.47,17.0,NW
50.52,15.0,NW
58.57,20.0,NW
65.72,21.0,NW
70.64,24.0,NW
3.13,27.0,SE
3.13,49.0,NW
8.94,25.0,NW
13.86,18.0,NW
21.01,17.0,NW
29.06,12.0,NW
36.21,11.0,NW
43.36,9.0,NW
52.3,13.0,NW
58.11,12.0,NW
61.24,13.0,NW
66.16,12.0,NW
0.89,14.0,cv
1.78,21.0,cv
2.23,25.0,cv
4.02,18.0,cv
4.92,17.0,NW
10.73,17.0,NW
17.88,17.0,NW
23.69,23.0,NW
29.5,22.0,NW
34.42,22.0,NW
42.47,22.0,NW
49.62,25.0,NW
56.77,33.0,NW
61.69,36.0,NW
67.5,38.0,NW
71.52,38.0,NW
74.65,41.0,NW
78.67,45.0,NW
83.59,37.0,NW
85.38,42.0,NW
88.51,40.0,NW
90.3,41.0,NW
92.09,40.0,NW
93.88,41.0,NW
97.01,36.0,NW
101.03,36.0,NW
105.95,43.0,NW
110.87,43.0,NW
116.68,36.0,NW
121.6,31.0,NW
126.52,26.0,NW
130.54,28.0,NW
3.13,26.0,cv
1.79,25.0,NW
3.58,23.0,NW
1.79,31.0,SE
0.89,36.0,cv
3.13,100.0,NW
4.92,84.0,NW
6.71,73.0,NW
0.89,92.0,cv
3.13,110.0,NW
4.92,52.0,NW
8.05,34.0,NW
11.18,39.0,NW
14.31,39.0,NW
17.44,42.0,NW
21.46,36.0,NW
24.59,41.0,NW
28.61,39.0,NW
31.74,40.0,NW
34.87,38.0,NW
38.0,38.0,NW
41.13,47.0,NW
42.92,44.0,NW
3.13,56.0,cv
3.13,62.0,SE
7.15,50.0,SE
11.17,47.0,SE
14.3,57.0,SE
17.43,71.0,SE
0.89,91.0,cv
0.89,129.0,SE
0.89,150.0,cv
0.89,168.0,SE
0.89,188.0,cv
1.78,215.0,cv
0.89,165.0,NE
1.78,178.0,NE
0.45,199.0,cv
1.34,196.0,cv
0.89,144.0,NE
0.89,107.0,NW
1.78,108.0,NW
2.67,113.0,NW
0.45,127.0,cv
1.79,155.0,SE
1.79,197.0,cv
2.68,222.0,cv
3.57,245.0,cv
1.79,241.0,SE
4.92,258.0,SE
6.71,243.0,SE
7.6,234.0,SE
0.45,274.0,cv
1.34,295.0,cv
0.89,310.0,NE
0.89,335.0,SE
0.45,347.0,cv
0.89,385.0,NE
0.89,407.0,NW
1.78,402.0,NW
3.57,348.0,NW
5.36,318.0,NW
7.15,270.0,NW
10.28,273.0,NW
13.41,274.0,NW
15.2,273.0,NW
19.22,269.0,NW
22.35,282.0,NW
24.14,279.0,NW
28.16,275.0,NW
31.29,284.0,NW
33.08,274.0,NW
0.89,275.0,cv
1.79,270.0,SE
3.58,292.0,SE
5.37,321.0,SE
7.16,327.0,SE
8.95,348.0,SE
12.08,393.0,SE
1.79,386.0,NW
3.58,385.0,NW
5.37,359.0,NW
1.79,367.0,NE
0.89,144.0,cv
3.13,28.0,NW
6.26,15.0,NW
8.05,13.0,NW
0.89,16.0,cv
1.78,17.0,cv
2.67,20.0,cv
1.79,24.0,NW
3.58,21.0,NW
6.71,14.0,NW
9.84,9.0,NW
12.97,7.0,NW
16.1,10.0,NW
3.13,10.0,NE
4.92,12.0,NE
1.79,12.0,SE
3.58,17.0,SE
5.37,38.0,SE
0.89,35.0,cv
1.79,36.0,SE
3.58,46.0,SE
0.89,52.0,NE
0.89,57.0,SE
0.89,64.0,cv
1.78,103.0,cv
0.89,123.0,NE
1.79,128.0,NW
4.92,135.0,NW
0.89,87.0,cv
0.89,46.0,NE
0.89,37.0,cv
1.79,44.0,NW
3.58,37.0,NW
0.89,37.0,cv
1.78,37.0,cv
2.67,51.0,cv
1.79,70.0,SE
3.58,74.0,SE
6.71,111.0,SE
9.84,101.0,SE
11.63,103.0,SE
0.89,124.0,cv
1.78,160.0,cv
2.67,164.0,cv
0.89,156.0,SE
0.45,142.0,cv
0.89,136.0,NE
0.89,165.0,NW
0.45,187.0,cv
0.89,224.0,NE
1.79,192.0,NW
3.58,135.0,NW
4.47,126.0,NW
6.26,121.0,NW
10.28,118.0,NW
12.07,118.0,NW
15.2,118.0,NW
18.33,112.0,NW
21.46,126.0,NW
23.25,127.0,NW
0.89,122.0,cv
1.78,131.0,cv
3.13,141.0,SE
4.92,151.0,SE
5.81,149.0,SE
6.7,174.0,SE
0.89,233.0,cv
1.34,218.0,cv
0.89,211.0,SE
0.89,229.0,NE
0.89,280.0,cv
0.89,274.0,SE
1.78,289.0,SE
0.45,311.0,cv
0.9,299.0,cv
0.89,308.0,NW
1.78,297.0,NW
1.79,233.0,NE
0.45,178.0,cv
1.79,167.0,NE
2.68,139.0,NE
0.89,145.0,cv
1.78,166.0,cv
2.67,189.0,cv
1.79,190.0,SE
3.58,254.0,SE
6.71,266.0,SE
8.5,241.0,SE
12.52,206.0,SE
15.65,177.0,SE
0.89,180.0,cv
1.78,175.0,cv
1.79,188.0,SE
0.89,209.0,cv
1.78,205.0,cv
2.67,196.0,cv
3.56,195.0,cv
4.45,205.0,cv
5.34,213.0,cv
5.79,223.0,cv
6.24,231.0,cv
7.13,238.0,cv
7.58,242.0,cv
0.89,247.0,SE
1.79,290.0,NE
0.89,297.0,cv
1.78,323.0,cv
1.79,356.0,SE
3.58,388.0,SE
6.71,329.0,SE
9.84,310.0,SE
12.97,292.0,SE
14.76,309.0,SE
17.89,285.0,SE
19.68,284.0,SE
20.57,331.0,SE
0.89,320.0,cv
3.13,325.0,NW
0.89,316.0,SE
0.45,334.0,cv
1.34,326.0,cv
2.23,314.0,cv
4.02,212.0,NW
11.17,52.0,NW
15.19,22.0,NW
3.13,12.0,cv
5.81,14.0,NW
12.96,12.0,NW
17.88,13.0,NW
27.71,11.0,NW
35.76,15.0,NW
43.81,14.0,NW
51.86,10.0,NW
60.8,10.0,NW
68.85,10.0,NW
76.0,7.0,NW
81.81,6.0,NW
87.62,16.0,NW
1.79,13.0,NE
0.89,13.0,cv
1.79,11.0,NE
3.13,11.0,NW
4.92,6.0,NW
0.89,9.0,cv
1.78,24.0,cv
2.67,19.0,cv
3.56,26.0,cv
1.79,27.0,NW
3.58,44.0,NW
5.37,46.0,NW
0.89,47.0,NE
1.79,48.0,NW
4.92,41.0,NW
8.05,33.0,NW
0.89,33.0,cv
1.79,32.0,NW
1.79,38.0,SE
4.92,41.0,SE
8.05,25.0,SE
12.07,27.0,SE
16.09,33.0,SE
0.89,46.0,cv
0.89,62.0,SE
0.89,79.0,cv
0.89,105.0,SE
0.89,115.0,cv
1.79,129.0,SE
1.79,158.0,NE
2.68,178.0,NE
0.89,227.0,cv
0.89,223.0,NE
0.89,170.0,cv
1.79,152.0,SE
0.89,142.0,cv
1.78,135.0,cv
0.89,151.0,SE
1.79,162.0,NW
3.58,163.0,NW
0.89,185.0,cv
1.78,188.0,cv
2.67,183.0,cv
1.79,182.0,SE
3.58,163.0,SE
5.37,173.0,SE
0.89,190.0,cv
1.78,221.0,cv
2.67,254.0,cv
0.89,260.0,SE
1.78,286.0,SE
0.89,304.0,cv
1.79,295.0,NW
0.89,296.0,cv
1.79,270.0,NW
0.89,247.0,cv
1.79,266.0,NW
4.92,263.0,NW
6.71,239.0,NW
0.89,238.0,cv
1.78,206.0,cv
4.02,183.0,NW
7.15,159.0,NW
8.94,162.0,NW
1.79,173.0,cv
11.18,149.0,NW
25.04,34.0,NW
34.87,26.0,NW
46.05,18.0,NW
57.23,15.0,NW
70.19,13.0,NW
76.0,12.0,NW
87.18,11.0,NW
98.36,12.0,NW
106.41,8.0,NW
111.33,6.0,NW
116.25,8.0,NW
122.06,10.0,NW
125.19,7.0,NW
132.34,7.0,NW
138.15,8.0,NW
142.17,7.0,NW
146.19,8.0,NW
0.89,15.0,cv
0.89,15.0,NW
0.89,27.0,cv
1.78,20.0,cv
3.57,17.0,cv
3.13,18.0,NW
4.02,24.0,SE
8.94,27.0,SE
13.86,38.0,SE
19.67,31.0,SE
23.69,35.0,SE
26.82,51.0,SE
28.61,56.0,SE
0.89,66.0,cv
0.89,89.0,NE
0.89,108.0,cv
1.78,112.0,cv
2.67,118.0,cv
0.89,164.0,NW
0.45,196.0,cv
1.34,188.0,cv
1.79,217.0,NW
3.58,174.0,NW
4.47,167.0,NW
0.45,151.0,cv
0.89,138.0,NW
0.89,121.0,NE
1.79,123.0,NW
3.58,110.0,NW
0.89,109.0,cv
1.79,128.0,SE
0.89,143.0,cv
3.13,159.0,SE
0.89,164.0,cv
0.89,175.0,SE
0.89,177.0,cv
0.89,191.0,SE
0.45,178.0,cv
0.9,195.0,cv
1.79,181.0,cv
2.68,169.0,cv
3.13,173.0,cv
4.02,178.0,cv
1.79,170.0,NW
3.58,160.0,NW
5.37,161.0,NW
0.89,164.0,cv
1.78,171.0,cv
0.89,178.0,NW
2.68,176.0,NW
6.7,179.0,NW
10.72,175.0,NW
13.85,179.0,NW
16.98,148.0,NW
21.0,118.0,NW
3.13,79.0,NE
4.92,115.0,NW
3.13,46.0,NE
1.79,32.0,NW
4.92,20.0,NW
10.73,6.0,NW
20.56,6.0,NW
33.52,7.0,NW
40.67,13.0,NW
53.63,8.0,NW
63.46,6.0,NW
72.4,8.0,NW
81.34,6.0,NW
91.17,3.0,NW
102.35,4.0,NW
110.4,3.0,NW
116.21,3.0,NW
124.26,6.0,NW
130.07,8.0,NW
138.12,9.0,NW
145.27,10.0,NW
152.42,14.0,NW
159.57,9.0,NW
167.62,5.0,NW
177.45,6.0,NW
187.28,5.0,NW
196.22,12.0,NW
204.27,9.0,NW
210.08,17.0,NW
4.92,46.0,SE
8.94,53.0,SE
4.92,72.0,NW
1.79,78.0,NE
3.13,56.0,NW
0.89,16.0,cv
1.79,14.0,NW
3.58,25.0,NW
0.89,20.0,cv
3.13,23.0,NW
4.92,21.0,NW
6.71,24.0,NW
8.5,15.0,NW
10.29,17.0,NW
0.45,26.0,cv
3.13,23.0,NW
7.15,27.0,NW
10.28,20.0,NW
14.3,14.0,NW
4.02,15.0,SE
8.04,38.0,SE
12.96,38.0,SE
18.77,42.0,SE
23.69,48.0,SE
25.48,52.0,SE
27.27,66.0,SE
0.89,76.0,cv
0.89,81.0,SE
1.78,87.0,SE
0.89,98.0,cv
1.79,103.0,NE
0.89,125.0,cv
0.89,123.0,NW
0.89,135.0,cv
1.79,150.0,NW
5.81,102.0,NW
8.94,89.0,NW
12.07,58.0,NW
13.86,45.0,NW
15.65,52.0,NW
1.79,45.0,NE
4.92,38.0,NE
1.79,18.0,cv
1.79,25.0,NW
1.79,24.0,NE
4.92,15.0,NE
0.89,14.0,cv
1.78,17.0,cv
0.89,36.0,SE
2.68,49.0,SE
4.47,55.0,SE
6.26,54.0,SE
8.05,73.0,SE
0.89,82.0,cv
1.79,76.0,SE
3.58,90.0,SE
4.47,106.0,SE
0.89,124.0,cv
1.78,123.0,cv
0.89,128.0,SE
0.89,132.0,NW
0.89,155.0,NE
1.78,163.0,NE
0.89,157.0,cv
1.78,160.0,cv
0.89,185.0,SE
0.89,189.0,cv
1.78,198.0,cv
2.67,216.0,cv
3.56,225.0,cv
0.89,248.0,SE
0.89,270.0,NE
1.79,296.0,NW
0.45,283.0,cv
0.9,261.0,cv
1.79,264.0,cv
3.13,282.0,NW
4.92,252.0,NW
6.71,252.0,NW
9.84,211.0,NW
12.97,199.0,NW
14.76,235.0,NW
18.78,114.0,NW
20.57,23.0,NW
22.36,18.0,NW
25.49,19.0,NW
1.79,14.0,cv
4.92,23.0,NW
8.94,21.0,NW
14.75,14.0,NW
23.69,24.0,NW
31.74,22.0,NW
39.79,24.0,NW
48.73,27.0,NW
55.88,27.0,NW
59.9,69.0,NW
3.13,64.0,SE
6.26,65.0,SE
0.89,65.0,cv
2.68,76.0,cv
1.79,72.0,SE
1.79,78.0,NW
1.79,81.0,NE
0.89,88.0,SE
0.89,93.0,cv
1.78,106.0,cv
0.89,108.0,NW
2.68,115.0,NW
4.47,145.0,NW
0.45,164.0,cv
1.79,272.0,SE
0.89,172.0,cv
1.79,106.0,NW
3.58,70.0,NW
5.37,76.0,NW
1.79,67.0,SE
3.58,69.0,SE
8.5,118.0,SE
12.52,108.0,SE
16.54,84.0,SE
19.67,80.0,SE
22.8,93.0,SE
0.89,93.0,cv
0.89,101.0,NE
1.79,116.0,SE
0.89,187.0,cv
1.78,210.0,cv
1.79,216.0,NW
3.58,214.0,NW
0.89,188.0,cv
3.13,150.0,NW
6.26,71.0,NW
16.09,47.0,NW
25.92,43.0,NW
34.86,32.0,NW
44.69,32.0,NW
56.76,18.0,NW
69.72,14.0,NW
81.79,11.0,NW
95.65,10.0,NW
109.51,13.0,NW
122.47,8.0,NW
134.54,7.0,NW
146.61,6.0,NW
158.68,9.0,NW
170.75,7.0,NW
178.8,5.0,NW
183.72,5.0,NW
189.53,8.0,NW
194.45,11.0,NW
196.24,11.0,NW
0.89,27.0,cv
1.34,37.0,cv
1.79,48.0,cv
2.24,21.0,cv
3.13,12.0,cv
4.02,8.0,NW
7.15,12.0,NW
8.94,9.0,NW
12.96,6.0,NW
16.09,8.0,NW
24.14,9.0,NW
35.32,8.0,NW
48.28,9.0,NW
58.11,12.0,NW
67.05,11.0,NW
75.1,9.0,NW
84.04,9.0,NW
95.22,12.0,NW
102.37,10.0,NW
107.29,10.0,NW
112.21,10.0,NW
117.13,9.0,NW
121.15,12.0,NW
126.07,14.0,NW
127.86,13.0,NW
131.88,17.0,NW
135.9,12.0,NW
143.95,10.0,NW
152.89,6.0,NW
160.04,11.0,NW
168.09,7.0,NW
176.14,12.0,NW
185.08,11.0,NW
193.13,9.0,NW
201.18,8.0,NW
209.23,7.0,NW
217.28,14.0,NW
225.33,13.0,NW
234.27,9.0,NW
242.32,9.0,NW
249.47,8.0,NW
254.39,9.0,NW
263.33,20.0,NW
4.92,14.0,NE
10.73,17.0,NE
15.65,10.0,NE
19.67,16.0,NE
23.69,19.0,NE
25.48,14.0,NE
3.13,14.0,NW
4.92,14.0,NE
8.05,12.0,NE
9.84,10.0,NE
11.63,15.0,NE
1.79,16.0,SE
4.02,17.0,NE
8.94,25.0,NE
12.96,22.0,NE
1.79,15.0,NW
3.58,20.0,NW
0.89,20.0,cv
1.79,23.0,SE
0.89,26.0,cv
0.89,73.0,SE
1.78,71.0,SE
3.57,80.0,SE
6.7,94.0,SE
1.79,94.0,NW
3.58,87.0,NW
0.89,93.0,cv
0.89,116.0,NE
1.79,138.0,NW
3.58,130.0,NW
5.37,130.0,NW
9.39,134.0,NW
12.52,71.0,NW
15.65,57.0,NW
19.67,75.0,NW
23.69,62.0,NW
27.71,69.0,NW
31.73,48.0,NW
4.02,43.0,NE
1.79,32.0,cv
3.13,24.0,NE
4.92,20.0,NE
0.89,20.0,cv
1.78,19.0,cv
2.67,30.0,cv
3.56,32.0,cv
4.45,70.0,cv
3.13,89.0,SE
0.89,121.0,NE
1.78,131.0,NE
0.89,144.0,cv
0.89,174.0,NW
1.78,191.0,NW
3.57,205.0,NW
4.46,197.0,NW
6.25,154.0,NW
7.14,83.0,NW
8.03,103.0,NW
9.82,128.0,NW
0.89,161.0,cv
3.13,86.0,NW
4.92,71.0,NW
6.71,77.0,NW
0.89,63.0,cv
1.79,54.0,NW
3.58,61.0,NW
0.89,43.0,cv
2.68,50.0,cv
0.89,70.0,SE
4.02,158.0,SE
5.81,141.0,SE
0.89,166.0,cv
1.78,206.0,cv
2.67,218.0,cv
0.89,226.0,NE
0.45,232.0,cv
1.79,239.0,NW
3.58,230.0,NW
5.37,165.0,NW
8.5,163.0,NW
10.29,128.0,NW
12.08,69.0,NW
16.1,54.0,NW
20.12,57.0,NW
23.25,58.0,NW
26.38,68.0,NW
28.17,59.0,NW
1.79,63.0,cv
2.68,74.0,cv
4.47,82.0,cv
6.26,125.0,cv
3.13,203.0,SE
7.15,176.0,SE
10.28,185.0,SE
12.07,212.0,SE
13.86,323.0,SE
0.89,347.0,cv
1.78,352.0,cv
2.67,365.0,cv
1.79,383.0,NE
0.89,314.0,cv
2.68,387.0,NW
5.81,394.0,NW
7.6,280.0,NW
10.73,218.0,NW
0.89,201.0,NE
0.89,163.0,cv
3.13,147.0,NW
0.89,143.0,cv
3.13,153.0,NE
6.26,145.0,NE
3.13,122.0,NW
7.15,107.0,NW
10.28,141.0,NW
14.3,199.0,NW
4.02,222.0,SE
3.13,249.0,NW
0.89,267.0,cv
1.78,271.0,cv
2.67,273.0,cv
3.56,256.0,cv
4.01,218.0,cv
0.89,229.0,NE
0.89,251.0,cv
1.78,303.0,cv
1.79,347.0,NW
0.89,210.0,cv
1.79,98.0,NW
3.58,49.0,NW
7.6,41.0,NW
11.62,47.0,NW
15.64,42.0,NW
18.77,46.0,NW
21.9,46.0,NW
26.82,58.0,NW
32.63,63.0,NW
37.55,69.0,NW
43.36,71.0,NW
3.13,79.0,NE
0.89,78.0,cv
1.78,74.0,cv
1.79,69.0,NW
5.81,68.0,NW
14.75,70.0,NW
25.93,38.0,NW
34.87,23.0,NW
46.05,15.0,NW
53.2,16.0,NW
61.25,24.0,NW
67.06,19.0,NW
72.87,11.0,NW
80.92,18.0,NW
88.07,18.0,NW
96.12,16.0,NW
101.93,17.0,NW
110.87,19.0,NW
119.81,27.0,NW
126.96,13.0,NW
131.88,16.0,NW
137.69,13.0,NW
145.74,17.0,NW
153.79,17.0,NW
162.73,14.0,NW
169.88,11.0,NW
174.8,14.0,NW
177.93,11.0,NW
0.89,96.0,cv
1.34,16.0,cv
2.23,29.0,cv
3.12,59.0,cv
4.01,67.0,cv
4.9,61.0,cv
5.79,97.0,cv
1.79,78.0,NW
0.89,51.0,cv
0.89,32.0,NW
0.89,26.0,NE
0.89,25.0,cv
3.13,21.0,NW
6.26,17.0,NW
3.13,16.0,NE
0.89,16.0,cv
4.02,13.0,NW
9.83,17.0,NW
18.77,22.0,NW
28.6,24.0,NW
38.43,16.0,NW
46.48,10.0,NW
54.53,8.0,NW
64.36,19.0,NW
73.3,26.0,NW
84.48,12.0,NW
92.53,8.0,NW
102.36,7.0,NW
112.19,7.0,NW
120.24,5.0,NW
128.29,6.0,NW
134.1,3.0,NW
143.04,5.0,NW
154.22,5.0,NW
164.05,6.0,NW
176.12,7.0,NW
188.19,5.0,NW
198.02,3.0,NW
210.09,5.0,NW
222.16,6.0,NW
231.1,13.0,NW
239.15,12.0,NW
248.98,10.0,NW
257.92,9.0,NW
265.97,12.0,NW
274.02,10.0,NW
281.17,8.0,NW
288.32,10.0,NW
295.47,9.0,NW
302.62,9.0,NW
309.77,7.0,NW
318.71,7.0,NW
329.89,6.0,NW
337.04,5.0,NW
341.06,2.0,NW
345.98,4.0,NW
350.9,4.0,NW
358.05,4.0,NW
365.2,10.0,NW
372.35,11.0,NW
378.16,10.0,NW
386.21,10.0,NW
394.26,13.0,NW
403.2,9.0,NW
413.03,9.0,NW
421.97,9.0,NW
430.02,23.0,NW
439.85,13.0,NW
447.9,10.0,NW
452.82,10.0,NW
457.74,33.0,NW
460.87,59.0,NW
465.79,91.0,NW
468.92,85.0,NW
474.73,88.0,NW
480.54,94.0,NW
485.46,46.0,NW
490.38,33.0,NW
0.89,38.0,cv
3.13,25.0,NW
6.26,21.0,NW
8.05,27.0,NW
9.84,19.0,NW
13.86,27.0,NW
0.89,37.0,cv
1.78,65.0,cv
3.13,63.0,NW
6.26,39.0,NW
9.39,37.0,NW
13.41,33.0,NW
4.92,32.0,SE
8.94,77.0,SE
12.96,74.0,SE
16.09,56.0,SE
21.01,122.0,SE
4.92,128.0,NW
4.02,105.0,SE
8.04,94.0,SE
1.79,90.0,NW
0.89,90.0,cv
1.78,97.0,cv
2.67,109.0,cv
4.92,95.0,NW
8.94,61.0,NW
12.96,34.0,NW
17.88,38.0,NW
21.9,40.0,NW
25.03,31.0,NW
30.84,22.0,NW
3.13,24.0,NE
4.02,25.0,NW
9.83,20.0,NW
12.96,15.0,NW
16.98,12.0,NW
3.13,14.0,NE
4.92,16.0,NE
1.79,20.0,SE
0.89,24.0,cv
1.78,23.0,cv
1.79,29.0,NW
0.89,35.0,cv
1.78,56.0,cv
0.89,36.0,NE
0.89,26.0,cv
0.89,28.0,NE
3.13,28.0,NW
0.89,36.0,NE
0.89,46.0,cv
1.78,57.0,cv
2.67,60.0,cv
0.89,90.0,NW
0.89,99.0,cv
3.13,125.0,NW
0.89,101.0,cv
1.79,93.0,NW
0.89,69.0,cv
1.79,43.0,NW
4.92,38.0,NW
3.13,44.0,SE
3.13,62.0,NW
3.13,83.0,SE
6.26,80.0,SE
9.39,63.0,SE
13.41,102.0,SE
15.2,130.0,SE
0.89,154.0,cv
1.79,135.0,NW
0.89,134.0,NE
1.78,161.0,NE
1.79,219.0,NW
3.58,202.0,NW
6.71,138.0,NW
8.5,107.0,NW
11.63,84.0,NW
0.89,97.0,cv
3.13,109.0,NW
6.26,140.0,NW
9.39,69.0,NW
11.18,76.0,NW
1.79,77.0,cv
1.79,87.0,NW
0.89,96.0,cv
1.78,88.0,cv
2.67,71.0,cv
1.79,93.0,SE
0.89,117.0,cv
1.34,138.0,cv
0.89,190.0,NE
0.89,197.0,SE
1.79,213.0,NW
0.89,211.0,cv
1.78,226.0,cv
4.02,233.0,NW
7.15,225.0,NW
11.17,159.0,NW
14.3,115.0,NW
17.43,87.0,NW
20.56,73.0,NW
23.69,60.0,NW
0.45,74.0,cv
1.79,82.0,NE
3.13,73.0,NW
3.13,50.0,NE
1.79,56.0,NW
4.92,48.0,NW
8.05,33.0,NW
9.84,30.0,NW
13.86,28.0,NW
17.88,30.0,NW
21.9,33.0,NW
25.03,46.0,NW
28.16,74.0,NW
1.79,136.0,cv
1.79,152.0,NW
3.13,159.0,SE
1.79,164.0,cv
2.68,167.0,cv
1.79,180.0,NW
4.92,187.0,NW
0.45,163.0,cv
0.9,185.0,cv
1.79,159.0,cv
2.68,139.0,cv
1.79,151.0,NW
4.92,113.0,NW
0.89,137.0,cv
4.02,92.0,NW
3.13,71.0,NE
6.26,73.0,NE
8.05,68.0,NE
11.18,47.0,NE
12.97,41.0,NE
16.1,43.0,NE
0.89,56.0,cv
1.78,69.0,cv
0.89,83.0,NE
0.45,130.0,cv
1.34,175.0,cv
1.79,155.0,NW
3.58,106.0,NW
0.89,83.0,cv
1.78,122.0,cv
1.79,162.0,NW
1.79,142.0,NE
7.6,70.0,NE
1.79,33.0,NW
4.92,25.0,NW
4.92,39.0,NE
4.02,33.0,NW
7.15,27.0,NW
10.28,25.0,NW
4.02,12.0,NE
3.13,9.0,NW
3.13,10.0,NE
6.26,11.0,NE
0.89,11.0,cv
1.79,13.0,SE
2.68,17.0,SE
0.89,32.0,cv
1.79,62.0,SE
3.58,42.0,SE
5.37,59.0,SE
7.16,66.0,SE
0.89,77.0,cv
1.78,84.0,cv
2.67,91.0,cv
1.79,112.0,NW
0.89,130.0,cv
0.89,139.0,NW
0.89,155.0,NE
1.79,163.0,NW
0.89,141.0,cv
1.79,182.0,NW
0.89,138.0,cv
1.78,119.0,cv
2.67,135.0,cv
1.79,159.0,NW
3.58,122.0,NW
0.89,81.0,cv
1.78,167.0,cv
1.79,246.0,SE
5.81,224.0,SE
0.89,115.0,cv
1.78,124.0,cv
1.79,152.0,NE
0.45,170.0,cv
0.89,269.0,NE
0.89,294.0,SE
1.78,330.0,SE
0.89,407.0,NW
0.45,430.0,cv
0.9,415.0,cv
1.79,343.0,NW
3.58,320.0,NW
0.89,244.0,cv
1.78,197.0,cv
1.79,172.0,NW
3.58,156.0,NW
0.89,166.0,cv
1.78,203.0,cv
1.79,277.0,SE
4.92,290.0,SE
6.71,366.0,SE
8.5,392.0,SE
0.89,421.0,cv
1.78,450.0,cv
0.89,443.0,NE
1.78,429.0,NE
0.45,439.0,cv
0.9,460.0,cv
1.79,480.0,cv
2.68,424.0,cv
3.57,440.0,cv
1.79,403.0,SE
2.68,403.0,SE
0.45,389.0,cv
1.79,432.0,NW
0.45,432.0,cv
1.79,435.0,NW
4.92,403.0,NW
0.89,379.0,cv
1.79,346.0,NW
1.79,354.0,NE
3.58,343.0,NE
5.37,266.0,NE
9.39,206.0,NE
4.92,184.0,NW
9.84,47.0,NW
17.89,13.0,NW
26.83,15.0,NW
36.66,15.0,NW
47.84,17.0,NW
60.8,11.0,NW
71.98,15.0,NW
80.92,12.0,NW
88.07,14.0,NW
95.22,12.0,NW
102.37,8.0,NW
108.18,8.0,NW
113.1,6.0,NW
121.15,7.0,NW
130.98,8.0,NW
139.92,8.0,NW
147.07,8.0,NW
154.22,11.0,NW
163.16,12.0,NW
172.1,11.0,NW
181.93,11.0,NW
189.98,9.0,NW
198.03,17.0,NW
205.18,12.0,NW
213.23,12.0,NW
220.38,10.0,NW
225.3,14.0,NW
1.79,12.0,NE
2.68,19.0,NE
0.89,20.0,cv
1.78,55.0,cv
2.67,68.0,cv
1.79,58.0,NW
2.68,63.0,NW
0.89,52.0,cv
1.79,44.0,NE
3.13,60.0,NW
4.92,64.0,NW
6.71,44.0,NW
7.6,38.0,NW
9.39,41.0,NW
0.45,29.0,cv
1.79,32.0,NE
0.89,41.0,cv
1.78,53.0,cv
8.05,24.0,NW
20.12,16.0,NW
31.3,14.0,NW
43.37,8.0,NW
56.33,9.0,NW
69.29,8.0,NW
82.25,10.0,NW
93.43,13.0,NW
102.37,11.0,NW
112.2,7.0,NW
121.14,14.0,NW
132.32,13.0,NW
142.15,9.0,NW
149.3,8.0,NW
156.45,6.0,NW
161.37,6.0,NW
164.5,5.0,NW
1.79,11.0,SE
3.58,9.0,SE
5.37,8.0,SE
7.16,23.0,SE
8.95,10.0,SE
14.76,16.0,SE
20.57,30.0,SE
25.49,35.0,SE
9.83,33.0,NW
17.88,33.0,NW
25.03,17.0,NW
33.08,29.0,NW
38.0,31.0,NW
0.89,34.0,cv
0.89,40.0,SE
1.79,75.0,NE
3.58,55.0,NE
0.89,76.0,cv
1.79,89.0,NW
3.58,60.0,NW
0.89,47.0,cv
1.34,53.0,cv
1.79,61.0,NW
4.92,48.0,NW
8.05,14.0,NW
0.89,39.0,cv
8.94,23.0,NW
20.12,10.0,NW
31.3,11.0,NW
44.26,10.0,NW
54.09,9.0,NW
63.92,12.0,NW
75.99,8.0,NW
88.06,6.0,NW
97.0,13.0,NW
105.94,10.0,NW
113.09,8.0,NW
117.11,9.0,NW
1.79,16.0,NE
0.89,23.0,cv
1.78,12.0,cv
3.13,16.0,SE
4.02,38.0,SE
0.89,49.0,cv
3.13,45.0,SE
4.92,48.0,SE
6.71,45.0,SE
0.89,39.0,cv
1.79,43.0,NW
3.58,51.0,NW
4.47,88.0,NW
0.89,92.0,cv
1.34,85.0,cv
2.23,87.0,cv
3.12,30.0,cv
4.91,57.0,cv
1.79,58.0,SE
4.92,49.0,SE
8.94,52.0,SE
12.07,79.0,SE
0.89,88.0,cv
1.79,114.0,NE
4.92,144.0,NE
6.71,101.0,NE
0.89,66.0,cv
1.79,68.0,NW
5.81,69.0,NW
7.6,71.0,NW
10.73,123.0,NW
13.86,118.0,NW
16.99,91.0,NW
18.78,69.0,NW
0.89,53.0,cv
4.02,51.0,NW
7.15,43.0,NW
8.94,53.0,NW
1.79,41.0,SE
3.13,28.0,NE
7.15,25.0,NE
11.17,26.0,NE
15.19,21.0,NE
18.32,17.0,NE
0.89,23.0,cv
2.68,28.0,cv
0.89,117.0,NE
1.78,125.0,NE
2.67,122.0,NE
0.89,92.0,cv
1.78,51.0,cv
3.13,61.0,SE
1.79,80.0,NW
1.79,52.0,cv
0.89,39.0,NW
0.45,48.0,cv
4.92,69.0,NW
9.84,42.0,NW
13.86,16.0,NW
5.81,16.0,NE
10.73,15.0,NE
13.86,22.0,NE
0.89,27.0,cv
1.79,24.0,NW
3.58,39.0,NW
0.89,44.0,cv
1.78,25.0,cv
3.57,29.0,cv
4.46,38.0,cv
3.13,48.0,SE
0.89,60.0,cv
1.78,67.0,cv
0.89,60.0,SE
0.45,79.0,cv
0.9,86.0,cv
1.79,98.0,cv
0.89,163.0,NE
0.89,271.0,cv
1.34,331.0,cv
1.79,291.0,cv
0.89,262.0,NW
2.68,201.0,NW
4.47,90.0,NW
6.26,73.0,NW
9.39,66.0,NW
12.52,88.0,NW
0.89,82.0,cv
1.78,84.0,cv
2.67,89.0,cv
3.12,117.0,cv
4.01,135.0,cv
4.9,143.0,cv
0.89,156.0,SE
1.78,174.0,SE
0.89,202.0,NE
0.89,194.0,SE
0.89,210.0,cv
1.78,247.0,cv
0.89,284.0,SE
0.89,281.0,cv
0.89,291.0,NE
1.79,310.0,NW
3.58,280.0,NW
5.37,302.0,NW
7.16,259.0,NW
10.29,198.0,NW
12.08,192.0,NW
0.89,127.0,NE
5.81,89.0,NE
10.73,40.0,NE
16.54,24.0,NE
23.69,26.0,NE
29.5,20.0,NE
4.92,19.0,NW
3.13,24.0,NE
6.26,27.0,NE
9.39,30.0,NE
12.52,26.0,NE
14.31,28.0,NE
16.1,39.0,NE
20.12,30.0,NE
24.14,27.0,NE
28.16,17.0,NE
33.08,13.0,NE
38.0,11.0,NE
42.92,12.0,NE
46.94,12.0,NE
51.86,10.0,NE
55.88,11.0,NE
59.01,13.0,NE
3.13,12.0,NW
6.26,12.0,NW
1.79,27.0,NE
7.15,12.0,NW
11.17,19.0,NW
14.3,18.0,NW
18.32,17.0,NW
23.24,19.0,NW
1.79,20.0,cv
1.79,13.0,SE
3.58,55.0,SE
6.71,59.0,SE
8.5,78.0,SE
10.29,91.0,SE
12.08,97.0,SE
0.89,97.0,cv
1.79,123.0,NE
0.89,162.0,cv
1.79,214.0,NW
5.81,160.0,NW
7.6,41.0,NW
9.39,18.0,NW
3.13,11.0,NE
1.79,8.0,NW
4.92,9.0,NW
8.94,8.0,NW
12.07,10.0,NW
4.02,16.0,NE
8.04,23.0,NE
12.06,26.0,NE
16.08,31.0,NE
19.21,31.0,NE
22.34,27.0,NE
25.47,23.0,NE
27.26,27.0,NE
29.05,33.0,NE
0.89,30.0,SE
0.89,43.0,cv
1.79,48.0,SE
3.58,80.0,SE
1.79,93.0,NW
3.58,95.0,NW
6.71,107.0,NW
9.84,152.0,NW
3.13,117.0,NE
6.26,40.0,NE
3.13,23.0,NW
6.26,17.0,NW
9.39,25.0,NW
12.52,29.0,NW
14.31,36.0,NW
16.1,40.0,NW
19.23,24.0,NW
4.02,29.0,NE
0.89,34.0,cv
3.13,17.0,NE
7.15,17.0,NE
1.79,15.0,cv
3.13,20.0,NE
4.92,24.0,NE
2.68,50.0,NW
1.79,57.0,NE
3.13,38.0,NW
4.02,68.0,NE
5.81,46.0,NE
6.7,37.0,NE
9.83,28.0,NE
13.85,22.0,NE
17.87,22.0,NE
21.0,17.0,NE
3.13,21.0,NW
6.26,19.0,NW
8.05,28.0,NW
12.07,26.0,NW
16.09,34.0,NW
4.02,41.0,NE
1.79,42.0,NW
1.79,42.0,NE
1.79,36.0,NW
1.79,34.0,cv
3.58,45.0,cv
1.79,89.0,SE
3.58,121.0,SE
6.71,128.0,SE
8.5,158.0,SE
10.29,242.0,SE
0.89,247.0,cv
1.78,242.0,cv
0.89,240.0,NW
0.89,267.0,SE
0.45,177.0,cv
1.79,148.0,NW
3.58,178.0,NW
4.47,165.0,NW
6.26,155.0,NW
8.05,96.0,NW
9.84,70.0,NW
11.63,62.0,NW
13.42,65.0,NW
0.89,52.0,cv
1.78,80.0,cv
2.67,112.0,cv
3.56,144.0,cv
4.45,139.0,cv
1.79,138.0,SE
3.58,130.0,SE
4.47,118.0,SE
5.36,315.0,SE
0.89,317.0,cv
0.89,325.0,NE
0.45,348.0,cv
0.9,336.0,cv
0.89,334.0,NE
1.78,345.0,NE
3.13,332.0,NW
4.92,337.0,NW
6.71,384.0,NW
9.84,240.0,NW
12.97,139.0,NW
16.1,111.0,NW
20.12,104.0,NW
24.14,124.0,NW
27.27,93.0,NW
4.02,98.0,NE
8.94,66.0,NE
13.86,47.0,NE
17.88,34.0,NE
21.01,36.0,NE
24.14,36.0,NE
25.93,33.0,NE
1.79,29.0,SE
4.92,105.0,SE
6.71,121.0,SE
0.89,168.0,cv
1.78,202.0,cv
2.67,196.0,cv
3.56,216.0,cv
0.89,247.0,NE
0.89,273.0,SE
0.89,334.0,NW
0.45,417.0,cv
0.89,457.0,NW
0.45,426.0,cv
1.79,377.0,NE
0.89,346.0,cv
1.79,332.0,NE
1.79,282.0,NW
3.58,211.0,NW
0.89,201.0,cv
1.78,235.0,cv
2.67,283.0,cv
3.56,313.0,cv
4.45,337.0,cv
5.34,362.0,cv
0.89,333.0,SE
1.79,312.0,NW
0.89,309.0,NE
1.79,332.0,NW
0.89,294.0,NE
1.78,302.0,NE
0.45,267.0,cv
1.79,267.0,NW
3.58,297.0,NW
5.37,329.0,NW
7.16,326.0,NW
8.95,305.0,NW
10.74,281.0,NW
13.87,254.0,NW
15.66,247.0,NW
18.79,265.0,NW
22.81,262.0,NW
24.6,267.0,NW
27.73,282.0,NW
30.86,295.0,NW
33.99,286.0,NW
38.01,84.0,NW
42.03,58.0,NW
50.08,43.0,NW
59.91,36.0,NW
67.06,26.0,NW
75.11,36.0,NW
90.31,32.0,NW
104.17,21.0,NW
118.03,18.0,NW
130.99,20.0,NW
143.06,13.0,NW
152.89,15.0,NW
162.72,11.0,NW
172.55,13.0,NW
180.6,16.0,NW
189.54,13.0,NW
196.69,13.0,NW
204.74,11.0,NW
212.79,18.0,NW
219.94,17.0,NW
228.88,16.0,NW
237.82,16.0,NW
249.0,18.0,NW
257.94,15.0,NW
269.12,14.0,NW
278.95,16.0,NW
288.78,13.0,NW
296.83,11.0,NW
306.66,14.0,NW
314.71,17.0,NW
322.76,16.0,NW
331.7,13.0,NW
338.85,17.0,NW
343.77,15.0,NW
347.79,13.0,NW
352.71,23.0,NW
358.52,16.0,NW
364.33,18.0,NW
370.14,12.0,NW
374.16,16.0,NW
379.08,9.0,NW
384.89,14.0,NW
392.04,18.0,NW
397.85,24.0,NW
403.66,25.0,NW
409.47,21.0,NW
415.28,23.0,NW
420.2,27.0,NW
425.12,18.0,NW
428.25,15.0,NW
0.89,20.0,cv
1.79,27.0,NW
1.79,30.0,SE
0.89,54.0,cv
0.89,64.0,NE
0.45,126.0,cv
1.79,108.0,NE
1.79,45.0,NW
3.58,30.0,NW
7.6,21.0,NW
13.41,14.0,NW
20.56,12.0,NW
24.58,14.0,NW
31.73,17.0,NW
39.78,13.0,NW
46.93,15.0,NW
52.74,17.0,NW
59.89,21.0,NW
68.83,17.0,NW
77.77,14.0,NW
84.92,11.0,NW
93.86,11.0,NW
101.91,15.0,NW
109.06,21.0,NW
114.87,14.0,NW
119.79,20.0,NW
124.71,22.0,NW
128.73,30.0,NW
136.78,38.0,NW
139.91,38.0,NW
143.04,48.0,NW
4.02,58.0,SE
5.81,64.0,NW
9.83,74.0,NW
16.98,77.0,NW
24.13,32.0,NW
28.15,27.0,NW
32.17,24.0,NW
0.89,33.0,cv
1.78,60.0,cv
1.79,77.0,SE
0.89,84.0,cv
1.78,67.0,cv
1.79,59.0,SE
5.81,42.0,SE
10.73,32.0,SE
15.65,44.0,SE
19.67,68.0,SE
22.8,43.0,SE
75.98,34.0,NW
85.81,25.0,NW
95.64,27.0,NW
104.58,25.0,NW
112.63,25.0,NW
120.68,25.0,NW
126.49,25.0,NW
130.51,36.0,NW
132.3,36.0,NW
3.13,64.0,SE
1.79,67.0,cv
3.13,72.0,SE
4.92,88.0,SE
0.89,84.0,cv
1.79,87.0,SE
0.89,107.0,cv
1.79,129.0,NW
3.58,109.0,NW
1.79,113.0,SE
3.13,83.0,NW
10.28,71.0,NW
17.43,61.0,NW
27.26,50.0,NW
37.09,48.0,NW
46.03,41.0,NW
57.21,34.0,NW
65.26,28.0,NW
73.31,22.0,NW
83.14,19.0,NW
92.97,16.0,NW
102.8,21.0,NW
109.95,15.0,NW
114.87,22.0,NW
119.79,18.0,NW
125.6,23.0,NW
130.52,20.0,NW
137.67,23.0,NW
143.48,24.0,NW
147.5,53.0,NW
151.52,65.0,NW
153.31,70.0,NW
0.89,79.0,cv
4.02,92.0,NW
8.94,106.0,NW
16.09,75.0,NW
21.9,58.0,NW
26.82,33.0,NW
31.74,51.0,NW
39.79,32.0,NW
48.73,23.0,NW
55.88,28.0,NW
63.93,23.0,NW
71.08,24.0,NW
76.89,26.0,NW
81.81,26.0,NW
84.94,27.0,NW
1.79,43.0,SE
2.68,62.0,SE
1.79,70.0,NE
0.89,81.0,SE
1.79,111.0,NW
0.89,144.0,NE
0.89,170.0,cv
1.34,174.0,cv
0.89,174.0,NW
0.89,172.0,cv
1.79,149.0,SE
3.58,166.0,SE
0.89,187.0,NE
3.13,107.0,NW
4.92,114.0,NW
6.71,108.0,NW
0.89,102.0,cv
1.78,95.0,cv
2.67,127.0,cv
4.46,125.0,cv
5.35,128.0,cv
5.8,146.0,cv
6.69,165.0,cv
7.58,173.0,cv
8.47,195.0,cv
9.36,239.0,cv
0.89,232.0,SE
1.79,242.0,NE
4.02,269.0,NW
7.15,264.0,NW
0.45,220.0,cv
4.02,146.0,NW
0.89,34.0,cv
3.13,34.0,NW
7.15,35.0,NW
0.89,45.0,cv
3.13,43.0,NW
7.15,43.0,NW
11.17,36.0,NW
14.3,36.0,NW
17.43,23.0,NW
20.56,25.0,NW
22.35,29.0,NW
1.79,26.0,NE
3.58,21.0,NE
1.79,25.0,SE
3.58,31.0,SE
0.45,43.0,cv
1.34,46.0,cv
2.23,50.0,cv
2.68,68.0,cv
1.79,60.0,SE
4.92,103.0,SE
6.71,85.0,SE
8.5,86.0,SE
0.89,89.0,cv
1.79,77.0,SE
0.45,77.0,cv
1.34,75.0,cv
1.79,80.0,cv
0.89,86.0,SE
0.89,95.0,cv
0.89,101.0,SE
1.78,132.0,SE
3.57,153.0,SE
1.79,173.0,NE
0.89,178.0,cv
1.79,176.0,SE
0.89,209.0,cv
1.79,219.0,NW
3.58,224.0,NW
6.71,212.0,NW
8.5,221.0,NW
10.29,221.0,NW
0.89,217.0,cv
1.78,203.0,cv
1.79,221.0,NW
3.58,192.0,NW
6.71,183.0,NW
10.73,175.0,NW
14.75,177.0,NW
17.88,183.0,NW
22.8,155.0,NW
26.82,151.0,NW
29.95,137.0,NW
34.87,109.0,NW
39.79,140.0,NW
42.92,117.0,NW
46.05,128.0,NW
3.13,54.0,NE
6.26,34.0,NE
9.39,32.0,NE
12.52,28.0,NE
3.13,29.0,SE
4.92,37.0,SE
6.71,46.0,SE
0.89,54.0,cv
1.78,53.0,cv
4.02,47.0,SE
7.15,112.0,SE
8.94,125.0,SE
0.89,128.0,cv
1.78,126.0,cv
2.67,153.0,cv
3.12,157.0,cv
0.89,144.0,SE
0.89,138.0,cv
1.79,128.0,SE
3.58,126.0,SE
5.37,126.0,SE
8.5,159.0,SE
11.63,149.0,SE
15.65,123.0,SE
18.78,150.0,SE
22.8,146.0,SE
25.93,145.0,SE
27.72,160.0,SE
29.51,148.0,SE
30.4,156.0,SE
31.29,158.0,SE
0.89,167.0,NE
0.89,171.0,SE
1.78,177.0,SE
0.89,185.0,NE
0.89,201.0,cv
1.34,217.0,cv
0.89,208.0,NE
0.89,204.0,cv
0.89,213.0,NW
2.68,256.0,NW
5.81,211.0,NW
8.94,203.0,NW
12.07,212.0,NW
16.09,205.0,NW
20.11,196.0,NW
24.13,182.0,NW
4.02,124.0,NE
8.94,102.0,NE
12.96,77.0,NE
16.98,48.0,NE
3.13,38.0,NW
1.79,31.0,NE
1.79,27.0,NW
4.92,33.0,NW
8.94,35.0,NW
12.07,29.0,NW
16.09,24.0,NW
20.11,26.0,NW
24.13,11.0,NW
28.15,14.0,NW
31.28,12.0,NW
34.41,9.0,NW
39.33,11.0,NW
43.35,15.0,NW
1.79,13.0,NE
1.79,15.0,NW
6.71,17.0,NW
4.02,19.0,NE
3.13,18.0,NW
7.15,21.0,NW
1.79,17.0,cv
8.94,22.0,NW
16.09,23.0,NW
21.9,16.0,NW
27.71,22.0,NW
33.52,18.0,NW
39.33,17.0,NW
44.25,21.0,NW
49.17,23.0,NW
54.09,22.0,NW
58.11,21.0,NW
59.9,23.0,NW
1.79,53.0,SE
0.89,66.0,cv
1.79,52.0,NW
3.58,30.0,NW
6.71,10.0,NW
9.84,10.0,NW
14.76,13.0,NW
18.78,11.0,NW
20.57,14.0,NW
23.7,20.0,NW
27.72,22.0,NW
31.74,23.0,NW
37.55,20.0,NW
42.47,17.0,NW
48.28,14.0,NW
54.09,10.0,NW
61.24,10.0,NW
67.05,27.0,NW
4.92,44.0,SE
8.05,53.0,SE
9.84,59.0,SE
12.97,56.0,SE
14.76,58.0,SE
0.89,66.0,cv
0.89,73.0,NE
0.89,83.0,cv
1.78,81.0,cv
1.79,91.0,NW
3.58,104.0,NW
5.37,88.0,NW
7.16,85.0,NW
10.29,66.0,NW
13.42,47.0,NW
0.89,70.0,cv
1.79,61.0,NW
0.89,47.0,cv
1.78,61.0,cv
2.67,69.0,cv
1.79,66.0,NW
3.58,63.0,NW
1.79,43.0,SE
4.92,48.0,NW
4.02,67.0,SE
8.04,87.0,SE
12.06,127.0,SE
0.89,126.0,cv
1.78,126.0,cv
1.79,106.0,SE
2.68,104.0,SE
0.89,118.0,NE
1.78,141.0,NE
1.79,199.0,NW
2.68,262.0,NW
4.47,234.0,NW
0.89,221.0,cv
0.89,177.0,NW
4.02,135.0,NW
1.79,108.0,NE
0.89,97.0,cv
1.79,87.0,NW
3.58,85.0,NW
5.37,81.0,NW
1.79,82.0,cv
1.79,81.0,NW
1.79,111.0,cv
4.02,143.0,SE
7.15,153.0,SE
11.17,189.0,SE
14.3,244.0,SE
0.89,273.0,NW
2.68,218.0,NW
6.7,227.0,NW
0.89,95.0,cv
8.94,20.0,NW
39.78,12.0,NW
42.91,12.0,NW
0.89,17.0,cv
1.79,33.0,NW
3.58,22.0,NW
1.79,20.0,NE
0.89,10.0,cv
4.02,14.0,NW
8.04,12.0,NW
12.06,12.0,NW
16.98,8.0,NW
3.13,19.0,cv
3.13,40.0,SE
7.15,37.0,SE
0.45,42.0,cv
1.34,56.0,cv
3.13,62.0,NW
0.89,57.0,NE
0.89,57.0,cv
1.79,75.0,NW
0.89,96.0,cv
1.79,110.0,NW
3.58,97.0,NW
5.37,105.0,NW
0.89,84.0,NE
1.79,106.0,NW
0.89,112.0,NE
2.68,120.0,NE
0.89,117.0,cv
1.78,118.0,cv
2.67,106.0,cv
3.56,96.0,cv
4.45,82.0,cv
1.79,63.0,SE
0.89,79.0,cv
0.89,125.0,SE
0.89,119.0,cv
1.79,115.0,NE
1.79,131.0,SE
1.79,177.0,NE
0.89,287.0,SE
1.79,299.0,NE
1.79,250.0,NW
3.58,159.0,NW
6.71,124.0,NW
11.63,123.0,NW
15.65,49.0,NW
0.89,36.0,cv
1.78,59.0,cv
2.67,85.0,cv
1.79,170.0,NW
3.58,180.0,NW
5.37,227.0,NW
0.89,199.0,cv
1.78,168.0,cv
2.67,93.0,cv
1.79,80.0,NW
1.79,111.0,cv
3.13,133.0,SE
6.26,135.0,SE
9.39,94.0,SE
12.52,103.0,SE
1.79,92.0,cv
2.68,93.0,cv
3.57,109.0,cv
4.46,122.0,cv
5.35,123.0,cv
0.89,122.0,NW
2.68,172.0,NW
4.47,213.0,NW
6.26,196.0,NW
0.89,158.0,cv
1.78,103.0,cv
3.13,90.0,NW
4.92,70.0,NW
8.05,67.0,NW
12.07,66.0,NW
13.86,52.0,NW
1.79,55.0,cv
2.68,51.0,cv
3.57,47.0,cv
5.36,48.0,cv
6.25,60.0,cv
1.79,88.0,SE
5.81,279.0,SE
8.94,435.0,SE
0.89,489.0,cv
1.78,513.0,cv
1.79,539.0,SE
0.89,567.0,cv
1.79,569.0,SE
0.89,659.0,cv
1.78,648.0,cv
2.67,651.0,cv
1.79,671.0,NE
1.79,623.0,SE
0.89,618.0,NW
1.78,532.0,NW
3.57,477.0,NW
5.36,479.0,NW
0.89,490.0,cv
1.79,476.0,NE
5.81,457.0,NE
8.94,327.0,NE
1.79,161.0,SE
3.58,286.0,SE
5.37,298.0,SE
7.16,310.0,SE
10.29,332.0,SE
12.08,391.0,SE
13.87,437.0,SE
0.89,422.0,cv
1.79,320.0,SE
3.58,346.0,SE
7.6,351.0,SE
10.73,297.0,SE
13.86,290.0,SE
18.78,250.0,SE
23.7,170.0,SE
29.51,103.0,SE
34.43,79.0,SE
0.89,73.0,cv
1.79,74.0,SE
3.58,77.0,SE
5.37,81.0,SE
0.89,95.0,cv
1.79,115.0,SE
0.89,77.0,cv
2.68,67.0,cv
7.15,13.0,NW
14.3,12.0,NW
21.45,10.0,NW
28.6,195.0,NW
32.62,238.0,NW
36.64,293.0,NW
40.66,384.0,NW
44.68,381.0,NW
49.6,296.0,NW
54.52,38.0,NW
57.65,19.0,NW
63.46,22.0,NW
68.38,20.0,NW
73.3,14.0,NW
1.79,23.0,NE
3.58,19.0,NE
6.71,22.0,NE
3.13,33.0,NW
6.26,42.0,NW
9.39,40.0,NW
4.02,43.0,NE
0.89,56.0,cv
2.68,57.0,cv
3.13,153.0,SE
7.15,108.0,SE
12.07,89.0,SE
16.09,87.0,SE
17.88,95.0,SE
0.89,111.0,cv
1.79,112.0,SE
5.81,145.0,SE
7.6,184.0,SE
11.62,178.0,SE
15.64,170.0,SE
19.66,161.0,SE
21.45,133.0,SE
24.58,114.0,SE
0.89,112.0,cv
1.78,114.0,cv
1.79,130.0,SE
0.89,133.0,cv
1.78,143.0,cv
2.67,137.0,cv
1.79,143.0,NW
3.58,145.0,NW
0.89,185.0,cv
2.68,198.0,cv
1.79,205.0,SE
4.92,195.0,SE
6.71,203.0,SE
8.5,209.0,SE
0.89,202.0,cv
12.07,28.0,NW
21.9,26.0,NW
29.95,22.0,NW
38.89,24.0,NW
46.04,16.0,NW
50.06,16.0,NW
59.89,17.0,NW
69.72,7.0,NW
84.92,9.0,NW
97.88,10.0,NW
109.06,8.0,NW
114.87,7.0,NW
123.81,10.0,NW
135.88,11.0,NW
147.06,11.0,NW
159.13,10.0,NW
171.2,7.0,NW
183.27,9.0,NW
194.45,14.0,NW
207.41,13.0,NW
219.48,14.0,NW
230.66,9.0,NW
240.49,14.0,NW
250.32,9.0,NW
258.37,8.0,NW
265.52,10.0,NW
272.67,8.0,NW
277.59,9.0,NW
284.74,11.0,NW
291.89,11.0,NW
297.7,10.0,NW
306.64,15.0,NW
310.66,13.0,NW
315.58,16.0,NW
318.71,13.0,NW
323.63,18.0,NW
328.55,18.0,NW
3.13,22.0,NE
6.26,23.0,NE
3.13,24.0,NW
6.26,24.0,NW
0.89,23.0,cv
1.79,23.0,NW
3.13,42.0,cv
4.02,54.0,SE
8.94,48.0,SE
12.96,66.0,SE
16.09,56.0,SE
19.22,67.0,SE
21.01,95.0,SE
22.8,111.0,SE
0.89,112.0,cv
0.89,113.0,NE
1.79,127.0,SE
0.89,137.0,NE
0.89,164.0,NW
2.68,190.0,NW
4.47,175.0,NW
6.26,142.0,NW
8.05,107.0,NW
11.18,101.0,NW
14.31,100.0,NW
0.89,97.0,cv
3.13,101.0,NW
4.92,105.0,NW
0.89,117.0,cv
1.79,119.0,SE
0.89,115.0,cv
1.78,125.0,cv
1.78,184.0,cv
0.89,210.0,SE
1.78,213.0,SE
3.57,237.0,SE
1.79,258.0,NE
1.79,264.0,SE
3.58,324.0,SE
1.79,344.0,NW
0.45,356.0,cv
0.9,366.0,cv
0.89,350.0,NW
0.45,321.0,cv
0.89,294.0,NW
2.68,239.0,NW
4.47,219.0,NW
0.89,221.0,cv
1.34,245.0,cv
1.79,311.0,NW
0.89,240.0,cv
1.79,235.0,NE
0.89,232.0,cv
1.78,238.0,cv
2.67,243.0,cv
0.89,282.0,NE
0.89,310.0,cv
1.78,295.0,cv
0.89,301.0,NW
1.79,325.0,NE
0.89,319.0,NW
2.68,335.0,NW
4.47,301.0,NW
6.26,312.0,NW
8.05,316.0,NW
11.18,296.0,NW
12.97,270.0,NW
16.99,252.0,NW
21.91,234.0,NW
0.89,233.0,cv
1.78,241.0,cv
1.79,231.0,NW
3.58,214.0,NW
6.71,210.0,NW
11.63,178.0,NW
15.65,142.0,NW
4.92,122.0,NE
8.94,59.0,NE
13.86,47.0,NE
17.88,40.0,NE
21.9,32.0,NE
25.92,48.0,NE
29.05,32.0,NE
3.13,25.0,NW
1.79,26.0,NE
4.02,43.0,NW
1.79,54.0,NE
1.79,55.0,NW
0.89,53.0,cv
1.78,60.0,cv
1.79,55.0,NW
3.58,42.0,NW
6.71,36.0,NW
9.84,32.0,NW
12.97,14.0,NW
16.99,15.0,NW
4.02,18.0,NE
8.94,14.0,NE
14.75,15.0,NE
20.56,15.0,NE
26.37,14.0,NE
31.29,19.0,NE
35.31,17.0,NE
0.89,16.0,SE
0.89,14.0,cv
0.89,33.0,NW
4.02,45.0,NW
3.13,55.0,SE
6.26,71.0,SE
10.28,59.0,SE
13.41,42.0,SE
15.2,31.0,SE
0.89,30.0,cv
1.79,39.0,SE
3.58,23.0,SE
5.37,26.0,SE
7.16,25.0,SE
10.29,26.0,SE
12.08,24.0,SE
13.87,29.0,SE
17.0,28.0,SE
21.02,35.0,SE
25.94,35.0,SE
30.86,38.0,SE
34.88,49.0,SE
38.9,65.0,SE
42.92,72.0,SE
44.71,74.0,SE
0.89,80.0,cv
3.13,88.0,SE
6.26,106.0,SE
8.05,113.0,SE
11.18,139.0,SE
12.97,119.0,SE
14.76,122.0,SE
0.45,116.0,cv
0.89,132.0,NE
0.45,120.0,cv
1.79,111.0,NW
3.58,108.0,NW
6.71,110.0,NW
8.5,119.0,NW
10.29,125.0,NW
13.42,143.0,NW
16.55,149.0,NW
19.68,133.0,NW
22.81,136.0,NW
25.94,149.0,NW
29.07,161.0,NW
30.86,167.0,NW
32.65,167.0,NW
0.89,53.0,cv
7.15,19.0,NW
16.09,32.0,NW
27.27,15.0,NW
36.21,11.0,NW
44.26,10.0,NW
3.13,11.0,NE
4.92,11.0,NE
3.13,9.0,NW
7.15,19.0,NW
10.28,13.0,NW
13.41,13.0,NW
0.89,14.0,cv
3.13,17.0,NE
1.79,16.0,SE
0.89,18.0,cv
1.78,31.0,cv
1.79,23.0,SE
4.92,15.0,SE
8.94,57.0,SE
14.75,65.0,SE
20.56,64.0,SE
25.48,65.0,SE
30.4,64.0,SE
34.42,81.0,SE
37.55,75.0,SE
40.68,70.0,SE
44.7,71.0,SE
48.72,83.0,SE
52.74,74.0,SE
54.53,86.0,SE
56.32,75.0,SE
1.79,72.0,NE
1.79,74.0,SE
0.89,76.0,cv
1.34,84.0,cv
0.89,81.0,NE
0.89,86.0,cv
0.89,84.0,NE
1.79,88.0,SE
0.89,91.0,cv
1.79,102.0,SE
3.58,121.0,SE
1.79,132.0,NE
1.79,163.0,SE
0.89,175.0,cv
1.78,190.0,cv
2.67,203.0,cv
3.56,205.0,cv
0.89,217.0,NE
1.78,241.0,NE
1.79,226.0,NW
4.92,225.0,NW
8.05,205.0,NW
0.89,213.0,cv
1.78,229.0,cv
2.67,217.0,cv
1.79,218.0,SE
0.89,128.0,cv
4.92,88.0,NW
8.94,20.0,NW
14.75,16.0,NW
18.77,6.0,NW
21.9,12.0,NW
0.89,20.0,cv
4.02,26.0,NE
7.15,16.0,NE
8.94,16.0,NE
3.13,16.0,SE
4.92,12.0,SE
6.71,17.0,SE
10.73,17.0,SE
14.75,25.0,SE
16.54,39.0,SE
21.46,54.0,SE
26.38,123.0,SE
29.51,142.0,SE
33.53,157.0,SE
36.66,190.0,SE
39.79,137.0,SE
41.58,469.0,SE
44.71,344.0,SE
46.5,281.0,SE
0.89,209.0,cv
0.89,150.0,NE
1.79,138.0,NW
3.58,133.0,NW
5.37,130.0,NW
9.39,143.0,NW
13.41,103.0,NW
17.43,81.0,NW
0.89,70.0,cv
1.79,81.0,NW
0.89,117.0,cv
1.79,130.0,SE
3.58,146.0,SE
0.89,144.0,cv
1.78,147.0,cv
2.67,140.0,cv
3.56,148.0,cv
4.45,155.0,cv
4.9,167.0,cv
5.79,180.0,cv
0.89,183.0,NE
0.45,181.0,cv
1.79,172.0,NW
2.68,167.0,NW
4.47,171.0,NW
6.26,179.0,NW
8.05,175.0,NW
11.18,190.0,NW
14.31,189.0,NW
17.44,187.0,NW
20.57,178.0,NW
0.89,184.0,NE
0.89,152.0,cv
1.78,124.0,cv
1.79,163.0,SE
3.58,143.0,SE
5.37,127.0,SE
8.5,109.0,SE
11.63,120.0,SE
14.76,135.0,SE
17.89,118.0,SE
21.02,132.0,SE
25.04,141.0,SE
28.17,144.0,SE
29.96,141.0,SE
33.09,144.0,SE
36.22,159.0,SE
39.35,163.0,SE
41.14,174.0,SE
0.89,164.0,cv
3.13,171.0,NW
7.15,162.0,NW
12.96,152.0,NW
20.11,141.0,NW
28.16,66.0,NW
37.1,22.0,NW
49.17,15.0,NW
60.35,13.0,NW
70.18,13.0,NW
81.36,12.0,NW
89.41,13.0,NW
98.35,10.0,NW
104.16,9.0,NW
4.92,8.0,NE
10.73,9.0,NE
14.75,7.0,NE
18.77,9.0,NE
21.9,8.0,NE
26.82,10.0,NE
28.61,8.0,NE
30.4,10.0,NE
0.89,9.0,cv
8.05,6.0,NW
13.86,6.0,NW
22.8,7.0,NW
29.95,5.0,NW
38.89,6.0,NW
46.94,6.0,NW
54.99,4.0,NW
63.04,4.0,NW
71.09,6.0,NW
80.03,6.0,NW
88.08,6.0,NW
96.13,4.0,NW
104.18,6.0,NW
113.12,6.0,NW
118.04,6.0,NW
122.06,6.0,NW
126.08,11.0,NW
4.02,11.0,NE
5.81,13.0,NE
4.92,16.0,NW
6.71,3.0,NW
12.52,7.0,NW
19.67,6.0,NW
25.48,6.0,NW
30.4,6.0,NW
35.32,6.0,NW
40.24,7.0,NW
46.05,10.0,NW
51.86,10.0,NW
56.78,9.0,NW
63.93,12.0,NW
71.08,12.0,NW
72.87,11.0,NW
76.0,10.0,NW
80.02,6.0,NW
81.81,8.0,NW
3.13,7.0,SE
6.26,18.0,SE
0.89,17.0,NE
0.89,50.0,SE
1.78,71.0,SE
3.57,91.0,SE
5.36,109.0,SE
0.89,126.0,NE
1.79,104.0,SE
3.58,80.0,SE
0.89,69.0,cv
1.79,62.0,SE
0.89,73.0,cv
1.34,115.0,cv
2.23,155.0,cv
0.89,148.0,NE
1.78,114.0,NE
0.89,94.0,cv
1.78,117.0,cv
2.67,118.0,cv
3.56,116.0,cv
4.45,96.0,cv
4.02,96.0,SE
7.15,102.0,SE
8.94,99.0,SE
10.73,104.0,SE
11.62,101.0,SE
12.51,92.0,SE
13.4,76.0,SE
14.29,90.0,SE
16.08,111.0,SE
1.79,125.0,NE
2.68,139.0,NE
0.89,151.0,cv
1.79,204.0,SE
0.89,203.0,cv
0.89,200.0,NW
2.68,187.0,NW
0.45,168.0,cv
1.34,158.0,cv
0.89,155.0,NE
1.79,154.0,NW
3.58,146.0,NW
5.37,150.0,NW
0.89,136.0,cv
1.78,130.0,cv
2.67,122.0,cv
3.56,125.0,cv
1.79,121.0,SE
3.58,108.0,SE
0.89,102.0,cv
1.34,118.0,cv
0.89,130.0,SE
2.68,155.0,SE
4.47,131.0,SE
7.6,93.0,SE
9.39,91.0,SE
12.52,86.0,SE
15.65,101.0,SE
17.44,105.0,SE
19.23,110.0,SE
22.36,112.0,SE
26.38,119.0,SE
30.4,100.0,SE
32.19,105.0,SE
33.98,105.0,SE
35.77,112.0,SE
37.56,107.0,SE
39.35,94.0,SE
41.14,84.0,SE
44.27,89.0,SE
46.06,90.0,SE
47.85,98.0,SE
49.64,100.0,SE
51.43,109.0,SE
54.56,107.0,SE
57.69,107.0,SE
59.48,106.0,SE
61.27,108.0,SE
63.06,109.0,SE
66.19,106.0,SE
69.32,95.0,SE
71.11,94.0,SE
72.0,88.0,SE
0.89,115.0,cv
1.78,133.0,cv
1.79,132.0,NE
2.68,147.0,NE
3.13,147.0,NW
4.92,146.0,NW
1.79,79.0,NE
3.13,38.0,NW
7.15,20.0,NW
4.02,14.0,NE
4.92,10.0,NW
3.13,6.0,NE
7.15,9.0,NW
15.2,7.0,NW
21.01,10.0,NW
29.06,8.0,NW
34.87,7.0,NW
40.68,14.0,NW
46.49,10.0,NW
50.51,6.0,NW
55.43,9.0,NW
61.24,13.0,NW
66.16,9.0,NW
71.08,10.0,NW
74.21,9.0,NW
77.34,10.0,NW
82.26,10.0,NW
88.07,11.0,NW
91.2,12.0,NW
95.22,16.0,NW
100.14,12.0,NW
105.06,17.0,NW
109.08,14.0,NW
113.1,14.0,NW
116.23,12.0,NW
119.36,14.0,NW
0.89,10.0,cv
3.13,11.0,NW
7.15,11.0,NW
12.07,14.0,NW
16.09,15.0,NW
21.01,26.0,NW
22.8,24.0,NW
26.82,18.0,NW
29.95,11.0,NW
33.08,12.0,NW
36.21,9.0,NW
39.34,9.0,NW
42.47,13.0,NW
45.6,9.0,NW
1.79,8.0,NE
1.79,7.0,NW
4.92,13.0,NW
4.92,13.0,NE
8.94,22.0,NE
3.13,10.0,NW
4.92,18.0,NW
1.79,20.0,SE
3.58,20.0,SE
5.37,26.0,SE
8.5,24.0,SE
12.52,25.0,SE
16.54,34.0,SE
19.67,42.0,SE
21.46,47.0,SE
0.89,53.0,cv
1.78,64.0,cv
0.89,65.0,SE
0.89,66.0,cv
1.79,76.0,SE
0.89,83.0,NE
0.45,120.0,cv
0.9,121.0,cv
1.79,111.0,NW
3.58,112.0,NW
5.37,100.0,NW
7.16,84.0,NW
8.95,66.0,NW
10.74,64.0,NW
0.89,73.0,cv
1.78,90.0,cv
1.79,103.0,SE
3.13,126.0,cv
4.02,146.0,SE
8.04,143.0,SE
12.06,135.0,SE
13.85,188.0,SE
15.64,221.0,SE
0.89,203.0,cv
1.78,204.0,cv
0.89,184.0,NE
0.89,177.0,cv
0.89,220.0,NE
1.78,268.0,NE
3.13,255.0,NW
6.26,241.0,NW
9.39,181.0,NW
12.52,146.0,NW
15.65,141.0,NW
20.57,136.0,NW
24.59,124.0,NW
3.13,87.0,NE
4.92,66.0,NE
8.05,44.0,NE
11.18,36.0,NE
1.79,39.0,SE
3.58,55.0,SE
1.79,114.0,cv
3.13,100.0,SE
6.26,95.0,SE
9.39,162.0,SE
13.41,237.0,SE
15.2,229.0,SE
18.33,175.0,SE
21.46,150.0,SE
24.59,145.0,SE
28.61,268.0,SE
32.63,237.0,SE
35.76,208.0,SE
37.55,193.0,SE
40.68,175.0,SE
42.47,160.0,SE
45.6,176.0,SE
48.73,181.0,SE
51.86,185.0,SE
53.65,198.0,SE
57.67,205.0,SE
61.69,206.0,SE
64.82,214.0,SE
66.61,214.0,SE
68.4,204.0,SE
71.53,208.0,SE
74.66,200.0,SE
76.45,197.0,SE
78.24,220.0,SE
0.89,236.0,cv
1.79,239.0,NE
3.58,250.0,NE
5.37,243.0,NE
6.26,251.0,NE
7.15,263.0,NE
0.89,262.0,cv
0.89,261.0,NE
1.78,276.0,NE
0.89,264.0,SE
0.89,259.0,NW
2.68,250.0,NW
4.47,235.0,NW
0.89,222.0,cv
0.89,206.0,NE
0.89,205.0,cv
1.78,196.0,cv
2.67,218.0,cv
4.46,234.0,cv
5.35,264.0,cv
1.79,272.0,SE
0.89,307.0,cv
1.78,323.0,cv
2.23,311.0,cv
2.68,327.0,cv
0.89,362.0,SE
1.79,487.0,NW
0.89,436.0,NE
0.45,436.0,cv
0.89,579.0,NW
0.89,649.0,cv
1.79,457.0,NW
3.58,466.0,NW
5.37,408.0,NW
7.16,344.0,NW
8.95,322.0,NW
10.74,287.0,NW
0.89,319.0,NE
0.45,282.0,cv
1.79,277.0,NW
1.79,277.0,SE
3.58,279.0,SE
5.37,327.0,SE
7.16,348.0,SE
8.95,418.0,SE
0.89,423.0,cv
1.79,366.0,SE
0.89,338.0,cv
1.34,347.0,cv
2.23,336.0,cv
3.12,351.0,cv
4.01,353.0,cv
1.79,375.0,NW
3.58,382.0,NW
6.71,393.0,NW
8.5,388.0,NW
10.29,376.0,NW
14.31,382.0,NW
18.33,362.0,NW
21.46,345.0,NW
24.59,328.0,NW
27.72,323.0,NW
29.51,297.0,NW
31.3,280.0,NW
1.79,267.0,SE
0.89,259.0,cv
2.68,177.0,cv
1.79,161.0,SE
3.58,120.0,SE
7.6,185.0,SE
9.39,211.0,SE
13.41,169.0,SE
17.43,242.0,SE
20.56,247.0,SE
22.35,238.0,SE
24.14,225.0,SE
25.93,216.0,SE
0.89,165.0,cv
3.13,142.0,SE
4.02,136.0,SE
5.81,117.0,SE
0.89,119.0,cv
0.89,52.0,NE
1.79,46.0,NW
0.89,53.0,cv
0.89,67.0,SE
0.89,70.0,cv
3.13,61.0,SE
7.15,78.0,SE
10.28,88.0,SE
12.07,75.0,SE
15.2,73.0,SE
16.99,79.0,SE
20.12,67.0,SE
23.25,73.0,SE
26.38,71.0,SE
28.17,66.0,SE
33.09,66.0,SE
37.11,75.0,SE
41.13,59.0,SE
45.15,41.0,SE
48.28,45.0,SE
49.17,28.0,SE
50.96,27.0,SE
0.89,27.0,cv
1.79,46.0,SE
3.58,65.0,SE
5.37,60.0,SE
7.16,54.0,SE
8.95,63.0,SE
12.97,71.0,SE
16.1,69.0,SE
19.23,76.0,SE
22.36,82.0,SE
26.38,63.0,SE
30.4,63.0,SE
34.42,63.0,SE
37.55,64.0,SE
42.47,88.0,SE
0.89,80.0,cv
0.89,89.0,SE
1.79,93.0,NE
1.79,104.0,SE
2.68,123.0,SE
1.79,118.0,NE
3.58,116.0,NE
0.89,125.0,SE
1.79,119.0,NW
0.89,120.0,cv
3.13,122.0,NW
0.89,122.0,cv
1.78,112.0,cv
1.79,108.0,NW
4.92,103.0,NW
8.05,89.0,NW
9.84,58.0,NW
1.79,38.0,NE
1.79,19.0,NW
0.89,22.0,cv
1.79,18.0,NE
3.13,14.0,SE
7.15,16.0,SE
8.94,15.0,SE
12.96,34.0,SE
16.98,39.0,SE
20.11,89.0,SE
25.03,124.0,SE
26.82,142.0,SE
29.95,152.0,SE
31.74,156.0,SE
33.53,152.0,SE
35.32,160.0,SE
36.21,173.0,SE
0.89,174.0,cv
0.89,180.0,SE
1.78,185.0,SE
3.57,184.0,SE
5.36,190.0,SE
7.15,196.0,SE
10.73,221.0,SE
13.86,233.0,SE
16.99,240.0,SE
20.12,273.0,SE
23.25,327.0,SE
26.38,347.0,SE
28.17,384.0,SE
29.06,392.0,SE
29.95,400.0,SE
0.89,394.0,NE
0.45,448.0,cv
0.89,424.0,SE
0.45,400.0,cv
0.9,398.0,cv
1.35,383.0,cv
1.8,357.0,cv
2.25,367.0,cv
0.89,335.0,SE
0.89,313.0,NW
0.89,328.0,cv
1.79,324.0,NW
4.92,305.0,NW
6.71,268.0,NW
8.5,247.0,NW
0.89,267.0,cv
1.79,334.0,NW
0.89,328.0,cv
1.79,327.0,NE
1.79,326.0,SE
0.89,309.0,cv
0.89,321.0,SE
0.89,340.0,cv
1.78,346.0,cv
0.89,330.0,NE
3.13,340.0,NW
0.89,353.0,cv
0.89,384.0,NW
2.68,383.0,NW
5.81,399.0,NW
6.7,340.0,NW
7.59,327.0,NW
9.38,295.0,NW
11.17,296.0,NW
14.3,333.0,NW
16.09,336.0,NW
19.22,350.0,NW
21.01,305.0,NW
0.89,283.0,cv
1.79,323.0,SE
1.79,377.0,NE
1.79,357.0,SE
4.92,360.0,SE
8.05,350.0,SE
0.89,339.0,cv
0.89,335.0,NE
0.89,341.0,SE
2.68,352.0,SE
5.81,355.0,SE
8.94,327.0,SE
10.73,303.0,SE
12.52,287.0,SE
14.31,279.0,SE
17.89,264.0,SE
19.68,245.0,SE
0.89,228.0,cv
1.78,233.0,cv
2.67,240.0,cv
3.56,246.0,cv
4.45,246.0,cv
1.79,252.0,SE
0.89,266.0,cv
1.78,270.0,cv
2.67,279.0,cv
3.56,283.0,cv
4.45,316.0,cv
5.34,336.0,cv
0.89,333.0,SE
1.78,348.0,SE
0.89,360.0,cv
1.78,358.0,cv
2.67,358.0,cv
3.56,357.0,cv
4.45,362.0,cv
0.89,348.0,NE
0.89,323.0,NW
0.45,339.0,cv
0.89,339.0,NW
2.68,339.0,NW
4.47,341.0,NW
6.26,344.0,NW
8.05,335.0,NW
0.89,329.0,cv
1.79,323.0,NE
3.58,350.0,NE
1.79,341.0,NW
3.58,347.0,NW
0.89,356.0,cv
1.78,342.0,cv
2.67,366.0,cv
4.46,358.0,cv
5.35,391.0,cv
6.24,425.0,cv
1.79,387.0,SE
3.58,363.0,SE
0.89,343.0,cv
0.89,353.0,NE
1.78,357.0,NE
0.89,371.0,cv
1.34,394.0,cv
0.89,453.0,NE
0.89,453.0,cv
0.89,485.0,NW
1.78,463.0,NW
3.57,463.0,NW
5.36,418.0,NW
7.15,384.0,NW
10.28,371.0,NW
0.89,369.0,cv
1.78,374.0,cv
2.67,397.0,cv
3.56,397.0,cv
1.79,389.0,SE
3.58,410.0,SE
1.79,436.0,cv
2.68,462.0,cv
3.13,482.0,cv
4.02,501.0,cv
1.79,507.0,NW
1.79,523.0,NE
0.89,545.0,cv
1.34,577.0,cv
2.23,541.0,cv
0.89,532.0,NE
0.89,534.0,NW
2.68,495.0,NW
4.47,483.0,NW
5.36,474.0,NW
0.89,478.0,cv
0.89,496.0,NW
1.78,519.0,NW
2.67,526.0,NW
1.79,512.0,SE
0.89,557.0,cv
1.78,551.0,cv
2.67,562.0,cv
3.13,542.0,NW
0.89,502.0,cv
1.79,525.0,NW
4.92,446.0,NW
10.73,188.0,NW
15.65,111.0,NW
19.67,82.0,NW
3.13,58.0,NE
3.13,43.0,NW
6.26,27.0,NW
14.31,31.0,NW
22.36,15.0,NW
28.17,17.0,NW
37.11,17.0,NW
46.05,21.0,NW
54.1,17.0,NW
59.91,13.0,NW
64.83,11.0,NW
67.96,12.0,NW
75.11,10.0,NW
80.92,13.0,NW
84.05,13.0,NW
4.02,8.0,NE
3.13,12.0,NW
3.13,12.0,cv
4.92,14.0,cv
1.79,17.0,NE
3.58,18.0,NE
1.79,17.0,SE
3.58,19.0,SE
5.37,31.0,SE
0.89,45.0,cv
1.78,42.0,cv
2.67,53.0,cv
1.79,42.0,NE
3.13,34.0,SE
4.92,130.0,SE
8.05,114.0,SE
9.84,61.0,SE
0.89,48.0,cv
1.78,48.0,cv
2.67,54.0,cv
0.89,57.0,SE
0.89,63.0,cv
1.79,81.0,SE
3.58,98.0,SE
7.6,106.0,SE
10.73,97.0,SE
13.86,108.0,SE
0.89,103.0,cv
1.78,96.0,cv
1.79,84.0,SE
3.58,118.0,SE
4.02,116.0,NW
0.89,158.0,cv
1.78,171.0,cv
1.79,179.0,NW
3.58,172.0,NW
5.37,168.0,NW
0.89,188.0,cv
3.13,206.0,NW
1.79,210.0,NE
1.79,180.0,NW
4.92,181.0,NW
8.05,149.0,NW
12.07,100.0,NW
16.09,83.0,NW
20.11,45.0,NW
25.03,29.0,NW
30.84,15.0,NW
36.65,14.0,NW
39.78,17.0,NW
42.91,12.0,NW
1.79,10.0,cv
7.15,10.0,NW
15.2,14.0,NW
4.02,29.0,SE
8.04,51.0,SE
12.06,48.0,SE
16.08,74.0,SE
21.0,93.0,SE
24.13,112.0,SE
27.26,125.0,SE
30.39,133.0,SE
32.18,150.0,SE
1.79,124.0,NE
1.79,135.0,SE
0.89,143.0,cv
1.79,139.0,SE
3.58,128.0,SE
0.89,134.0,cv
1.79,146.0,SE
1.79,154.0,NE
1.79,157.0,cv
1.79,174.0,SE
0.89,158.0,cv
3.13,151.0,SE
7.15,141.0,SE
10.28,137.0,SE
14.3,144.0,SE
17.43,144.0,SE
0.89,159.0,cv
3.13,166.0,SE
7.15,183.0,SE
8.94,228.0,SE
10.73,257.0,SE
12.52,306.0,SE
0.89,222.0,cv
1.78,193.0,cv
1.79,188.0,SE
0.89,182.0,cv
1.34,184.0,cv
2.23,209.0,cv
1.79,225.0,SE
2.68,238.0,SE
0.89,246.0,cv
1.78,269.0,cv
2.67,284.0,cv
1.79,260.0,NE
1.79,295.0,SE
1.79,322.0,NE
3.58,308.0,NE
1.79,271.0,NW
4.92,240.0,NW
8.05,230.0,NW
11.18,237.0,NW
14.31,242.0,NW
17.44,241.0,NW
20.57,238.0,NW
23.7,255.0,NW
26.83,266.0,NW
29.96,255.0,NW
33.09,232.0,NW
34.88,226.0,NW
36.67,215.0,NW
1.79,75.0,NE
3.13,3.0,NW
4.92,4.0,NW
8.05,7.0,NW
12.07,6.0,NW
21.01,14.0,NW
26.82,13.0,NW
33.97,8.0,NW
41.12,11.0,NW
49.17,13.0,NW
57.22,11.0,NW
65.27,7.0,NW
71.08,8.0,NW
78.23,11.0,NW
84.04,12.0,NW
89.85,13.0,NW
94.77,9.0,NW
99.69,9.0,NW
105.5,7.0,NW
110.42,14.0,NW
114.44,10.0,NW
117.57,9.0,NW
119.36,18.0,NW
0.89,14.0,NE
0.89,12.0,SE
0.45,26.0,cv
1.34,30.0,cv
1.79,35.0,cv
2.68,27.0,cv
3.57,13.0,cv
3.13,18.0,SE
7.15,27.0,SE
12.07,23.0,SE
17.88,25.0,SE
23.69,27.0,SE
29.5,26.0,SE
36.65,32.0,SE
43.8,39.0,SE
49.61,49.0,SE
55.42,48.0,SE
3.13,49.0,NW
8.05,16.0,NW
12.97,12.0,NW
16.99,12.0,NW
21.01,11.0,NW
24.14,8.0,NW
28.16,11.0,NW
29.95,9.0,NW
1.79,9.0,NE
1.79,12.0,NW
3.58,16.0,NW
5.37,14.0,NW
3.13,23.0,NE
6.26,16.0,NE
1.79,10.0,cv
4.92,13.0,NW
3.13,15.0,cv
4.02,12.0,NW
9.83,11.0,NW
17.88,12.0,NW
23.69,12.0,NW
26.82,17.0,NW
4.92,27.0,SE
9.84,29.0,SE
13.86,41.0,SE
16.99,41.0,SE
22.8,53.0,SE
26.82,67.0,SE
29.95,70.0,SE
31.74,84.0,SE
1.79,91.0,NE
3.58,99.0,NE
4.47,97.0,NE
0.45,100.0,cv
1.79,97.0,NW
3.58,86.0,NW
3.13,92.0,NE
7.15,64.0,NW
4.92,40.0,NE
8.94,26.0,NE
4.02,21.0,NW
3.13,14.0,NE
1.79,17.0,SE
3.58,20.0,SE
5.37,31.0,SE
7.16,40.0,SE
8.95,38.0,SE
12.97,41.0,SE
0.89,51.0,cv
1.79,69.0,SE
3.58,77.0,SE
5.37,111.0,SE
7.16,144.0,SE
8.95,133.0,SE
10.74,110.0,SE
12.53,143.0,SE
14.32,136.0,SE
16.11,141.0,SE
17.9,160.0,SE
0.89,159.0,cv
3.13,167.0,SE
0.89,188.0,cv
2.68,196.0,cv
4.47,205.0,cv
3.13,201.0,SE
1.79,201.0,cv
4.92,202.0,SE
9.84,201.0,SE
12.97,187.0,SE
14.76,187.0,SE
0.89,199.0,cv
1.79,206.0,NE
0.89,213.0,cv
1.78,187.0,cv
0.89,218.0,NE
1.79,134.0,NW
0.89,131.0,cv
0.89,154.0,NW
0.89,112.0,NE
0.89,55.0,SE
4.02,172.0,SE
5.81,143.0,SE
0.89,122.0,cv
1.79,114.0,NE
0.89,100.0,cv
1.79,119.0,SE
0.89,130.0,cv
4.02,145.0,cv
3.13,149.0,SE
6.26,163.0,SE
9.39,147.0,SE
12.52,133.0,SE
15.65,126.0,SE
17.44,124.0,SE
22.36,122.0,SE
27.28,91.0,SE
32.2,98.0,SE
37.12,91.0,SE
38.91,78.0,SE
40.7,55.0,SE
43.83,40.0,SE
47.85,36.0,SE
50.98,48.0,SE
0.89,54.0,cv
1.78,63.0,cv
0.89,78.0,NE
0.45,74.0,cv
0.89,76.0,NE
1.79,81.0,SE
3.58,86.0,SE
5.37,89.0,SE
0.89,96.0,cv
1.79,99.0,SE
1.79,102.0,cv
3.58,111.0,cv
3.13,121.0,SE
6.26,122.0,SE
9.39,135.0,SE
11.18,145.0,SE
0.45,159.0,cv
0.89,183.0,SE
1.78,187.0,SE
0.89,195.0,cv
1.34,224.0,cv
2.23,259.0,cv
2.68,260.0,cv
3.13,257.0,cv
4.02,267.0,cv
1.79,260.0,NW
0.89,259.0,NE
3.13,270.0,NW
4.92,234.0,NW
8.05,245.0,NW
11.18,269.0,NW
15.2,303.0,NW
0.89,272.0,cv
1.78,234.0,cv
1.79,214.0,SE
3.58,225.0,SE
1.79,220.0,NW
0.89,209.0,cv
3.13,202.0,NE
10.28,168.0,NE
17.43,13.0,NE
26.37,18.0,NE
34.42,18.0,NE
5.81,13.0,NW
11.62,10.0,NW
5.81,11.0,NE
9.83,14.0,NE
4.02,13.0,NW
7.15,10.0,NW
11.17,10.0,NW
16.98,10.0,NW
21.9,11.0,NW
27.71,11.0,NW
33.52,11.0,NW
5.81,12.0,NE
11.62,13.0,NE
4.02,11.0,NW
8.04,10.0,NW
1.79,9.0,cv
3.58,13.0,cv
3.13,13.0,NE
0.89,13.0,cv
1.79,15.0,SE
2.68,20.0,SE
3.57,41.0,SE
0.89,35.0,cv
1.79,52.0,NW
3.58,66.0,NW
6.71,36.0,NW
8.5,18.0,NW
10.29,20.0,NW
12.08,20.0,NW
0.89,14.0,cv
1.78,15.0,cv
0.89,18.0,NW
0.89,21.0,cv
1.79,32.0,NW
3.58,21.0,NW
0.89,19.0,cv
3.13,12.0,NW
1.79,15.0,cv
4.92,16.0,cv
3.13,14.0,SE
8.05,18.0,SE
13.86,20.0,SE
18.78,19.0,SE
24.59,28.0,SE
29.51,32.0,SE
34.43,40.0,SE
0.89,39.0,cv
4.92,22.0,NW
12.97,37.0,NW
20.12,24.0,NW
28.17,19.0,NW
33.98,11.0,NW
39.79,13.0,NW
46.94,11.0,NW
52.75,10.0,NW
57.67,7.0,NW
60.8,12.0,NW
63.93,15.0,NW
67.06,12.0,NW
71.08,16.0,NW
72.87,7.0,NW
3.13,12.0,cv
7.15,19.0,cv
4.02,22.0,SE
8.94,22.0,SE
14.75,16.0,SE
20.56,20.0,SE
26.37,30.0,SE
30.39,32.0,SE
35.31,38.0,SE
39.33,52.0,SE
41.12,63.0,SE
45.14,66.0,SE
46.93,72.0,SE
48.72,63.0,SE
0.89,69.0,NE
0.89,78.0,cv
1.79,85.0,NW
0.89,82.0,NE
0.89,87.0,NW
0.89,93.0,NE
0.45,116.0,cv
1.34,99.0,cv
2.23,88.0,cv
3.12,91.0,cv
1.79,109.0,SE
1.79,110.0,cv
1.79,109.0,SE
4.92,123.0,SE
8.05,136.0,SE
11.18,119.0,SE
12.97,116.0,SE
16.1,101.0,SE
17.89,131.0,SE
19.68,168.0,SE
23.7,189.0,SE
27.72,183.0,SE
30.85,205.0,SE
32.64,188.0,SE
0.89,148.0,cv
1.78,137.0,cv
2.67,140.0,cv
3.56,141.0,cv
4.45,121.0,cv
1.79,109.0,SE
0.45,83.0,cv
3.13,78.0,NW
1.79,77.0,SE
5.81,79.0,SE
3.13,73.0,cv
4.02,75.0,SE
8.04,91.0,SE
12.96,104.0,SE
16.98,116.0,SE
21.0,121.0,SE
25.02,137.0,SE
28.15,151.0,SE
31.28,159.0,SE
34.41,157.0,SE
37.54,151.0,SE
0.89,150.0,cv
0.89,149.0,SE
0.45,141.0,cv
1.79,144.0,NW
0.89,148.0,cv
1.78,144.0,cv
0.89,150.0,NE
1.79,152.0,NW
3.58,155.0,NW
6.71,165.0,NW
9.84,181.0,NW
12.97,191.0,NW
20.12,124.0,NW
27.27,36.0,NW
35.32,40.0,NW
44.26,49.0,NW
54.09,30.0,NW
63.92,27.0,NW
73.75,27.0,NW
84.93,22.0,NW
93.87,24.0,NW
101.02,21.0,NW
106.83,26.0,NW
112.64,17.0,NW
119.79,23.0,NW
123.81,23.0,NW
129.62,21.0,NW
5.81,21.0,NE
9.83,17.0,NE
12.96,15.0,NE
0.89,13.0,cv
3.13,17.0,NE
6.26,14.0,NE
10.28,20.0,NE
14.3,18.0,NE
3.13,16.0,SE
8.94,27.0,SE
13.86,52.0,SE
18.78,67.0,SE
24.59,76.0,SE
31.74,79.0,SE
37.55,76.0,SE
44.7,66.0,SE
50.51,60.0,SE
55.43,66.0,SE
59.45,61.0,SE
62.58,57.0,SE
66.6,47.0,SE
68.39,30.0,SE
70.18,34.0,SE
73.31,29.0,SE
75.1,47.0,SE
76.89,72.0,SE
1.79,73.0,NE
1.79,70.0,SE
2.68,78.0,SE
3.57,90.0,SE
0.89,92.0,cv
1.78,94.0,cv
3.57,96.0,cv
3.13,77.0,NW
6.26,79.0,NW
11.18,79.0,NW
16.1,74.0,NW
3.13,76.0,NE
6.26,66.0,NE
1.79,44.0,SE
1.79,48.0,NW
4.92,52.0,NW
8.94,20.0,NW
16.09,15.0,NW
23.24,13.0,NW
28.16,14.0,NW
32.18,10.0,NW
35.31,7.0,NW
41.12,5.0,NW
45.14,6.0,NW
50.06,7.0,NW
54.98,10.0,NW
59.9,9.0,NW
64.82,11.0,NW
70.63,9.0,NW
76.44,11.0,NW
83.59,13.0,NW
87.61,11.0,NW
90.74,17.0,NW
3.13,14.0,NE
0.89,13.0,cv
2.68,9.0,cv
3.13,7.0,SE
0.89,9.0,cv
1.79,11.0,SE
0.89,12.0,cv
1.78,18.0,cv
1.79,11.0,NW
1.79,11.0,NE
0.89,7.0,cv
4.02,6.0,NW
8.94,5.0,NW
13.86,7.0,NW
17.88,12.0,NW
19.67,13.0,NW
22.8,17.0,NW
1.79,16.0,SE
0.89,26.0,cv
1.78,18.0,cv
2.67,19.0,cv
3.56,21.0,cv
3.13,24.0,SE
6.26,20.0,SE
4.92,22.0,NW
1.79,18.0,cv
4.02,19.0,SE
14.75,28.0,SE
18.77,36.0,SE
22.79,40.0,SE
25.92,49.0,SE
29.05,54.0,SE
36.2,55.0,SE
41.12,67.0,SE
42.91,71.0,SE
0.89,76.0,cv
3.13,72.0,NW
4.92,75.0,NW
6.71,93.0,NW
7.6,89.0,NW
8.49,98.0,NW
10.28,97.0,NW
12.07,109.0,NW
1.79,89.0,cv
4.92,66.0,NE
5.81,72.0,NW
4.92,37.0,NE
4.92,21.0,NW
5.81,17.0,NE
11.62,17.0,NE
17.43,11.0,NE
22.35,16.0,NE
27.27,11.0,NE
0.89,17.0,SE
4.02,31.0,SE
9.83,61.0,SE
13.85,151.0,SE
15.64,163.0,SE
1.79,98.0,NE
0.89,96.0,cv
1.78,119.0,cv
0.89,125.0,NE
0.89,136.0,cv
1.78,147.0,cv
0.89,150.0,SE
1.79,150.0,NW
1.79,173.0,NE
0.89,184.0,cv
1.78,191.0,cv
1.79,166.0,SE
4.92,128.0,SE
8.94,141.0,SE
12.96,141.0,SE
16.98,145.0,SE
21.0,156.0,SE
25.92,160.0,SE
29.94,165.0,SE
33.07,155.0,SE
36.2,118.0,SE
40.22,152.0,SE
43.35,214.0,SE
46.48,249.0,SE
0.89,247.0,cv
0.89,248.0,NE
0.89,253.0,SE
1.79,261.0,NW
0.89,257.0,SE
0.89,262.0,NE
0.89,270.0,SE
0.89,262.0,NE
0.89,260.0,SE
0.89,271.0,cv
1.78,281.0,cv
2.67,280.0,cv
4.46,270.0,cv
6.25,277.0,cv
9.38,249.0,cv
13.4,242.0,cv
4.02,192.0,SE
8.04,167.0,SE
9.83,168.0,SE
12.96,184.0,SE
16.98,199.0,SE
17.87,225.0,SE
18.76,252.0,SE
0.45,277.0,cv
0.89,290.0,NE
1.79,299.0,NW
0.89,326.0,NE
0.89,324.0,NW
1.78,320.0,NW
3.57,279.0,NW
6.7,250.0,NW
8.49,228.0,NW
11.62,232.0,NW
14.75,233.0,NW
0.89,239.0,cv
1.78,235.0,cv
1.79,226.0,SE
1.79,223.0,cv
3.58,229.0,cv
3.13,206.0,SE
7.15,189.0,SE
11.17,188.0,SE
14.3,163.0,SE
15.19,165.0,SE
16.08,152.0,SE
16.97,147.0,SE
0.89,157.0,cv
0.89,181.0,SE
1.78,190.0,SE
0.89,201.0,NE
1.78,226.0,NE
0.89,248.0,cv
1.78,269.0,cv
2.67,275.0,cv
3.56,311.0,cv
4.45,300.0,cv
5.34,317.0,cv
6.23,330.0,cv
7.12,346.0,cv
8.01,350.0,cv
1.79,331.0,SE
3.58,327.0,SE
1.79,327.0,cv
1.79,286.0,SE
5.81,246.0,SE
9.83,269.0,SE
13.85,309.0,SE
15.64,336.0,SE
16.53,360.0,SE
0.89,387.0,cv
1.34,399.0,cv
0.89,414.0,NE
1.78,465.0,NE
0.89,436.0,NW
0.89,435.0,SE
0.45,426.0,cv
0.89,413.0,SE
0.89,358.0,NE
1.78,389.0,NE
0.45,349.0,cv
1.34,340.0,cv
3.13,336.0,SE
7.15,369.0,SE
11.17,403.0,SE
15.19,444.0,SE
19.21,306.0,SE
23.23,115.0,SE
25.02,90.0,SE
0.89,82.0,NE
0.89,85.0,cv
3.13,95.0,NW
6.26,96.0,NW
8.05,107.0,NW
9.84,111.0,NW
0.89,125.0,cv
1.79,123.0,NW
0.89,145.0,cv
1.78,153.0,cv
1.79,159.0,NW
0.89,154.0,cv
0.89,191.0,NW
1.78,195.0,NW
3.57,194.0,NW
7.59,193.0,NW
3.13,175.0,NE
4.02,194.0,NW
8.94,165.0,NW
12.96,138.0,NW
4.02,100.0,NE
8.04,83.0,NE
1.79,53.0,cv
4.02,52.0,SE
8.04,60.0,SE
12.06,100.0,SE
15.19,142.0,SE
18.32,140.0,SE
21.45,148.0,SE
23.24,183.0,SE
0.89,217.0,NE
0.89,224.0,SE
1.78,222.0,SE
0.89,219.0,cv
4.92,65.0,NW
0.89,22.0,cv
1.79,16.0,NW
6.71,16.0,NW
7.6,28.0,NW
11.62,32.0,NW
14.75,25.0,NW
19.67,25.0,NW
4.92,22.0,NE
3.13,18.0,cv
4.92,23.0,NW
1.79,23.0,cv
4.92,25.0,cv
6.71,18.0,cv
1.79,23.0,NE
0.89,25.0,cv
1.79,26.0,SE
3.58,27.0,SE
7.6,36.0,SE
11.62,47.0,SE
0.89,59.0,cv
1.79,50.0,SE
0.89,61.0,cv
1.78,58.0,cv
1.79,66.0,NW
0.45,63.0,cv
1.79,51.0,NW
4.92,39.0,NW
6.71,42.0,NW
3.13,44.0,NE
3.13,44.0,NW
6.26,35.0,NW
9.39,30.0,NW
12.52,34.0,NW
1.79,21.0,cv
3.58,14.0,cv
6.71,11.0,cv
8.5,9.0,cv
3.13,12.0,SE
4.92,13.0,SE
8.94,18.0,SE
12.07,21.0,SE
16.09,24.0,SE
20.11,27.0,SE
21.9,39.0,SE
25.03,44.0,SE
28.16,64.0,SE
31.29,106.0,SE
35.31,137.0,SE
37.1,165.0,SE
40.23,153.0,SE
43.36,116.0,SE
45.15,127.0,SE
46.94,147.0,SE
0.89,180.0,cv
1.78,199.0,cv
2.67,209.0,cv
1.79,235.0,SE
4.92,254.0,SE
6.71,250.0,SE
0.89,235.0,cv
1.78,210.0,cv
4.02,127.0,NW
11.17,72.0,NW
15.19,27.0,NW
4.92,70.0,SE
8.94,113.0,SE
10.73,118.0,SE
13.86,143.0,SE
16.99,175.0,SE
0.89,159.0,cv
1.78,161.0,cv
2.23,174.0,cv
3.12,177.0,cv
3.57,174.0,cv
4.02,180.0,cv
0.89,196.0,NW
1.78,214.0,NW
3.57,220.0,NW
1.79,216.0,NE
1.79,199.0,cv
2.68,168.0,cv
3.57,121.0,cv
3.13,124.0,SE
3.13,94.0,cv
4.92,63.0,SE
10.73,52.0,SE
16.54,64.0,SE
20.56,48.0,SE
24.58,69.0,SE
28.6,65.0,SE
0.89,83.0,cv
1.78,90.0,cv
0.89,80.0,NE
0.89,95.0,cv
1.78,99.0,cv
0.89,103.0,SE
1.79,119.0,NE
0.89,121.0,cv
1.78,113.0,cv
1.79,124.0,NE
2.68,138.0,NE
4.47,160.0,NE
6.26,163.0,NE
11.18,119.0,NE
16.1,80.0,NE
21.02,84.0,NE
25.94,76.0,NE
3.13,98.0,SE
8.94,105.0,SE
16.09,86.0,SE
21.9,132.0,SE
25.92,116.0,SE
29.94,105.0,SE
31.73,97.0,SE
33.52,87.0,SE
36.65,72.0,SE
40.67,70.0,SE
44.69,64.0,SE
47.82,55.0,SE
0.89,58.0,cv
3.13,52.0,NE
0.89,52.0,cv
4.02,53.0,NE
1.79,12.0,NW
5.81,15.0,NW
12.96,9.0,NW
21.9,6.0,NW
33.08,9.0,NW
42.91,14.0,NW
50.96,14.0,NW
58.11,11.0,NW
5.81,12.0,NE
12.96,14.0,NE
20.11,9.0,NE
24.13,7.0,NE
28.15,7.0,NE
1.79,19.0,SE
3.58,18.0,SE
5.37,22.0,SE
0.89,20.0,cv
7.15,33.0,SE
10.28,40.0,SE
14.3,35.0,SE
17.43,28.0,SE
19.22,29.0,SE
21.01,32.0,SE
22.8,36.0,SE
1.79,37.0,NE
3.58,42.0,NE
0.89,59.0,cv
2.68,60.0,cv
1.79,53.0,NW
1.79,55.0,SE
3.58,41.0,SE
3.13,31.0,NE
7.15,29.0,NE
11.17,24.0,NE
7.15,13.0,NW
7.15,11.0,NE
14.3,16.0,NE
21.45,14.0,NE
26.37,20.0,NE
28.16,14.0,NE
4.02,31.0,SE
8.04,31.0,SE
1.79,34.0,cv
4.02,33.0,SE
5.81,34.0,SE
0.89,28.0,cv
1.78,32.0,cv
2.67,37.0,cv
3.56,36.0,cv
4.45,49.0,cv
1.79,16.0,NW
6.71,8.0,NW
11.63,6.0,NW
16.55,11.0,NW
21.47,8.0,NW
1.79,4.0,cv
3.13,6.0,NE
3.13,14.0,cv
3.13,10.0,SE
7.15,10.0,SE
10.28,25.0,SE
15.2,30.0,SE
20.12,37.0,SE
24.14,48.0,SE
27.27,48.0,SE
0.45,49.0,cv
0.9,57.0,cv
0.89,58.0,SE
1.79,64.0,NW
0.89,65.0,cv
1.79,61.0,NW
0.89,61.0,cv
0.89,71.0,SE
0.89,102.0,NE
0.89,91.0,cv
1.79,84.0,NW
0.89,51.0,cv
4.02,27.0,cv
4.02,39.0,SE
9.83,33.0,SE
15.64,32.0,SE
21.45,41.0,SE
27.26,40.0,SE
34.41,45.0,SE
40.22,45.0,SE
44.24,59.0,SE
49.16,59.0,SE
54.97,82.0,SE
60.78,58.0,SE
64.8,65.0,SE
0.89,54.0,cv
0.89,55.0,SE
2.68,63.0,SE
0.89,70.0,cv
0.89,74.0,NE
1.78,80.0,NE
2.67,87.0,NE
1.79,93.0,SE
0.89,105.0,cv
1.78,92.0,cv
2.67,103.0,cv
3.56,97.0,cv
1.79,110.0,SE
0.89,92.0,cv
4.02,93.0,cv
3.13,97.0,SE
7.15,95.0,SE
11.17,88.0,SE
14.3,98.0,SE
16.09,105.0,SE
17.88,111.0,SE
0.89,123.0,cv
0.89,147.0,NE
3.13,155.0,SE
6.26,166.0,SE
8.05,194.0,SE
8.94,191.0,SE
0.89,180.0,NE
0.45,187.0,cv
0.89,195.0,NE
0.89,174.0,SE
0.89,171.0,NE
0.89,181.0,cv
1.78,193.0,cv
2.67,196.0,cv
1.79,199.0,SE
3.13,206.0,cv
3.13,175.0,SE
7.15,158.0,SE
11.17,152.0,SE
16.09,158.0,SE
21.01,139.0,SE
25.03,138.0,SE
28.16,151.0,SE
29.95,146.0,SE
31.74,139.0,SE
34.87,136.0,SE
38.0,138.0,SE
42.02,136.0,SE
45.15,136.0,SE
48.28,140.0,SE
50.07,145.0,SE
51.86,147.0,SE
53.65,151.0,SE
0.89,153.0,cv
1.78,196.0,cv
2.67,182.0,cv
1.79,162.0,NE
3.13,164.0,SE
7.15,133.0,SE
4.92,62.0,NW
12.07,60.0,NW
4.92,49.0,NE
12.07,62.0,NE
19.22,56.0,NE
26.37,65.0,NE
30.39,73.0,NE
7.15,80.0,SE
12.96,580.0,SE
17.88,217.0,SE
19.67,159.0,SE
24.59,181.0,SE
27.72,165.0,SE
30.85,175.0,SE
32.64,112.0,SE
0.89,101.0,cv
1.79,111.0,SE
2.68,102.0,SE
6.7,106.0,SE
10.72,95.0,SE
12.51,101.0,SE
15.64,88.0,SE
18.77,125.0,SE
20.56,93.0,SE
22.35,71.0,SE
25.48,74.0,SE
3.13,68.0,cv
6.26,51.0,SE
9.39,62.0,SE
12.52,64.0,SE
13.41,66.0,SE
0.89,63.0,cv
1.78,65.0,cv
2.67,72.0,cv
1.79,67.0,SE
3.58,51.0,SE
5.37,67.0,SE
8.5,64.0,SE
10.29,71.0,SE
12.08,76.0,SE
15.21,69.0,SE
18.34,69.0,SE
0.89,76.0,cv
1.79,48.0,NE
3.58,46.0,NE
0.89,47.0,cv
1.78,41.0,cv
1.79,40.0,SE
1.79,43.0,NW
1.79,36.0,cv
3.13,41.0,SE
4.92,39.0,SE
8.05,52.0,SE
9.84,59.0,SE
11.63,60.0,SE
13.42,68.0,SE
15.21,83.0,SE
17.0,103.0,SE
18.79,98.0,SE
20.58,78.0,SE
0.89,82.0,cv
1.78,88.0,cv
0.89,96.0,NE
1.78,118.0,NE
0.45,128.0,cv
0.89,143.0,NW
0.89,158.0,NE
2.68,143.0,NE
1.79,190.0,NW
0.89,151.0,cv
2.68,187.0,cv
3.13,114.0,SE
7.15,88.0,SE
11.17,78.0,SE
14.3,75.0,SE
18.32,89.0,SE
22.34,91.0,SE
0.89,109.0,cv
3.13,119.0,SE
6.26,119.0,SE
9.39,110.0,SE
12.52,120.0,SE
14.31,155.0,SE
16.1,120.0,SE
17.89,128.0,SE
0.89,131.0,cv
1.78,142.0,cv
1.79,144.0,NE
2.68,150.0,NE
0.89,151.0,SE
0.89,149.0,NE
1.79,157.0,SE
0.89,173.0,cv
1.78,182.0,cv
1.79,188.0,SE
5.81,175.0,SE
9.83,167.0,SE
13.85,162.0,SE
17.87,157.0,SE
21.89,147.0,SE
25.91,157.0,SE
29.04,159.0,SE
30.83,134.0,SE
33.96,136.0,SE
37.98,158.0,SE
39.77,186.0,SE
41.56,231.0,SE
43.35,254.0,SE
45.14,249.0,SE
0.89,262.0,cv
1.79,282.0,SE
0.89,280.0,NE
1.78,268.0,NE
0.89,255.0,SE
0.89,247.0,cv
1.79,244.0,SE
0.89,270.0,cv
1.78,280.0,cv
1.79,274.0,SE
3.58,280.0,SE
7.6,266.0,SE
3.13,239.0,cv
4.02,225.0,SE
14.3,224.0,SE
17.43,246.0,SE
19.22,252.0,SE
21.01,274.0,SE
24.14,187.0,SE
27.27,80.0,SE
0.89,56.0,cv
3.13,55.0,SE
4.92,55.0,SE
8.05,57.0,SE
9.84,67.0,SE
12.97,69.0,SE
14.76,78.0,SE
0.89,83.0,cv
1.79,105.0,SE
5.81,112.0,SE
9.83,104.0,SE
14.75,103.0,SE
21.9,93.0,SE
27.71,106.0,SE
33.52,53.0,SE
39.33,54.0,SE
44.25,48.0,SE
48.27,38.0,SE
51.4,40.0,SE
54.53,34.0,SE
58.55,47.0,SE
61.68,54.0,SE
64.81,65.0,SE
0.89,41.0,cv
0.89,39.0,SE
0.89,35.0,NE
0.89,51.0,cv
1.78,54.0,cv
2.23,69.0,cv
0.89,59.0,SE
0.89,51.0,cv
1.78,45.0,cv
0.89,44.0,SE
1.78,52.0,SE
0.89,52.0,cv
1.79,47.0,SE
0.89,51.0,cv
1.78,85.0,cv
3.57,80.0,cv
4.46,62.0,cv
1.79,57.0,SE
3.58,56.0,SE
5.37,67.0,SE
6.26,96.0,SE
7.15,91.0,SE
8.94,84.0,SE
0.89,101.0,cv
1.78,134.0,cv
0.89,127.0,SE
2.68,123.0,SE
4.47,112.0,SE
6.26,109.0,SE
8.05,145.0,SE
0.89,124.0,cv
1.78,107.0,cv
1.79,109.0,NE
0.89,110.0,cv
3.13,116.0,NE
3.13,105.0,NW
6.26,93.0,NW
9.39,106.0,NW
3.13,103.0,NE
1.79,102.0,cv
1.79,101.0,NW
3.13,101.0,SE
4.92,117.0,SE
6.71,131.0,SE
8.5,128.0,SE
10.29,127.0,SE
12.08,141.0,SE
15.21,137.0,SE
17.0,151.0,SE
18.79,152.0,SE
20.58,148.0,SE
21.47,151.0,SE
23.26,156.0,SE
0.89,143.0,cv
0.89,141.0,NE
1.78,140.0,NE
0.89,150.0,cv
1.78,162.0,cv
2.67,171.0,cv
3.56,179.0,cv
5.35,193.0,cv
3.13,170.0,SE
6.26,167.0,SE
9.39,158.0,SE
12.52,158.0,SE
16.54,176.0,SE
20.56,162.0,SE
25.48,153.0,SE
31.29,129.0,SE
34.42,92.0,SE
37.55,83.0,SE
41.57,74.0,SE
44.7,86.0,SE
46.49,83.0,SE
0.89,84.0,cv
1.78,84.0,cv
2.67,77.0,cv
3.56,75.0,cv
0.89,64.0,SE
1.78,59.0,SE
3.57,59.0,SE
5.36,72.0,SE
7.15,69.0,SE
8.94,69.0,SE
13.86,56.0,SE
16.99,44.0,SE
18.78,48.0,SE
23.7,40.0,SE
28.62,46.0,SE
34.43,55.0,SE
38.45,57.0,SE
42.47,52.0,SE
45.6,55.0,SE
48.73,59.0,SE
50.52,67.0,SE
0.89,72.0,cv
1.79,78.0,SE
0.89,95.0,cv
0.89,105.0,NE
1.78,112.0,NE
0.89,128.0,cv
1.78,127.0,cv
1.79,128.0,NW
4.92,121.0,NW
8.94,84.0,NW
12.07,87.0,NW
15.2,64.0,NW
16.99,52.0,NW
20.12,30.0,NW
21.91,23.0,NW
3.13,22.0,SE
3.13,17.0,cv
4.92,22.0,NW
4.02,33.0,SE
8.94,43.0,SE
13.86,49.0,SE
17.88,56.0,SE
21.9,59.0,SE
25.92,69.0,SE
29.94,59.0,SE
1.79,72.0,NE
1.79,76.0,NW
0.45,90.0,cv
1.79,91.0,NW
2.68,90.0,NW
4.47,91.0,NW
6.26,66.0,NW
8.05,46.0,NW
0.89,49.0,cv
1.78,48.0,cv
1.79,45.0,NE
1.79,44.0,cv
1.79,39.0,NE
1.79,23.0,SE
1.79,26.0,cv
4.92,24.0,SE
8.94,25.0,SE
14.75,30.0,SE
22.8,44.0,SE
27.72,30.0,SE
30.85,32.0,SE
34.87,36.0,SE
0.89,43.0,cv
3.13,66.0,NW
0.89,68.0,cv
1.79,73.0,SE
3.58,90.0,SE
1.79,106.0,NW
2.68,102.0,NW
3.57,66.0,NW
5.36,65.0,NW
7.15,52.0,NW
8.94,68.0,NW
12.07,104.0,NW
13.86,84.0,NW
15.65,42.0,NW
1.79,36.0,cv
3.58,56.0,cv
4.92,51.0,SE
9.84,170.0,SE
13.86,87.0,SE
19.67,55.0,SE
24.59,107.0,SE
30.4,105.0,SE
35.32,66.0,SE
40.24,73.0,SE
43.37,76.0,SE
46.5,60.0,SE
48.29,64.0,SE
52.31,73.0,SE
56.33,81.0,SE
60.35,88.0,SE
64.37,98.0,SE
66.16,99.0,SE
67.95,99.0,SE
71.08,108.0,SE
72.87,129.0,SE
76.0,136.0,SE
79.13,151.0,SE
82.26,162.0,SE
85.39,164.0,SE
89.41,174.0,SE
94.33,185.0,SE
98.35,168.0,SE
103.27,154.0,SE
110.42,143.0,SE
115.34,139.0,SE
119.36,126.0,SE
126.51,98.0,SE
3.13,101.0,cv
3.13,71.0,SE
6.26,73.0,SE
9.39,80.0,SE
12.52,82.0,SE
15.65,76.0,SE
18.78,84.0,SE
21.91,89.0,SE
22.8,91.0,SE
24.59,96.0,SE
27.72,107.0,SE
30.85,109.0,SE
33.98,112.0,SE
37.11,119.0,SE
38.9,122.0,SE
0.89,125.0,cv
2.68,121.0,cv
3.13,128.0,SE
6.26,135.0,SE
10.28,136.0,SE
14.3,121.0,SE
19.22,117.0,SE
24.14,105.0,SE
27.27,100.0,SE
29.06,117.0,SE
0.89,118.0,cv
3.13,121.0,SE
6.26,140.0,SE
8.05,139.0,SE
0.89,136.0,cv
1.79,143.0,SE
0.89,155.0,cv
0.89,141.0,SE
1.78,110.0,SE
1.79,118.0,NE
1.79,124.0,SE
4.92,135.0,SE
8.05,156.0,SE
0.89,163.0,cv
2.68,167.0,cv
3.57,169.0,cv
6.7,177.0,cv
3.13,131.0,SE
7.15,102.0,SE
11.17,90.0,SE
5.81,96.0,NW
10.73,112.0,NW
14.75,101.0,NW
21.9,101.0,NW
29.95,104.0,NW
41.13,92.0,NW
48.28,55.0,NW
53.2,27.0,NW
1.79,30.0,NE
3.13,27.0,NW
8.05,21.0,NW
12.97,25.0,NW
17.89,23.0,NW
4.02,28.0,NE
3.13,29.0,NW
6.26,31.0,NW
3.13,38.0,NE
6.26,39.0,NE
3.13,61.0,NW
6.26,42.0,NW
1.79,47.0,cv
2.68,52.0,cv
1.79,47.0,SE
3.58,42.0,SE
7.6,48.0,SE
11.62,52.0,SE
15.64,48.0,SE
18.77,59.0,SE
21.9,48.0,SE
23.69,35.0,SE
0.89,41.0,cv
0.89,36.0,SE
0.89,41.0,NE
0.89,49.0,SE
0.89,59.0,cv
1.79,72.0,NW
4.92,80.0,NW
8.94,58.0,NW
12.96,46.0,NW
17.88,54.0,NW
25.03,43.0,NW
7.15,35.0,NE
12.96,39.0,NE
17.88,20.0,NE
21.9,78.0,NE
1.79,72.0,NW
1.79,84.0,SE
1.79,55.0,cv
4.92,77.0,SE
8.05,135.0,SE
12.97,76.0,SE
16.99,75.0,SE
21.01,98.0,SE
24.14,116.0,SE
28.16,106.0,SE
31.29,48.0,SE
0.89,37.0,cv
0.89,39.0,NE
0.89,38.0,cv
1.34,64.0,cv
1.79,73.0,cv
3.13,73.0,NW
7.15,80.0,NW
11.17,86.0,NW
15.19,106.0,NW
3.13,132.0,NE
0.89,101.0,cv
3.13,68.0,SE
3.13,51.0,cv
6.26,47.0,cv
3.13,41.0,SE
3.13,42.0,NW
3.13,49.0,SE
8.94,58.0,SE
13.86,63.0,SE
17.88,67.0,SE
0.89,72.0,cv
1.78,105.0,cv
0.89,86.0,SE
2.68,81.0,SE
4.47,92.0,SE
6.26,93.0,SE
8.05,105.0,SE
0.89,94.0,NE
0.45,91.0,cv
0.89,83.0,NE
0.89,96.0,cv
1.78,113.0,cv
2.67,121.0,cv
3.56,136.0,cv
1.79,132.0,SE
1.79,133.0,cv
1.79,136.0,SE
4.92,111.0,SE
8.05,106.0,SE
12.97,104.0,SE
16.99,98.0,SE
21.91,99.0,SE
25.93,90.0,SE
29.95,95.0,SE
33.08,105.0,SE
34.87,99.0,SE
36.66,102.0,SE
38.45,103.0,SE
40.24,89.0,SE
41.13,89.0,SE
0.89,94.0,cv
0.89,97.0,NE
1.78,100.0,NE
2.67,111.0,NE
3.56,115.0,NE
0.89,146.0,cv
1.79,156.0,SE
0.89,221.0,cv
3.13,170.0,SE
3.13,135.0,cv
4.02,98.0,SE
8.04,86.0,SE
12.96,81.0,SE
17.88,79.0,SE
21.9,153.0,SE
26.82,119.0,SE
29.95,94.0,SE
33.08,91.0,SE
37.1,90.0,SE
41.12,90.0,SE
45.14,87.0,SE
48.27,94.0,SE
51.4,97.0,SE
54.53,107.0,SE
56.32,112.0,SE
58.11,152.0,SE
59.9,129.0,SE
61.69,135.0,SE
63.48,135.0,SE
66.61,150.0,SE
68.4,162.0,SE
0.89,155.0,cv
4.92,143.0,SE
9.84,144.0,SE
13.86,158.0,SE
18.78,202.0,SE
23.7,143.0,SE
30.85,147.0,SE
8.94,136.0,NW
16.09,130.0,NW
21.9,68.0,NW
33.97,113.0,NW
43.8,54.0,NW
57.66,51.0,NW
67.49,48.0,NW
76.43,47.0,NW
87.61,44.0,NW
97.44,34.0,NW
107.27,28.0,NW
116.21,34.0,NW
126.04,34.0,NW
134.09,25.0,NW
145.27,26.0,NW
156.45,39.0,NW
164.5,52.0,NW
171.65,54.0,NW
175.67,50.0,NW
180.59,50.0,NW
187.74,60.0,NW
192.66,59.0,NW
198.47,49.0,NW
207.41,37.0,NW
216.35,32.0,NW
226.18,24.0,NW
231.99,17.0,NW
0.89,21.0,cv
1.79,27.0,NW
4.02,27.0,SE
0.89,42.0,cv
1.78,42.0,cv
0.89,55.0,SE
1.79,48.0,NE
2.68,40.0,NE
0.89,42.0,cv
0.89,39.0,NE
0.89,64.0,cv
1.78,88.0,cv
2.67,104.0,cv
4.46,122.0,cv
3.13,167.0,SE
8.05,116.0,SE
16.1,121.0,SE
25.04,113.0,SE
8.05,90.0,NW
16.1,59.0,NW
28.17,66.0,NW
38.0,95.0,NW
53.2,104.0,NW
65.27,117.0,NW
76.45,96.0,NW
88.52,50.0,NW
99.7,50.0,NW
109.53,48.0,NW
123.39,52.0,NW
133.22,39.0,NW
142.16,35.0,NW
149.31,50.0,NW
155.12,38.0,NW
163.17,41.0,NW
168.98,46.0,NW
174.79,51.0,NW
183.73,51.0,NW
193.56,59.0,NW
205.63,57.0,NW
217.7,56.0,NW
230.66,46.0,NW
242.73,50.0,NW
255.69,52.0,NW
268.65,49.0,NW
281.61,43.0,NW
289.66,43.0,NW
299.49,32.0,NW
305.3,26.0,NW
310.22,31.0,NW
1.79,32.0,NE
1.79,46.0,cv
3.13,98.0,SE
0.89,67.0,cv
1.34,82.0,cv
1.79,65.0,cv
1.79,85.0,NW
0.45,63.0,cv
3.13,48.0,NE
3.13,36.0,NW
6.26,44.0,NW
11.18,49.0,NW
15.2,35.0,NW
3.13,39.0,NE
1.79,52.0,cv
3.58,31.0,cv
5.37,39.0,cv
4.92,36.0,NW
8.94,33.0,NW
5.81,33.0,SE
10.73,38.0,SE
16.54,32.0,SE
20.56,39.0,SE
22.35,38.0,SE
25.48,34.0,SE
28.61,50.0,SE
0.89,59.0,cv
1.79,59.0,SE
4.92,56.0,SE
6.71,63.0,SE
8.5,72.0,SE
0.89,71.0,cv
1.78,75.0,cv
2.67,71.0,cv
1.79,61.0,NW
4.92,93.0,NW
1.79,97.0,SE
4.92,110.0,SE
0.89,95.0,cv
1.79,103.0,SE
1.79,123.0,cv
3.13,138.0,SE
7.15,111.0,SE
10.28,110.0,SE
12.07,108.0,SE
0.89,106.0,cv
1.78,108.0,cv
1.79,120.0,NE
1.79,154.0,SE
0.89,134.0,cv
3.13,133.0,SE
0.89,124.0,cv
1.78,126.0,cv
2.23,127.0,cv
0.89,132.0,NE
1.78,132.0,NE
1.79,135.0,NW
0.89,159.0,cv
1.79,151.0,NW
4.92,148.0,NW
9.84,140.0,NW
13.86,105.0,NW
21.01,85.0,NW
25.03,84.0,NW
32.18,114.0,NW
43.36,112.0,NW
52.3,111.0,NW
61.24,36.0,NW
68.39,12.0,NW
72.41,12.0,NW
3.13,15.0,NE
7.15,23.0,NE
1.79,24.0,SE
3.58,16.0,SE
4.47,63.0,SE
0.89,84.0,cv
3.13,93.0,SE
4.92,109.0,SE
5.81,128.0,SE
6.7,125.0,SE
0.89,125.0,NE
1.78,126.0,NE
0.89,136.0,cv
1.78,147.0,cv
1.79,95.0,NE
0.89,72.0,cv
2.68,64.0,cv
4.02,61.0,SE
8.04,58.0,SE
12.06,65.0,SE
17.87,62.0,SE
23.68,79.0,SE
27.7,74.0,SE
32.62,67.0,SE
37.54,80.0,SE
41.56,68.0,SE
45.58,63.0,SE
48.71,55.0,SE
51.84,70.0,SE
54.97,84.0,SE
56.76,65.0,SE
0.89,65.0,cv
0.89,70.0,NE
0.89,70.0,cv
1.78,75.0,cv
2.67,90.0,cv
3.56,91.0,cv
4.92,87.0,SE
8.94,80.0,SE
12.96,83.0,SE
17.88,79.0,SE
22.8,69.0,SE
27.72,70.0,SE
31.74,72.0,SE
33.53,74.0,SE
36.66,71.0,SE
41.58,48.0,SE
46.5,43.0,SE
51.42,45.0,SE
57.23,47.0,SE
62.15,56.0,SE
66.17,59.0,SE
67.96,59.0,SE
71.09,55.0,SE
0.89,50.0,cv
1.79,46.0,SE
4.92,40.0,SE
8.05,46.0,SE
0.89,47.0,cv
1.78,50.0,cv
2.67,46.0,cv
1.79,47.0,SE
6.71,55.0,SE
9.84,51.0,SE
12.97,63.0,SE
4.02,62.0,NE
1.79,64.0,SE
3.58,63.0,SE
1.79,63.0,NE
3.58,59.0,NE
5.37,70.0,NE
1.79,71.0,SE
4.92,69.0,SE
6.71,65.0,SE
10.73,54.0,SE
14.75,40.0,SE
16.54,42.0,SE
1.79,42.0,NE
4.92,48.0,NE
4.92,51.0,NW
8.94,57.0,NW
5.81,49.0,NE
10.73,46.0,NE
15.65,40.0,NE
19.67,39.0,NE
23.69,33.0,NE
27.71,26.0,NE
32.63,34.0,NE
4.92,22.0,NW
9.84,22.0,NW
14.76,21.0,NW
19.68,16.0,NW
23.7,17.0,NW
26.83,8.0,NW
30.85,17.0,NW
33.98,15.0,NW
1.79,20.0,SE
4.92,22.0,SE
8.05,30.0,SE
11.18,28.0,SE
12.97,35.0,SE
0.89,40.0,cv
0.89,46.0,SE
2.68,45.0,SE
0.89,47.0,cv
1.34,47.0,cv
0.89,57.0,NW
2.68,65.0,NW
4.47,72.0,NW
0.89,75.0,cv
1.78,82.0,cv
1.79,53.0,NW
6.71,21.0,NW
12.52,23.0,NW
8.05,23.0,SE
15.2,23.0,SE
23.25,23.0,SE
31.3,30.0,SE
37.11,29.0,SE
44.26,40.0,SE
50.07,52.0,SE
55.88,64.0,SE
60.8,65.0,SE
66.61,58.0,SE
70.63,54.0,SE
73.76,42.0,SE
75.55,43.0,SE
0.89,40.0,cv
0.89,50.0,NW
0.45,47.0,cv
1.34,57.0,cv
0.89,80.0,NW
1.78,108.0,NW
1.79,106.0,NE
1.79,98.0,SE
3.58,112.0,SE
0.89,104.0,cv
1.79,86.0,NE
3.13,82.0,NW
8.05,52.0,NW
16.99,42.0,NW
29.06,45.0,NW
38.0,34.0,NW
46.94,30.0,NW
51.86,30.0,NW
57.67,40.0,NW
64.82,36.0,NW
71.97,29.0,NW
81.8,25.0,NW
91.63,32.0,NW
98.78,38.0,NW
106.83,34.0,NW
114.88,32.0,NW
126.95,34.0,NW
136.78,29.0,NW
144.83,26.0,NW
153.77,23.0,NW
164.95,22.0,NW
176.13,17.0,NW
187.31,11.0,NW
196.25,20.0,NW
203.4,14.0,NW
210.55,16.0,NW
217.7,14.0,NW
223.51,14.0,NW
4.02,18.0,cv
4.91,12.0,cv
1.79,19.0,SE
0.89,19.0,cv
1.78,25.0,cv
4.02,30.0,SE
8.04,25.0,SE
0.89,27.0,cv
1.78,30.0,cv
2.67,76.0,cv
1.79,68.0,NE
0.89,77.0,cv
1.78,68.0,cv
3.13,59.0,NW
6.26,45.0,NW
9.39,37.0,NW
11.18,89.0,NW
1.79,52.0,NE
3.58,40.0,NE
5.37,45.0,NE
3.13,69.0,SE
7.15,80.0,SE
11.17,96.0,SE
16.98,107.0,SE
22.79,111.0,SE
25.92,121.0,SE
29.05,109.0,SE
33.07,94.0,SE
38.88,95.0,SE
42.01,105.0,SE
45.14,94.0,SE
4.02,121.0,NE
1.79,203.0,SE
0.89,84.0,cv
4.02,96.0,NW
0.89,83.0,SE
0.89,85.0,cv
1.79,93.0,NE
3.13,89.0,NW
6.26,75.0,NW
4.02,57.0,NE
11.17,271.0,NE
15.19,50.0,NE
19.21,74.0,NE
4.02,56.0,SE
4.02,48.0,NW
3.13,60.0,NE
4.92,49.0,NE
3.13,45.0,SE
1.79,42.0,NE
3.13,38.0,SE
7.15,43.0,SE
12.07,47.0,SE
19.22,63.0,SE
24.14,71.0,SE
25.93,105.0,SE
0.89,74.0,cv
1.78,71.0,cv
1.79,80.0,SE
0.45,79.0,cv
0.89,76.0,NE
1.78,69.0,NE
2.67,68.0,NE
1.79,94.0,NW
4.92,96.0,NW
0.89,98.0,cv
1.79,98.0,SE
1.79,109.0,cv
4.02,95.0,SE
9.83,87.0,SE
15.64,90.0,SE
21.45,69.0,SE
28.6,54.0,SE
35.75,52.0,SE
39.77,48.0,SE
43.79,40.0,SE
45.58,41.0,SE
47.37,21.0,SE
49.16,28.0,SE
52.29,28.0,SE
54.08,34.0,SE
55.87,58.0,SE
57.66,64.0,SE
0.89,68.0,cv
0.89,70.0,SE
0.89,68.0,NE
0.89,77.0,cv
0.89,84.0,NE
0.89,89.0,cv
1.79,103.0,SE
0.89,99.0,cv
1.78,100.0,cv
2.67,132.0,cv
4.02,198.0,SE
8.94,119.0,SE
14.75,137.0,SE
20.56,77.0,SE
27.71,93.0,SE
32.63,124.0,SE
37.55,146.0,SE
41.57,143.0,SE
44.7,115.0,SE
49.62,107.0,SE
51.41,99.0,SE
53.2,100.0,SE
4.92,103.0,NE
4.02,75.0,NW
8.94,61.0,NW
3.13,83.0,NE
0.89,90.0,cv
2.68,70.0,cv
4.47,75.0,cv
1.79,83.0,NW
0.89,79.0,cv
1.79,95.0,SE
4.92,134.0,SE
8.05,161.0,SE
11.18,151.0,SE
12.97,147.0,SE
16.99,143.0,SE
21.01,132.0,SE
25.03,119.0,SE
26.82,102.0,SE
28.61,97.0,SE
0.89,104.0,cv
1.79,123.0,SE
0.89,141.0,cv
1.78,167.0,cv
2.67,174.0,cv
3.56,196.0,cv
4.01,215.0,cv
4.9,214.0,cv
1.79,197.0,NW
4.92,168.0,NE
8.94,122.0,NE
13.86,66.0,NE
18.78,36.0,NE
23.7,20.0,NE
28.62,17.0,NE
0.89,18.0,cv
2.68,14.0,cv
1.79,16.0,NE
1.79,18.0,SE
4.92,20.0,SE
8.94,22.0,SE
12.07,22.0,SE
16.99,45.0,SE
21.91,121.0,SE
26.83,122.0,SE
28.62,114.0,SE
31.75,106.0,SE
0.89,62.0,cv
1.79,84.0,SE
0.89,79.0,cv
1.78,80.0,cv
0.89,85.0,NE
0.89,81.0,cv
1.78,79.0,cv
3.13,80.0,NW
6.26,79.0,NW
0.89,85.0,cv
2.68,85.0,cv
4.47,81.0,cv
6.26,90.0,cv
3.13,97.0,SE
6.26,103.0,SE
10.28,115.0,SE
16.09,117.0,SE
19.22,130.0,SE
21.01,132.0,SE
22.8,136.0,SE
24.59,150.0,SE
26.38,128.0,SE
28.17,144.0,SE
31.3,146.0,SE
33.09,152.0,SE
34.88,165.0,SE
0.89,178.0,cv
3.13,196.0,SE
0.89,215.0,cv
0.89,242.0,SE
0.89,249.0,cv
1.79,258.0,SE
0.89,259.0,cv
1.79,239.0,SE
4.92,224.0,SE
9.84,182.0,SE
13.86,111.0,SE
21.01,59.0,SE
28.16,43.0,SE
36.21,50.0,SE
43.36,54.0,SE
49.17,38.0,SE
53.19,40.0,SE
56.32,56.0,SE
58.11,64.0,SE
61.24,65.0,SE
64.37,63.0,SE
66.16,73.0,SE
69.29,74.0,SE
72.42,84.0,SE
75.55,80.0,SE
77.34,96.0,SE
1.79,109.0,NW
1.79,110.0,SE
0.89,102.0,cv
1.79,105.0,SE
3.58,105.0,SE
9.39,94.0,SE
16.54,92.0,SE
22.35,85.0,SE
29.5,61.0,SE
36.65,54.0,SE
43.8,46.0,SE
48.72,46.0,SE
53.64,56.0,SE
56.77,57.0,SE
59.9,59.0,SE
0.89,61.0,cv
3.13,76.0,SE
8.05,87.0,SE
11.18,99.0,SE
15.2,104.0,SE
18.33,92.0,SE
1.79,89.0,NE
1.79,85.0,SE
4.92,99.0,SE
8.05,98.0,SE
9.84,84.0,SE
12.97,83.0,SE
14.76,102.0,SE
17.89,84.0,SE
19.68,91.0,SE
22.81,104.0,SE
24.6,95.0,SE
27.73,88.0,SE
29.52,78.0,SE
1.79,84.0,NE
3.13,99.0,SE
6.26,93.0,SE
8.05,79.0,SE
11.18,79.0,SE
14.31,79.0,SE
16.1,91.0,SE
17.89,88.0,SE
19.68,92.0,SE
21.47,95.0,SE
0.89,107.0,cv
1.79,123.0,SE
3.58,117.0,SE
4.47,140.0,SE
0.89,150.0,cv
1.78,150.0,cv
1.79,132.0,NW
0.89,160.0,cv
8.05,158.0,NW
16.1,157.0,NW
27.28,113.0,NW
38.46,51.0,NW
53.66,13.0,NW
66.62,12.0,NW
80.48,7.0,NW
92.55,10.0,NW
103.73,8.0,NW
111.78,8.0,NW
114.91,10.0,NW
0.89,13.0,cv
3.13,18.0,SE
0.89,21.0,cv
1.78,21.0,cv
1.79,15.0,SE
0.89,10.0,cv
1.79,8.0,SE
0.89,9.0,cv
1.78,8.0,cv
2.67,15.0,cv
3.56,20.0,cv
4.45,20.0,cv
6.24,18.0,cv
4.02,15.0,SE
8.04,15.0,SE
13.85,16.0,SE
18.77,19.0,SE
23.69,23.0,SE
31.74,24.0,SE
39.79,26.0,SE
48.73,27.0,SE
55.88,27.0,SE
7.15,26.0,NW
4.92,23.0,SE
7.15,28.0,NW
4.02,27.0,SE
8.04,29.0,SE
3.13,31.0,NW
0.89,26.0,cv
3.13,26.0,NW
0.89,23.0,cv
1.78,39.0,cv
4.92,39.0,NW
8.05,40.0,NW
0.89,40.0,cv
5.81,94.0,NW
15.64,102.0,NW
28.6,100.0,NW
43.8,26.0,NW
57.66,19.0,NW
67.49,13.0,NW
78.67,17.0,NW
94.76,12.0,NW
102.81,16.0,NW
109.96,12.0,NW
114.88,13.0,NW
118.9,12.0,NW
130.97,14.0,NW
136.78,11.0,NW
0.89,8.0,cv
1.34,17.0,cv
3.13,13.0,NW
0.89,12.0,cv
3.13,13.0,NW
3.13,19.0,NE
1.79,27.0,SE
0.89,27.0,NE
1.78,38.0,NE
0.89,44.0,cv
1.78,44.0,cv
2.67,43.0,cv
3.56,49.0,cv
1.79,35.0,SE
1.79,18.0,cv
4.02,15.0,SE
8.04,21.0,SE
12.96,29.0,SE
21.01,21.0,SE
29.95,34.0,SE
38.89,32.0,SE
46.94,24.0,SE
55.88,32.0,SE
57.67,32.0,SE
62.59,34.0,SE
67.51,39.0,SE
72.43,40.0,SE
73.32,44.0,SE
0.89,38.0,cv
1.78,38.0,cv
2.67,42.0,cv
3.12,44.0,cv
4.01,54.0,cv
4.9,62.0,cv
5.79,78.0,cv
6.68,77.0,cv
3.13,75.0,NE
4.92,67.0,NE
1.79,52.0,cv
2.68,41.0,cv
3.57,29.0,cv
5.36,21.0,cv
5.81,19.0,NW
1.79,8.0,NE
0.89,14.0,cv
3.13,30.0,SE
6.26,29.0,SE
0.89,38.0,cv
2.68,63.0,cv
1.79,63.0,SE
3.13,63.0,NW
0.89,79.0,cv
1.79,71.0,SE
1.79,96.0,NE
1.79,102.0,NW
3.58,113.0,NW
6.71,73.0,NW
8.5,67.0,NW
10.29,67.0,NW
0.89,88.0,cv
1.79,85.0,SE
5.81,88.0,SE
9.83,104.0,SE
14.75,100.0,SE
19.67,99.0,SE
23.69,100.0,SE
27.71,107.0,SE
33.52,104.0,SE
37.54,90.0,SE
41.56,100.0,SE
44.69,99.0,SE
47.82,95.0,SE
50.95,97.0,SE
54.08,90.0,SE
55.87,76.0,SE
56.76,72.0,SE
57.65,81.0,SE
0.89,84.0,cv
1.78,90.0,cv
2.67,96.0,cv
0.89,115.0,SE
1.78,115.0,SE
0.89,108.0,cv
1.78,125.0,cv
2.67,123.0,cv
1.79,127.0,NE
1.79,132.0,SE
1.79,125.0,cv
1.79,119.0,SE
0.89,127.0,cv
3.13,139.0,SE
6.26,134.0,SE
9.39,131.0,SE
11.18,135.0,SE
12.97,137.0,SE
13.86,143.0,SE
16.99,140.0,SE
30.85,86.0,SE
8.94,83.0,NW
14.75,83.0,NW
0.89,68.0,cv
4.02,53.0,NW
7.15,52.0,NW
1.79,46.0,NE
4.92,49.0,NW
9.84,59.0,NW
14.76,52.0,NW
20.57,43.0,NW
25.49,46.0,NW
28.62,40.0,NW
31.75,32.0,NW
3.13,29.0,NE
4.92,33.0,NE
6.71,37.0,NE
4.92,37.0,SE
9.84,62.0,SE
13.86,80.0,SE
19.67,62.0,SE
21.46,53.0,SE
4.02,59.0,NW
7.15,51.0,NW
3.13,60.0,NE
1.79,59.0,SE
3.58,55.0,SE
0.89,49.0,cv
1.79,52.0,SE
3.58,55.0,SE
5.37,24.0,SE
0.45,21.0,cv
3.13,18.0,NW
1.79,25.0,NE
3.13,25.0,NW
6.26,18.0,NW
1.79,18.0,NE
0.89,24.0,cv
2.68,20.0,cv
1.79,31.0,NE
1.79,31.0,SE
4.92,28.0,SE
0.89,31.0,cv
1.79,28.0,SE
0.89,34.0,cv
3.13,32.0,SE
3.13,44.0,NW
6.26,46.0,NW
10.28,43.0,NW
13.41,48.0,NW
16.54,57.0,NW
19.67,53.0,NW
20.56,64.0,NW
22.35,52.0,NW
26.37,37.0,NW
0.89,35.0,NE
4.02,39.0,NW
7.15,31.0,NW
10.28,29.0,NW
13.41,28.0,NW
15.2,32.0,NW
0.89,33.0,cv
1.79,25.0,SE
4.92,30.0,SE
8.05,28.0,SE
12.07,36.0,SE
16.09,43.0,SE
20.11,43.0,SE
23.24,54.0,SE
26.37,56.0,SE
28.16,45.0,SE
29.95,48.0,SE
34.87,57.0,SE
38.0,50.0,SE
39.79,47.0,SE
1.79,48.0,NE
2.68,62.0,NE
3.57,77.0,NE
4.46,83.0,NE
0.89,87.0,cv
1.78,88.0,cv
2.67,107.0,cv
3.56,88.0,cv
4.45,88.0,cv
3.13,79.0,SE
6.26,60.0,SE
1.79,48.0,cv
3.13,38.0,SE
6.26,42.0,SE
9.39,47.0,SE
13.41,53.0,SE
17.43,52.0,SE
22.35,51.0,SE
26.37,53.0,SE
29.5,51.0,SE
31.29,54.0,SE
1.79,54.0,NW
3.13,54.0,SE
1.79,53.0,SE
4.92,57.0,SE
6.71,80.0,SE
8.5,84.0,SE
0.89,90.0,NE
0.89,95.0,cv
1.79,108.0,SE
0.89,102.0,cv
1.79,90.0,NE
0.89,76.0,cv
2.68,54.0,cv
3.13,43.0,NW
1.79,43.0,cv
3.13,45.0,NW
3.13,43.0,SE
4.92,49.0,SE
0.89,56.0,cv
4.02,55.0,SE
8.04,59.0,SE
11.17,60.0,SE
14.3,68.0,SE
18.32,70.0,SE
20.11,81.0,SE
27.26,90.0,SE
29.05,108.0,SE
32.18,109.0,SE
0.89,106.0,cv
1.79,96.0,SE
0.89,82.0,cv
1.79,87.0,SE
3.58,101.0,SE
6.71,99.0,SE
9.84,104.0,SE
0.89,101.0,cv
11.18,88.0,NW
16.99,9.0,NW
24.14,9.0,NW
29.06,6.0,NW
4.92,6.0,NE
5.81,7.0,NW
3.13,7.0,NE
7.15,9.0,NE
3.13,10.0,NW
3.13,12.0,NE
1.79,10.0,NW
4.92,17.0,NW
1.78,24.0,cv
1.79,25.0,NE
1.79,19.0,NW
3.13,17.0,NE
1.79,14.0,NW
4.92,8.0,NW
10.73,6.0,NW
15.65,6.0,NW
22.8,5.0,NW
28.61,4.0,NW
33.53,3.0,NW
38.45,3.0,NW
41.58,5.0,NW
46.5,5.0,NW
51.42,5.0,NW
54.55,7.0,NW
3.13,6.0,NE
4.02,9.0,SE
5.81,8.0,SE
7.6,19.0,SE
9.39,26.0,SE
11.18,26.0,SE
0.89,38.0,cv
1.79,69.0,NE
0.89,45.0,cv
1.78,33.0,cv
2.67,24.0,cv
1.79,29.0,NW
3.58,25.0,NW
6.71,26.0,NW
1.79,25.0,NE
0.89,45.0,cv
1.79,58.0,NE
1.79,59.0,cv
1.79,48.0,SE
4.92,45.0,SE
1.79,48.0,cv
4.92,43.0,NW
3.13,11.0,SE
4.02,11.0,SE
8.94,19.0,SE
12.96,25.0,SE
1.79,30.0,NE
0.89,44.0,cv
1.78,38.0,cv
1.79,33.0,NW
0.89,35.0,cv
1.79,41.0,SE
1.79,32.0,NW
1.79,32.0,cv
3.58,25.0,cv
3.13,17.0,SE
6.26,32.0,SE
4.02,20.0,NE
8.04,15.0,NE
11.17,33.0,NE
14.3,19.0,NE
17.43,22.0,NE
1.79,31.0,SE
0.89,49.0,cv
1.79,52.0,SE
3.58,59.0,SE
0.89,67.0,cv
1.79,62.0,SE
3.58,58.0,SE
5.37,50.0,SE
1.79,71.0,NW
0.89,76.0,cv
1.78,82.0,cv
2.67,83.0,cv
4.46,99.0,cv
1.79,78.0,SE
5.81,80.0,SE
9.83,77.0,SE
11.62,79.0,SE
1.79,79.0,cv
3.13,59.0,SE
7.15,75.0,SE
10.28,94.0,SE
12.07,88.0,SE
0.89,88.0,cv
1.79,85.0,SE
0.89,87.0,cv
1.78,94.0,cv
0.89,103.0,SE
0.89,101.0,NE
2.68,114.0,NE
0.89,123.0,NW
2.68,122.0,NW
5.81,96.0,NW
8.94,51.0,NW
3.13,23.0,NE
8.05,59.0,NE
12.97,43.0,NE
3.13,13.0,NW
1.79,13.0,NE
4.92,16.0,NE
9.84,13.0,NE
3.13,12.0,NW
1.79,18.0,cv
4.92,16.0,cv
6.71,15.0,cv
7.6,20.0,cv
3.13,17.0,SE
4.92,19.0,SE
8.94,40.0,SE
12.07,44.0,SE
0.89,33.0,cv
0.89,33.0,SE
0.89,37.0,cv
1.79,37.0,NE
1.79,50.0,NW
3.58,51.0,NW
6.71,39.0,NW
9.84,28.0,NW
13.86,35.0,NW
3.13,31.0,NE
3.13,31.0,NW
0.89,27.0,cv
2.68,23.0,cv
1.79,18.0,NW
1.79,16.0,cv
1.79,12.0,NW
3.13,14.0,cv
4.92,14.0,cv
1.79,10.0,SE
4.92,20.0,SE
8.94,30.0,SE
10.73,40.0,SE
4.02,44.0,NW
3.13,38.0,SE
4.92,50.0,SE
0.89,64.0,cv
1.78,99.0,cv
2.67,110.0,cv
0.89,105.0,NE
1.78,108.0,NE
2.67,121.0,NE
0.89,126.0,cv
1.79,103.0,NW
0.89,78.0,cv
2.68,93.0,cv
3.13,49.0,SE
3.13,29.0,cv
3.13,25.0,SE
1.79,34.0,cv
1.79,39.0,SE
5.81,41.0,SE
10.73,48.0,SE
15.2,49.0,NW
4.92,19.0,SE
3.13,14.0,NW
1.79,24.0,NE
3.13,22.0,NW
6.26,30.0,NW
1.79,30.0,NE
2.68,37.0,NE
4.47,35.0,NE
0.89,39.0,cv
1.78,38.0,cv
0.89,35.0,NW
2.68,29.0,NW
3.57,28.0,NW
5.36,18.0,NW
8.49,25.0,NW
10.28,34.0,NW
12.07,24.0,NW
1.79,23.0,cv
2.68,30.0,cv
4.47,35.0,cv
6.26,46.0,cv
8.05,47.0,cv
3.13,39.0,SE
6.26,50.0,SE
9.39,54.0,SE
11.18,59.0,SE
12.97,58.0,SE
16.1,70.0,SE
17.89,90.0,SE
21.02,106.0,SE
22.81,128.0,SE
0.89,118.0,cv
0.89,111.0,NE
1.79,131.0,SE
0.89,153.0,cv
1.78,169.0,cv
0.89,161.0,NE
2.68,141.0,NE
0.89,117.0,cv
1.78,117.0,cv
1.79,101.0,SE
3.58,94.0,SE
6.71,89.0,SE
9.84,82.0,SE
12.97,105.0,SE
16.1,130.0,SE
17.89,161.0,SE
21.02,156.0,SE
4.92,100.0,NW
8.94,62.0,NW
11.18,84.0,SE
15.2,61.0,SE
0.89,80.0,cv
3.13,113.0,NW
0.89,140.0,SE
0.89,134.0,cv
1.78,117.0,cv
0.89,112.0,SE
2.68,130.0,SE
4.47,148.0,SE
7.6,162.0,SE
9.39,169.0,SE
0.89,164.0,cv
1.79,169.0,SE
0.89,155.0,cv
1.79,178.0,SE
4.92,191.0,SE
8.94,196.0,SE
3.13,138.0,cv
3.13,132.0,SE
7.15,105.0,SE
11.17,111.0,SE
14.3,96.0,SE
17.43,105.0,SE
0.89,108.0,cv
1.78,111.0,cv
2.67,103.0,cv
4.02,114.0,SE
7.15,176.0,SE
11.17,221.0,SE
18.32,225.0,SE
3.13,84.0,NE
1.79,13.0,cv
2.68,20.0,cv
1.79,28.0,NE
0.89,29.0,cv
3.13,24.0,NW
1.79,32.0,NE
0.89,40.0,cv
1.79,47.0,SE
3.58,49.0,SE
6.71,77.0,SE
8.5,103.0,SE
11.63,119.0,SE
13.42,132.0,SE
16.55,148.0,SE
19.68,38.0,SE
22.81,60.0,SE
0.89,76.0,cv
1.78,56.0,cv
2.23,62.0,cv
3.12,63.0,cv
1.79,75.0,NE
1.79,67.0,NW
0.89,74.0,cv
1.78,71.0,cv
2.23,76.0,cv
3.13,79.0,NW
0.89,82.0,cv
3.13,53.0,NW
7.15,46.0,NW
8.94,46.0,NW
1.79,45.0,cv
1.79,24.0,NE
0.89,11.0,cv
4.02,22.0,cv
3.13,47.0,SE
16.09,83.0,SE
21.01,77.0,SE
24.14,80.0,SE
27.27,108.0,SE
30.4,121.0,SE
0.89,144.0,cv
0.89,143.0,SE
0.89,151.0,cv
1.78,153.0,cv
1.79,146.0,NE
0.89,141.0,cv
0.89,151.0,NW
0.89,158.0,cv
1.78,119.0,cv
3.13,137.0,SE
7.15,191.0,SE
11.17,200.0,SE
15.19,200.0,SE
19.21,181.0,SE
23.23,116.0,SE
27.25,106.0,SE
32.17,114.0,SE
36.19,109.0,SE
39.32,87.0,SE
42.45,65.0,SE
45.58,71.0,SE
47.37,79.0,SE
49.16,73.0,SE
0.89,72.0,cv
1.78,74.0,cv
1.79,78.0,SE
4.92,89.0,SE
8.05,86.0,SE
0.89,59.0,cv
1.34,39.0,cv
1.79,48.0,SE
1.79,41.0,NE
3.13,63.0,NW
4.92,59.0,NW
8.94,35.0,NW
12.07,22.0,NW
15.2,13.0,NW
16.99,19.0,NW
3.13,12.0,SE
3.13,10.0,cv
3.13,11.0,SE
1.79,17.0,cv
1.79,20.0,SE
4.92,20.0,SE
9.84,38.0,SE
12.97,61.0,SE
14.76,94.0,SE
16.55,89.0,SE
18.34,82.0,SE
19.23,74.0,SE
20.12,70.0,SE
21.01,70.0,SE
21.9,71.0,SE
23.69,76.0,SE
0.89,72.0,cv
1.78,60.0,cv
0.89,64.0,SE
2.68,73.0,SE
0.89,70.0,cv
1.79,74.0,SE
3.58,57.0,SE
1.79,62.0,cv
1.79,61.0,SE
4.92,54.0,SE
8.05,51.0,SE
9.84,53.0,SE
12.97,57.0,SE
16.1,66.0,SE
8.94,66.0,NW
4.02,15.0,SE
1.79,18.0,NW
6.71,18.0,NW
8.5,15.0,NW
10.29,16.0,NW
12.08,18.0,NW
0.89,23.0,cv
1.78,23.0,cv
0.89,23.0,NW
2.68,15.0,NW
4.47,18.0,NW
6.26,20.0,NW
8.05,38.0,NW
0.89,51.0,cv
1.78,49.0,cv
3.57,51.0,cv
4.46,40.0,cv
1.79,50.0,SE
4.92,50.0,SE
3.13,38.0,cv
3.13,36.0,SE
4.92,41.0,NE
9.84,34.0,NE
4.02,13.0,SE
0.89,29.0,cv
1.78,34.0,cv
2.67,39.0,cv
3.56,42.0,cv
4.02,36.0,NW
7.15,31.0,NW
8.94,25.0,NW
12.07,27.0,NW
15.2,23.0,NW
19.22,21.0,NW
23.24,25.0,NW
26.37,18.0,NW
30.39,18.0,NW
35.31,15.0,NW
38.44,19.0,NW
1.79,8.0,cv
1.79,16.0,NW
1.79,17.0,cv
3.13,18.0,SE
6.26,17.0,SE
8.05,16.0,SE
1.79,26.0,cv
3.13,24.0,SE
6.26,28.0,SE
8.05,27.0,SE
8.94,34.0,SE
10.73,28.0,SE
12.52,29.0,SE
14.31,43.0,SE
15.2,44.0,SE
1.79,50.0,NE
2.68,59.0,NE
3.57,66.0,NE
0.45,66.0,cv
0.89,66.0,NW
0.89,63.0,cv
1.79,64.0,SE
0.89,68.0,cv
2.68,64.0,cv
3.57,50.0,cv
4.02,47.0,SE
8.04,37.0,SE
12.06,40.0,SE
16.08,47.0,SE
20.1,54.0,SE
24.12,48.0,SE
27.25,47.0,SE
29.04,41.0,SE
30.83,50.0,SE
32.62,57.0,SE
34.41,64.0,SE
37.54,54.0,SE
40.67,52.0,SE
42.46,54.0,SE
43.35,62.0,SE
45.14,58.0,SE
46.03,69.0,SE
0.89,77.0,cv
1.78,89.0,cv
1.79,90.0,SE
3.58,86.0,SE
5.37,74.0,SE
8.5,74.0,SE
11.63,75.0,SE
14.76,85.0,SE
17.89,93.0,SE
22.81,96.0,SE
27.73,109.0,SE
33.54,98.0,SE
36.67,113.0,SE
39.8,128.0,SE
42.93,117.0,SE
44.72,116.0,SE
46.51,127.0,SE
48.3,133.0,SE
53.22,150.0,SE
56.35,159.0,SE
58.14,185.0,SE
59.93,178.0,SE
61.72,193.0,SE
0.89,191.0,cv
0.89,199.0,SE
1.78,196.0,SE
0.89,190.0,cv
2.68,168.0,cv
3.57,128.0,cv
4.46,100.0,cv
5.35,91.0,cv
7.14,87.0,cv
8.93,73.0,cv
3.13,62.0,SE
1.79,66.0,cv
1.79,106.0,SE
4.02,95.0,NE
3.13,93.0,SE
4.92,75.0,SE
0.89,62.0,cv
0.89,61.0,NE
2.68,68.0,NE
4.47,75.0,NE
4.02,62.0,NW
8.04,31.0,NW
12.06,39.0,NW
15.19,46.0,NW
0.89,17.0,cv
1.79,6.0,NE
1.79,4.0,NW
3.58,4.0,NW
5.37,15.0,NW
10.29,10.0,NW
15.21,16.0,NW
20.13,7.0,NW
4.02,11.0,cv
4.92,12.0,NE
8.94,7.0,NE
12.07,10.0,NE
3.13,11.0,SE
6.26,13.0,SE
8.05,13.0,SE
11.18,11.0,SE
14.31,18.0,SE
17.44,27.0,SE
19.23,32.0,SE
1.79,25.0,NE
1.79,28.0,NW
4.92,22.0,NW
8.94,35.0,NW
12.07,32.0,NW
15.2,28.0,NW
18.33,22.0,NW
22.35,17.0,NW
26.37,26.0,NW
30.39,24.0,NW
33.52,17.0,NW
36.65,16.0,NW
40.67,13.0,NW
45.59,14.0,NW
49.61,9.0,NW
52.74,15.0,NW
3.13,15.0,cv
3.13,15.0,NE
3.13,6.0,SE
6.26,15.0,SE
8.05,15.0,SE
1.79,26.0,cv
2.68,21.0,cv
3.57,25.0,cv
0.89,28.0,SE
1.79,30.0,NE
0.89,54.0,cv
1.78,43.0,cv
2.67,32.0,cv
0.89,37.0,NE
0.89,30.0,cv
1.79,26.0,NW
1.79,50.0,NE
1.79,77.0,cv
3.58,45.0,cv
4.47,36.0,cv
5.36,48.0,cv
3.13,60.0,SE
6.26,48.0,SE
9.39,59.0,SE
13.41,61.0,SE
16.54,59.0,SE
20.56,31.0,SE
24.58,39.0,SE
26.37,33.0,SE
28.16,62.0,SE
29.95,59.0,SE
31.74,66.0,SE
34.87,69.0,SE
0.89,70.0,cv
1.78,67.0,cv
2.23,59.0,cv
0.89,68.0,NE
1.78,84.0,NE
0.89,104.0,NW
2.68,94.0,NW
0.89,80.0,NE
0.89,65.0,cv
1.78,61.0,cv
3.57,64.0,cv
5.36,71.0,cv
7.15,93.0,cv
3.13,104.0,SE
7.15,95.0,SE
12.07,74.0,SE
16.99,72.0,SE
21.01,51.0,SE
25.03,54.0,SE
29.05,40.0,SE
34.86,45.0,SE
38.88,51.0,SE
42.01,59.0,SE
43.8,57.0,SE
46.93,59.0,SE
48.72,58.0,SE
51.85,59.0,SE
53.64,63.0,SE
55.43,76.0,SE
57.22,86.0,SE
0.89,100.0,cv
1.78,108.0,cv
3.13,108.0,SE
4.92,101.0,SE
6.71,105.0,SE
9.84,105.0,SE
12.97,102.0,SE
16.99,116.0,SE
21.01,124.0,SE
25.03,122.0,SE
29.05,122.0,SE
33.07,121.0,SE
36.2,141.0,SE
39.33,163.0,SE
43.35,168.0,SE
48.27,149.0,SE
5.81,66.0,NW
0.89,48.0,cv
1.78,27.0,cv
2.67,30.0,cv
1.79,34.0,NE
2.68,43.0,NE
0.89,45.0,cv
0.89,65.0,NW
0.89,59.0,SE
2.68,58.0,SE
0.89,57.0,cv
0.89,52.0,SE
0.89,33.0,cv
1.79,50.0,SE
3.58,56.0,SE
0.89,64.0,cv
1.78,66.0,cv
2.67,72.0,cv
3.56,78.0,cv
1.79,78.0,SE
3.58,84.0,SE
5.37,98.0,SE
8.5,110.0,SE
10.29,114.0,SE
0.89,101.0,cv
1.78,111.0,cv
4.02,110.0,SE
7.15,134.0,SE
8.94,169.0,SE
9.83,190.0,SE
0.89,214.0,cv
1.78,239.0,cv
1.79,250.0,SE
3.58,259.0,SE
5.37,263.0,SE
7.16,280.0,SE
8.95,277.0,SE
10.74,274.0,SE
1.79,256.0,cv
1.79,232.0,SE
3.58,212.0,SE
5.37,177.0,SE
8.5,175.0,SE
10.29,167.0,SE
13.42,161.0,SE
15.21,150.0,SE
18.34,153.0,SE
0.89,206.0,cv
1.78,237.0,cv
2.67,250.0,cv
1.79,295.0,SE
0.89,291.0,NE
0.89,299.0,NW
1.78,303.0,NW
2.67,293.0,NW
3.56,281.0,NW
6.69,259.0,NW
9.82,226.0,NW
1.79,201.0,NE
3.13,185.0,NW
0.89,153.0,cv
1.78,145.0,cv
3.57,152.0,cv
5.36,137.0,cv
7.15,137.0,cv
4.02,139.0,SE
8.04,178.0,SE
12.06,200.0,SE
16.98,213.0,SE
21.0,148.0,SE
22.79,194.0,SE
25.92,172.0,SE
27.71,151.0,SE
1.79,156.0,NE
0.89,168.0,SE
0.89,172.0,cv
1.78,174.0,cv
2.67,169.0,cv
3.56,158.0,cv
1.79,152.0,SE
0.89,149.0,NE
1.79,148.0,SE
3.58,125.0,SE
5.37,112.0,SE
8.5,105.0,SE
10.29,114.0,SE
12.08,96.0,SE
15.21,80.0,SE
18.34,71.0,SE
21.47,67.0,SE
4.02,74.0,cv
4.02,70.0,SE
7.15,77.0,SE
11.17,77.0,SE
12.96,91.0,SE
14.75,107.0,SE
15.64,157.0,SE
17.43,184.0,SE
20.56,182.0,SE
23.69,207.0,SE
25.48,233.0,SE
28.61,212.0,SE
30.4,209.0,SE
33.53,237.0,SE
35.32,252.0,SE
37.11,233.0,SE
40.24,240.0,SE
42.03,218.0,SE
43.82,217.0,SE
46.95,196.0,SE
50.08,180.0,SE
51.87,157.0,SE
55.0,153.0,SE
58.13,153.0,SE
62.15,150.0,SE
66.17,158.0,SE
69.3,168.0,SE
72.43,167.0,SE
74.22,184.0,SE
76.01,194.0,SE
79.14,181.0,SE
80.93,153.0,SE
82.72,139.0,SE
84.51,133.0,SE
86.3,130.0,SE
0.89,116.0,cv
1.78,114.0,cv
1.79,99.0,SE
3.58,94.0,SE
6.71,84.0,SE
9.84,80.0,SE
12.97,80.0,SE
14.76,88.0,SE
16.55,103.0,SE
19.68,132.0,SE
22.81,151.0,SE
27.73,165.0,SE
32.65,182.0,SE
35.78,191.0,SE
40.7,193.0,SE
43.83,192.0,SE
46.96,189.0,SE
50.09,188.0,SE
53.22,223.0,SE
56.35,239.0,SE
58.14,235.0,SE
0.89,196.0,cv
1.79,180.0,SE
0.89,192.0,cv
1.79,187.0,NE
0.89,164.0,cv
1.78,156.0,cv
0.89,163.0,NW
1.79,144.0,NE
3.58,137.0,NE
5.37,131.0,NE
4.92,115.0,NW
3.13,68.0,NE
5.81,26.0,NW
10.73,16.0,NW
4.02,15.0,NE
3.13,10.0,NW
3.13,13.0,NE
1.79,11.0,NW
0.89,8.0,SE
1.78,10.0,SE
2.67,16.0,SE
0.89,49.0,cv
1.78,45.0,cv
2.67,42.0,cv
0.89,55.0,NE
1.78,53.0,NE
1.79,85.0,NW
3.58,37.0,NW
6.71,19.0,NW
8.5,21.0,NW
11.63,16.0,NW
14.76,17.0,NW
17.89,17.0,NW
22.81,16.0,NW
3.13,11.0,NE
7.15,11.0,NE
3.13,14.0,NW
1.79,9.0,NE
3.58,8.0,NE
0.89,10.0,cv
1.79,14.0,SE
0.89,14.0,cv
3.13,22.0,SE
7.15,32.0,SE
8.94,36.0,SE
12.07,29.0,SE
13.86,31.0,SE
1.79,35.0,NW
2.68,34.0,NW
0.89,28.0,NE
0.89,52.0,cv
0.89,70.0,NE
0.89,52.0,NW
2.68,39.0,NW
4.47,31.0,NW
7.6,25.0,NW
10.73,25.0,NW
12.52,28.0,NW
14.31,28.0,NW
1.79,25.0,cv
1.79,15.0,SE
3.58,17.0,SE
7.6,18.0,SE
11.62,35.0,SE
16.54,17.0,SE
21.46,17.0,SE
26.38,18.0,SE
31.3,24.0,SE
36.22,28.0,SE
41.14,31.0,SE
46.95,40.0,SE
48.74,42.0,SE
49.63,48.0,SE
0.89,52.0,cv
1.78,53.0,cv
0.89,58.0,NE
2.68,58.0,NE
1.79,64.0,NW
4.92,61.0,NW
8.94,41.0,NW
4.02,35.0,NE
8.04,18.0,NE
11.17,11.0,NE
0.89,13.0,cv
3.13,12.0,NE
3.13,9.0,SE
4.92,9.0,NE
4.02,16.0,NW
3.13,13.0,NE
0.89,16.0,cv
1.79,9.0,SE
4.92,18.0,SE
0.89,28.0,cv
1.78,32.0,cv
2.67,33.0,cv
3.56,35.0,cv
3.13,46.0,NE
0.89,19.0,cv
1.79,21.0,NE
5.81,9.0,NE
9.83,12.0,NE
13.85,9.0,NE
16.98,10.0,NE
21.0,12.0,NE
25.02,10.0,NE
29.04,10.0,NE
33.96,9.0,NE
37.98,7.0,NE
42.0,6.0,NE
15.2,12.0,SE
18.33,17.0,SE
20.12,16.0,SE
1.79,19.0,cv
1.79,22.0,SE
3.58,20.0,SE
4.47,36.0,SE
3.13,35.0,NW
3.13,30.0,NE
3.13,13.0,NW
6.26,19.0,NW
3.13,20.0,NE
0.89,18.0,cv
4.02,17.0,NW
7.15,17.0,NW
3.13,10.0,NE
3.13,13.0,NW
6.26,13.0,NW
9.39,10.0,NW
3.13,10.0,cv
4.92,12.0,cv
6.71,11.0,cv
11.18,9.0,NW
16.1,20.0,NW
3.13,21.0,SE
6.26,20.0,SE
0.89,26.0,NE
0.89,35.0,cv
1.78,58.0,cv
2.67,45.0,cv
1.79,50.0,NW
0.89,58.0,cv
0.89,44.0,NW
2.68,46.0,NW
3.57,31.0,NW
6.7,23.0,NW
9.83,21.0,NW
11.62,24.0,NW
3.13,19.0,NE
6.26,22.0,NE
9.39,18.0,NE
1.79,19.0,cv
3.58,21.0,cv
3.13,22.0,SE
7.15,29.0,SE
10.28,36.0,SE
13.41,39.0,SE
16.54,36.0,SE
19.67,42.0,SE
20.56,38.0,SE
0.89,36.0,cv
5.81,30.0,NW
4.02,15.0,NE
7.15,19.0,NE
3.13,30.0,SE
10.28,60.0,SE
18.33,40.0,SE
23.25,29.0,SE
26.38,35.0,SE
30.4,40.0,SE
0.89,42.0,cv
1.78,37.0,cv
3.13,44.0,NW
1.79,49.0,NE
3.13,50.0,SE
7.15,52.0,SE
10.28,50.0,SE
15.2,52.0,SE
20.12,50.0,SE
24.14,55.0,SE
29.06,57.0,SE
33.98,45.0,SE
38.9,51.0,SE
42.92,49.0,SE
47.84,54.0,SE
51.86,62.0,SE
53.65,73.0,SE
56.78,81.0,SE
1.79,93.0,cv
1.79,108.0,NE
1.79,112.0,SE
3.58,113.0,SE
0.89,85.0,cv
1.79,90.0,SE
0.89,85.0,cv
1.79,121.0,NE
1.79,130.0,SE
0.89,133.0,cv
1.78,148.0,cv
1.79,160.0,SE
0.89,159.0,cv
1.79,172.0,NE
1.79,142.0,NW
3.13,146.0,SE
6.26,134.0,SE
13.41,111.0,SE
17.43,90.0,SE
21.45,60.0,SE
24.58,60.0,SE
26.37,70.0,SE
0.89,80.0,cv
1.79,74.0,NW
0.89,64.0,cv
3.13,82.0,NE
1.79,111.0,SE
1.79,112.0,NE
1.79,128.0,SE
0.89,126.0,cv
1.34,147.0,cv
2.23,135.0,cv
3.12,142.0,cv
1.79,144.0,NE
1.79,142.0,SE
3.58,139.0,SE
5.37,129.0,SE
9.39,132.0,SE
14.31,130.0,SE
17.44,162.0,SE
19.23,162.0,SE
0.89,163.0,cv
1.78,152.0,cv
2.67,150.0,cv
3.56,160.0,cv
0.89,172.0,NE
1.78,188.0,NE
0.89,195.0,cv
1.79,220.0,NE
0.89,191.0,cv
3.13,154.0,SE
0.89,158.0,NE
2.68,131.0,NE
0.45,128.0,cv
0.89,123.0,SE
2.68,112.0,SE
4.47,122.0,SE
7.6,113.0,SE
9.39,109.0,SE
11.18,120.0,SE
1.79,125.0,cv
3.58,127.0,cv
1.79,143.0,SE
4.92,109.0,SE
8.94,96.0,SE
12.96,80.0,SE
16.98,96.0,SE
18.77,106.0,SE
20.56,103.0,SE
0.89,84.0,cv
0.89,80.0,SE
1.78,81.0,SE
3.57,87.0,SE
5.36,69.0,SE
7.15,73.0,SE
8.04,72.0,SE
9.83,77.0,SE
11.62,77.0,SE
0.89,75.0,cv
0.89,72.0,SE
2.68,68.0,SE
1.79,60.0,cv
3.13,48.0,SE
6.26,52.0,SE
10.28,66.0,SE
4.92,57.0,cv
4.02,51.0,SE
8.04,45.0,SE
12.06,38.0,SE
16.08,45.0,SE
21.0,48.0,SE
25.02,53.0,SE
28.15,64.0,SE
32.17,72.0,SE
33.96,81.0,SE
35.75,66.0,SE
39.77,41.0,SE
1.79,46.0,cv
1.79,60.0,SE
3.58,57.0,SE
6.71,65.0,SE
0.89,64.0,cv
1.79,62.0,SE
4.92,55.0,SE
8.05,52.0,SE
9.84,55.0,SE
12.97,60.0,SE
16.99,52.0,SE
21.01,55.0,SE
25.93,67.0,SE
30.85,85.0,SE
35.77,87.0,SE
41.58,79.0,SE
48.73,60.0,SE
54.54,69.0,SE
58.56,59.0,SE
61.69,53.0,SE
65.71,55.0,SE
69.73,52.0,SE
72.86,48.0,SE
74.65,56.0,SE
76.44,59.0,SE
79.57,60.0,SE
82.7,55.0,SE
85.83,59.0,SE
88.96,59.0,SE
8.94,53.0,NW
13.86,20.0,NW
19.67,20.0,NW
23.69,20.0,NW
27.71,11.0,NW
31.73,15.0,NW
3.13,12.0,NE
5.81,15.0,NW
11.62,14.0,NW
14.75,15.0,NW
1.79,13.0,NE
1.79,11.0,cv
1.79,14.0,NE
0.89,15.0,cv
3.13,17.0,NE
6.26,14.0,NE
3.13,11.0,NW
7.15,9.0,NW
8.94,6.0,NW
10.73,6.0,NW
12.52,13.0,NW
1.79,10.0,NE
3.13,16.0,NW
4.92,16.0,NW
8.94,14.0,NW
12.96,18.0,NW
14.75,19.0,NW
16.54,15.0,NW
0.89,12.0,cv
8.05,18.0,NW
12.07,17.0,NW
17.88,16.0,NW
21.01,16.0,NW
24.14,11.0,NW
28.16,15.0,NW
0.89,8.0,cv
3.13,12.0,NW
6.26,19.0,NW
10.28,21.0,NW
14.3,17.0,NW
17.43,16.0,NW
21.45,20.0,NW
24.58,20.0,NW
26.37,21.0,NW
0.45,23.0,cv
0.9,12.0,cv
1.35,13.0,cv
1.79,19.0,NW
0.89,20.0,cv
1.79,16.0,NW
4.92,18.0,NW
8.94,19.0,NW
12.07,13.0,NW
3.13,22.0,SE
6.26,20.0,SE
3.13,16.0,NW
6.26,20.0,NW
8.05,21.0,NW
11.18,21.0,NW
4.02,42.0,SE
8.04,46.0,SE
11.17,43.0,SE
0.89,42.0,cv
0.89,41.0,SE
0.89,46.0,cv
0.89,55.0,NE
0.45,52.0,cv
1.34,50.0,cv
0.89,74.0,NE
0.89,73.0,NW
0.89,82.0,NE
0.89,74.0,cv
1.34,76.0,cv
1.79,82.0,NE
0.89,90.0,cv
1.79,103.0,SE
3.13,89.0,NW
6.26,67.0,NW
0.89,85.0,cv
1.78,62.0,cv
1.79,50.0,SE
3.58,69.0,SE
6.71,51.0,SE
9.84,24.0,SE
11.63,33.0,SE
13.42,35.0,SE
0.89,63.0,cv
0.89,104.0,NE
2.68,136.0,NE
0.89,146.0,SE
0.89,118.0,NE
0.89,127.0,NW
0.89,149.0,cv
1.79,160.0,NW
4.92,116.0,NW
8.05,91.0,NW
12.07,97.0,NW
16.09,61.0,NW
19.22,49.0,NW
3.13,40.0,NE
1.79,31.0,cv
3.13,27.0,SE
7.15,32.0,SE
10.28,28.0,SE
13.41,31.0,SE
18.33,38.0,SE
22.35,45.0,SE
27.27,44.0,SE
30.4,55.0,SE
32.19,61.0,SE
35.32,69.0,SE
37.11,69.0,SE
38.9,72.0,SE
40.69,87.0,SE
0.89,91.0,cv
0.89,116.0,SE
1.79,136.0,NE
2.68,146.0,NE
3.57,149.0,NE
0.89,142.0,cv
1.78,137.0,cv
2.67,113.0,cv
3.56,119.0,cv
1.79,107.0,SE
1.79,112.0,cv
3.58,80.0,cv
4.02,62.0,SE
8.04,67.0,SE
13.85,62.0,SE
19.66,76.0,SE
24.58,72.0,SE
29.5,63.0,SE
33.52,57.0,SE
36.65,62.0,SE
40.67,59.0,SE
43.8,57.0,SE
45.59,60.0,SE
48.72,68.0,SE
51.85,76.0,SE
54.98,86.0,SE
56.77,97.0,SE
58.56,102.0,SE
0.89,111.0,cv
1.78,107.0,cv
1.79,106.0,SE
0.89,113.0,cv
1.78,105.0,cv
3.57,114.0,cv
3.13,133.0,SE
8.05,120.0,SE
12.97,99.0,SE
17.89,87.0,SE
22.81,93.0,SE
28.62,85.0,SE
34.43,95.0,SE
38.45,98.0,SE
41.58,99.0,SE
43.37,88.0,SE
45.16,83.0,SE
46.95,84.0,SE
50.08,93.0,SE
53.21,95.0,SE
56.34,113.0,SE
58.13,121.0,SE
61.26,127.0,SE
63.05,134.0,SE
64.84,138.0,SE
66.63,141.0,SE
68.42,143.0,SE
1.79,125.0,cv
2.68,111.0,cv
5.81,118.0,cv
4.02,110.0,SE
9.83,101.0,SE
16.98,73.0,SE
24.13,61.0,SE
31.28,67.0,SE
37.09,80.0,SE
42.9,81.0,SE
47.82,77.0,SE
52.74,89.0,SE
55.87,88.0,SE
57.66,83.0,SE
59.45,89.0,SE
62.58,96.0,SE
64.37,90.0,SE
68.39,99.0,SE
71.52,101.0,SE
73.31,114.0,SE
76.44,135.0,SE
79.57,155.0,SE
82.7,189.0,SE
86.72,179.0,SE
89.85,151.0,SE
93.87,125.0,SE
99.68,101.0,SE
104.6,92.0,SE
110.41,97.0,SE
116.22,86.0,SE
123.37,84.0,SE
129.18,89.0,SE
133.2,89.0,SE
137.22,86.0,SE
141.24,92.0,SE
146.16,86.0,SE
151.08,85.0,SE
160.02,83.0,SE
161.81,82.0,SE
164.94,78.0,SE
166.73,69.0,SE
0.89,52.0,cv
4.02,53.0,SE
0.89,88.0,cv
1.79,117.0,NW
4.92,113.0,NW
3.13,142.0,NE
0.89,134.0,cv
1.79,159.0,NE
1.79,151.0,SE
4.92,149.0,SE
6.71,148.0,SE
8.5,132.0,SE
10.29,130.0,SE
13.42,122.0,SE
16.55,112.0,SE
18.34,130.0,SE
20.13,144.0,SE
21.92,157.0,SE
22.81,185.0,SE
24.6,199.0,SE
26.39,212.0,SE
0.89,211.0,cv
1.78,201.0,cv
2.67,193.0,cv
3.13,198.0,SE
4.92,187.0,SE
6.71,184.0,SE
0.89,192.0,cv
1.79,208.0,SE
3.58,219.0,SE
5.37,250.0,SE
7.16,227.0,SE
8.95,210.0,SE
10.74,176.0,SE
13.87,180.0,SE
17.0,164.0,SE
20.13,163.0,SE
24.15,155.0,SE
28.17,134.0,SE
31.3,134.0,SE
33.09,122.0,SE
34.88,125.0,SE
36.67,135.0,SE
38.46,167.0,SE
40.25,187.0,SE
42.04,206.0,SE
43.83,196.0,SE
45.62,154.0,SE
47.41,120.0,SE
0.89,135.0,cv
1.79,132.0,SE
3.58,136.0,SE
0.89,146.0,NW
1.79,159.0,SE
3.58,179.0,SE
5.37,185.0,SE
8.5,152.0,SE
10.29,112.0,SE
1.79,123.0,cv
3.58,109.0,cv
1.79,103.0,SE
4.92,98.0,SE
8.05,94.0,SE
11.18,106.0,SE
14.31,115.0,SE
16.1,124.0,SE
17.89,134.0,SE
0.89,134.0,cv
1.78,137.0,cv
0.89,101.0,SE
1.78,78.0,SE
3.57,79.0,SE
5.36,85.0,SE
8.49,93.0,SE
10.28,88.0,SE
0.89,78.0,cv
1.78,69.0,cv
3.13,62.0,SE
4.92,57.0,SE
0.89,77.0,cv
1.78,87.0,cv
2.67,97.0,cv
3.56,101.0,cv
5.35,112.0,cv
7.14,109.0,cv
1.79,110.0,SE
3.58,104.0,SE
6.71,104.0,SE
9.84,101.0,SE
13.86,100.0,SE
0.89,113.0,cv
1.79,115.0,SE
0.45,121.0,cv
0.89,119.0,NE
2.68,138.0,NE
0.89,146.0,SE
0.89,158.0,cv
0.89,184.0,SE
0.89,190.0,cv
1.78,201.0,cv
2.23,175.0,cv
0.89,132.0,NE
2.68,102.0,NE
1.79,88.0,NW
0.45,74.0,cv
1.34,74.0,cv
2.23,82.0,cv
3.12,73.0,cv
4.02,95.0,NW
8.04,76.0,NW
12.96,102.0,NW
4.92,72.0,SE
0.89,69.0,cv
1.78,52.0,cv
1.79,54.0,SE
3.58,67.0,SE
4.47,63.0,SE
0.45,67.0,cv
0.89,74.0,NE
0.89,80.0,cv
0.89,92.0,SE
0.89,89.0,cv
0.89,82.0,NW
2.68,92.0,NW
0.89,90.0,cv
3.13,90.0,NE
8.05,59.0,NE
12.97,12.0,NE
18.78,10.0,NE
24.59,7.0,NE
30.4,5.0,NE
33.53,7.0,NE
3.13,7.0,NW
3.13,6.0,NE
4.92,4.0,NE
4.02,7.0,NW
7.15,7.0,NW
1.79,4.0,NE
1.79,2.0,NW
4.92,2.0,NW
6.71,4.0,NW
8.5,4.0,NW
10.29,6.0,NW
1.79,14.0,NE
0.89,13.0,cv
1.79,10.0,NW
3.58,8.0,NW
6.71,9.0,NW
9.84,11.0,NW
12.97,14.0,NW
16.1,16.0,NW
19.23,14.0,NW
0.89,25.0,cv
1.78,25.0,cv
2.67,31.0,cv
1.79,27.0,SE
3.58,26.0,SE
5.37,28.0,SE
8.5,32.0,SE
11.63,51.0,SE
14.76,32.0,SE
17.89,25.0,SE
19.68,23.0,SE
20.57,27.0,SE
21.46,28.0,SE
0.89,26.0,cv
0.89,32.0,SE
1.79,34.0,NE
3.58,48.0,NE
0.89,49.0,NW
2.68,60.0,NW
5.81,63.0,NW
8.94,62.0,NW
12.96,68.0,NW
16.09,63.0,NW
4.02,50.0,NE
4.02,23.0,NW
4.02,16.0,NE
8.94,8.0,NE
13.86,6.0,NE
17.88,3.0,NE
21.01,2.0,NE
1.79,5.0,SE
3.58,4.0,SE
6.71,8.0,SE
11.63,15.0,SE
14.76,25.0,SE
17.89,28.0,SE
21.02,46.0,SE
22.81,71.0,SE
0.89,125.0,cv
0.89,142.0,NE
0.89,105.0,cv
0.89,101.0,SE
0.89,89.0,NE
4.02,93.0,NW
7.15,85.0,NW
8.94,62.0,NW
12.96,40.0,NW
16.09,52.0,NW
3.13,62.0,NE
0.89,55.0,cv
1.79,48.0,SE
1.79,41.0,cv
3.13,39.0,SE
6.26,43.0,SE
10.28,43.0,SE
14.3,44.0,SE
18.32,37.0,SE
21.45,40.0,SE
24.58,64.0,SE
27.71,48.0,SE
29.5,56.0,SE
31.29,41.0,SE
34.42,48.0,SE
0.89,29.0,cv
1.79,40.0,NE
0.89,42.0,cv
1.78,47.0,cv
2.67,51.0,cv
0.89,69.0,NE
0.89,79.0,cv
1.78,90.0,cv
2.67,83.0,cv
1.79,76.0,SE
3.58,85.0,SE
6.71,72.0,SE
10.73,56.0,SE
15.65,45.0,SE
20.57,46.0,SE
25.49,39.0,SE
30.41,49.0,SE
34.43,49.0,SE
37.56,62.0,SE
39.35,59.0,SE
41.14,58.0,SE
42.93,59.0,SE
44.72,60.0,SE
46.51,72.0,SE
48.3,71.0,SE
51.43,90.0,SE
53.22,120.0,SE
0.89,123.0,cv
1.34,132.0,cv
0.89,144.0,NE
1.79,154.0,SE
3.58,160.0,SE
5.37,124.0,SE
1.79,95.0,cv
3.58,80.0,cv
3.13,72.0,SE
6.26,70.0,SE
10.28,58.0,SE
13.41,53.0,SE
18.33,54.0,SE
23.25,44.0,SE
26.38,33.0,SE
30.4,46.0,SE
33.53,42.0,SE
36.66,55.0,SE
7.15,15.0,NW
0.89,18.0,cv
1.79,17.0,NE
1.79,22.0,NW
1.79,22.0,NE
0.89,24.0,cv
0.89,21.0,NW
2.68,28.0,NW
0.89,31.0,NE
1.79,31.0,NW
0.89,24.0,cv
1.79,25.0,SE
0.89,39.0,cv
1.78,38.0,cv
3.13,37.0,NW
1.79,36.0,SE
1.79,32.0,cv
3.58,30.0,cv
4.02,23.0,SE
8.94,20.0,SE
13.86,28.0,SE
18.78,43.0,SE
20.57,53.0,SE
22.36,49.0,SE
1.79,53.0,NE
3.58,78.0,NE
1.79,86.0,NW
5.81,65.0,NW
10.73,58.0,NW
13.86,53.0,NW
16.99,26.0,NW
20.12,20.0,NW
21.91,12.0,NW
23.7,13.0,NW
27.72,12.0,NW
4.02,12.0,NE
4.92,6.0,NW
9.84,11.0,NW
4.02,6.0,NE
1.79,6.0,cv
4.02,11.0,NE
1.79,10.0,SE
3.58,9.0,SE
5.37,9.0,SE
0.89,14.0,cv
1.34,21.0,cv
2.23,22.0,cv
1.79,23.0,NW
3.13,27.0,SE
1.79,42.0,NW
0.45,50.0,cv
0.9,57.0,cv
1.79,29.0,NW
3.58,26.0,NW
5.37,23.0,NW
4.02,18.0,NE
3.13,15.0,NW
6.26,12.0,NW
3.13,17.0,NE
6.26,8.0,NE
0.89,10.0,cv
3.13,12.0,SE
6.26,19.0,SE
9.39,21.0,SE
0.89,30.0,cv
1.79,33.0,SE
3.58,28.0,SE
6.71,24.0,SE
8.5,31.0,SE
0.89,40.0,cv
0.89,29.0,SE
2.68,64.0,SE
3.13,38.0,NW
7.15,19.0,NW
5.81,23.0,SE
3.13,13.0,NE
0.89,15.0,cv
3.13,21.0,NE
4.02,18.0,NE
0.89,19.0,SE
0.89,38.0,cv
3.13,36.0,NE
3.13,36.0,SE
4.92,53.0,SE
3.13,55.0,NE
1.79,43.0,NW
4.92,38.0,NW
8.05,26.0,NW
1.79,17.0,NE
3.13,17.0,NW
4.92,15.0,NW
1.79,19.0,cv
1.79,21.0,NW
0.89,24.0,SE
1.78,24.0,SE
0.89,26.0,cv
1.78,24.0,cv
0.89,21.0,NE
1.79,29.0,NW
0.89,19.0,cv
1.79,22.0,NE
1.79,22.0,NW
4.92,16.0,NW
0.89,28.0,cv
1.34,35.0,cv
3.13,17.0,NW
6.26,25.0,NW
8.05,27.0,NW
0.89,26.0,cv
1.78,26.0,cv
1.79,28.0,SE
4.92,42.0,SE
8.94,48.0,SE
13.86,31.0,SE
19.67,27.0,SE
24.59,26.0,SE
28.61,35.0,SE
33.53,32.0,SE
36.66,38.0,SE
3.13,37.0,NW
0.89,26.0,cv
1.78,17.0,cv
1.79,32.0,SE
0.45,26.0,cv
0.89,34.0,NE
1.79,32.0,NW
0.89,23.0,cv
0.89,35.0,NE
0.89,71.0,cv
1.78,102.0,cv
1.79,121.0,NE
4.92,114.0,NE
0.89,64.0,cv
1.79,47.0,NE
0.89,26.0,cv
1.78,17.0,cv
1.79,12.0,SE
4.92,17.0,SE
8.05,34.0,SE
12.07,48.0,SE
13.86,22.0,SE
0.89,30.0,cv
1.78,27.0,cv
2.67,24.0,cv
1.79,28.0,SE
3.58,33.0,SE
6.71,55.0,SE
0.89,70.0,cv
1.78,71.0,cv
1.79,88.0,NW
3.58,82.0,NW
5.37,52.0,NW
7.16,46.0,NW
0.45,33.0,cv
1.79,37.0,NE
3.58,49.0,NE
0.89,71.0,cv
1.78,68.0,cv
2.67,48.0,cv
3.56,44.0,cv
6.69,38.0,cv
3.13,28.0,SE
6.26,52.0,SE
9.39,63.0,SE
12.52,56.0,SE
14.31,61.0,SE
0.89,74.0,cv
0.89,80.0,SE
2.68,89.0,SE
0.89,97.0,cv
3.13,172.0,SE
4.92,209.0,SE
8.05,72.0,SE
11.18,19.0,SE
16.1,23.0,SE
20.12,31.0,SE
1.79,27.0,NE
0.89,33.0,cv
1.79,38.0,NE
4.92,36.0,NE
1.79,39.0,NW
3.58,44.0,NW
1.79,37.0,cv
3.13,36.0,SE
8.05,28.0,SE
12.97,38.0,SE
16.1,23.0,SE
19.23,20.0,SE
22.36,20.0,SE
24.15,35.0,SE
25.94,44.0,SE
0.89,55.0,cv
0.89,73.0,NE
0.89,81.0,cv
0.89,93.0,SE
1.78,91.0,SE
0.89,51.0,NE
1.78,56.0,NE
0.45,56.0,cv
3.13,34.0,NW
4.92,35.0,NW
8.94,27.0,NW
1.79,26.0,NE
3.58,39.0,NE
0.89,35.0,cv
1.79,38.0,SE
3.58,59.0,SE
6.71,69.0,SE
9.84,80.0,SE
12.97,74.0,SE
24.14,65.0,SE
28.16,71.0,SE
31.29,71.0,SE
33.08,74.0,SE
37.1,57.0,SE
40.23,60.0,SE
42.02,74.0,SE
42.91,61.0,SE
0.89,66.0,cv
1.79,74.0,NE
0.89,88.0,SE
0.89,94.0,cv
0.89,97.0,SE
0.89,111.0,NE
3.13,107.0,NW
4.92,123.0,NW
0.89,97.0,cv
1.78,93.0,cv
3.57,78.0,cv
4.02,69.0,SE
7.15,61.0,SE
11.17,55.0,SE
16.09,48.0,SE
20.11,13.0,SE
24.13,59.0,SE
28.15,74.0,SE
32.17,80.0,SE
35.3,84.0,SE
37.09,78.0,SE
38.88,70.0,SE
40.67,73.0,SE
42.46,71.0,SE
44.25,68.0,SE
46.04,88.0,SE
46.93,99.0,SE
48.72,104.0,SE
49.61,106.0,SE
0.89,115.0,NE
0.89,112.0,cv
1.78,114.0,cv
1.79,107.0,SE
1.79,99.0,cv
4.92,81.0,SE
9.84,69.0,SE
14.76,69.0,SE
20.57,77.0,SE
52.32,99.0,SE
0.45,112.0,cv
1.79,119.0,SE
2.68,122.0,SE
0.89,133.0,cv
0.89,133.0,NE
0.89,140.0,cv
1.78,153.0,cv
2.67,173.0,cv
3.56,169.0,cv
4.45,163.0,cv
1.79,138.0,SE
3.58,141.0,SE
5.37,137.0,SE
10.29,134.0,SE
14.31,123.0,SE
18.33,113.0,SE
20.12,115.0,SE
21.91,123.0,SE
5.81,145.0,NE
4.92,69.0,SE
9.84,19.0,SE
4.92,26.0,NW
9.84,22.0,NW
1.79,23.0,NE
4.92,21.0,NE
0.89,23.0,cv
1.78,18.0,cv
1.79,24.0,NW
3.58,30.0,NW
5.37,19.0,NW
1.79,23.0,NE
0.89,19.0,cv
1.78,22.0,cv
2.67,31.0,cv
3.56,42.0,cv
1.79,41.0,SE
4.92,56.0,SE
0.89,72.0,cv
3.13,76.0,SE
0.89,87.0,cv
1.79,91.0,SE
3.58,97.0,SE
0.89,110.0,cv
0.89,124.0,SE
0.45,123.0,cv
0.89,110.0,SE
2.68,115.0,SE
3.57,120.0,SE
6.7,149.0,SE
0.89,142.0,cv
1.78,142.0,cv
2.67,128.0,cv
0.89,120.0,NE
0.89,138.0,cv
1.78,134.0,cv
2.67,153.0,cv
3.56,133.0,cv
5.35,134.0,cv
1.79,116.0,SE
1.79,106.0,cv
2.68,87.0,cv
3.13,83.0,SE
6.26,108.0,SE
9.39,95.0,SE
11.18,104.0,SE
14.31,118.0,SE
16.1,133.0,SE
0.89,151.0,cv
1.79,171.0,SE
7.15,35.0,NW
11.17,26.0,NW
1.79,20.0,NE
4.92,25.0,NW
8.05,31.0,NW
0.89,35.0,cv
3.13,39.0,SE
4.02,45.0,SE
0.89,29.0,cv
4.02,3.0,NW
8.94,6.0,NW
14.75,7.0,NW
17.88,5.0,NW
0.89,4.0,cv
4.02,8.0,cv
5.81,6.0,cv
6.7,10.0,cv
8.49,7.0,cv
3.13,6.0,SE
6.26,7.0,SE
8.05,12.0,SE
11.18,17.0,SE
12.97,46.0,SE
14.76,44.0,SE
0.89,38.0,cv
0.89,25.0,SE
0.89,16.0,NE
1.78,27.0,NE
1.79,24.0,NW
3.58,27.0,NW
5.37,19.0,NW
8.5,15.0,NW
11.63,16.0,NW
3.13,17.0,NE
3.13,17.0,NW
8.05,10.0,NW
4.02,7.0,NE
4.02,7.0,NW
8.04,9.0,NW
1.79,7.0,cv
1.79,9.0,SE
3.58,6.0,SE
5.37,6.0,SE
7.16,8.0,SE
11.18,11.0,SE
15.2,18.0,SE
19.22,21.0,SE
23.24,30.0,SE
1.79,26.0,NE
0.89,26.0,cv
1.34,41.0,cv
1.79,35.0,SE
1.79,39.0,NW
3.58,40.0,NW
6.71,23.0,NW
9.84,27.0,NW
13.86,15.0,NW
15.65,19.0,NW
18.78,19.0,NW
20.57,17.0,NW
0.89,17.0,cv
1.78,13.0,cv
1.79,10.0,NE
1.79,6.0,cv
4.92,8.0,cv
6.71,10.0,cv
7.6,6.0,cv
1.79,13.0,SE
5.81,19.0,SE
8.94,27.0,SE
12.07,31.0,SE
15.2,29.0,SE
1.79,39.0,NE
1.79,57.0,SE
0.45,71.0,cv
1.34,68.0,cv
1.79,79.0,cv
2.68,89.0,cv
3.13,45.0,cv
1.79,31.0,NW
4.92,21.0,NW
8.05,27.0,NW
1.79,24.0,NE
0.89,30.0,cv
1.78,25.0,cv
1.79,38.0,SE
3.13,43.0,cv
4.02,48.0,SE
8.04,48.0,SE
12.96,47.0,SE
17.88,63.0,SE
21.01,62.0,SE
22.8,67.0,SE
0.89,73.0,cv
1.79,82.0,SE
3.58,94.0,SE
5.37,93.0,SE
6.26,89.0,SE
8.05,90.0,SE
8.94,100.0,SE
0.89,103.0,cv
0.89,108.0,NE
1.78,91.0,NE
0.45,83.0,cv
1.34,69.0,cv
2.23,64.0,cv
1.79,67.0,NW
0.89,62.0,cv
4.02,68.0,NW
7.15,66.0,NW
1.79,60.0,cv
2.68,73.0,cv
3.57,80.0,cv
4.46,80.0,cv
1.79,84.0,SE
3.58,98.0,SE
4.47,99.0,SE
7.15,129.0,NW
4.92,125.0,SE
3.13,74.0,NW
1.79,58.0,SE
1.79,79.0,NE
1.79,77.0,NW
4.02,80.0,SE
0.89,85.0,cv
1.79,74.0,NE
1.79,78.0,NW
1.79,90.0,NE
2.68,89.0,NE
0.89,68.0,cv
1.78,71.0,cv
1.79,66.0,NW
0.89,59.0,cv
2.68,49.0,cv
3.57,62.0,cv
1.79,74.0,SE
0.89,81.0,cv
1.78,85.0,cv
1.79,88.0,SE
2.68,87.0,SE
3.57,95.0,SE
0.89,121.0,cv
1.34,139.0,cv
1.79,132.0,SE
2.68,111.0,SE
3.57,107.0,SE
1.79,102.0,NE
0.89,125.0,cv
1.78,174.0,cv
2.67,151.0,cv
1.79,154.0,NE
3.58,163.0,NE
0.89,148.0,cv
1.79,152.0,NW
0.89,151.0,cv
1.78,160.0,cv
1.79,173.0,NE
3.58,196.0,NE
5.37,181.0,NE
3.13,183.0,SE
0.89,130.0,cv
1.78,158.0,cv
1.79,164.0,NE
1.79,149.0,SE
0.89,141.0,cv
0.89,143.0,SE
2.68,143.0,SE
0.89,138.0,cv
3.13,102.0,SE
1.79,100.0,NE
0.89,107.0,cv
1.78,131.0,cv
0.89,139.0,NE
2.68,121.0,NE
1.79,97.0,NW
3.58,86.0,NW
0.89,85.0,cv
1.78,79.0,cv
1.79,80.0,SE
3.13,105.0,NE
4.92,61.0,NE
0.89,58.0,cv
1.79,55.0,SE
4.92,65.0,SE
9.84,78.0,SE
13.86,79.0,SE
4.02,71.0,NE
1.79,72.0,SE
1.79,75.0,NE
0.89,93.0,NW
2.68,99.0,NW
3.57,104.0,NW
0.89,104.0,NE
1.78,103.0,NE
0.89,96.0,SE
0.45,95.0,cv
0.89,87.0,SE
0.89,96.0,cv
0.89,102.0,SE
0.89,101.0,NE
0.89,106.0,cv
1.79,109.0,SE
3.58,123.0,SE
5.37,132.0,SE
7.16,139.0,SE
8.95,144.0,SE
10.74,153.0,SE
12.53,146.0,SE
4.02,163.0,cv
4.02,95.0,NE
0.89,149.0,cv
0.89,157.0,NE
1.79,163.0,NW
1.79,175.0,NE
8.94,84.0,NW
3.13,25.0,SE
4.92,21.0,SE
0.89,36.0,cv
1.78,50.0,cv
2.67,59.0,cv
0.89,49.0,NE
1.79,30.0,NW
1.79,28.0,NE
1.79,27.0,NW
3.58,21.0,NW
1.79,21.0,SE
1.79,25.0,NE
3.58,34.0,NE
5.37,37.0,NE
0.89,39.0,cv
1.79,36.0,NE
3.58,19.0,NE
1.79,23.0,SE
1.79,24.0,NE
0.89,25.0,cv
3.13,12.0,NE
3.13,9.0,NW
3.13,8.0,NE
4.92,10.0,NE
1.79,6.0,NW
3.58,11.0,NW
0.45,10.0,cv
3.13,9.0,NW
6.26,9.0,NW
0.89,12.0,NE
1.79,9.0,NW
4.92,7.0,NW
8.05,6.0,NW
12.07,14.0,NW
15.2,11.0,NW
18.33,17.0,NW
21.46,16.0,NW
0.89,13.0,cv
2.68,8.0,cv
1.79,12.0,NW
3.13,10.0,SE
0.89,12.0,cv
4.92,11.0,SE
10.73,16.0,SE
14.75,12.0,SE
19.67,11.0,SE
24.59,15.0,SE
26.38,21.0,SE
0.89,19.0,cv
1.78,23.0,cv
1.79,23.0,NE
2.68,51.0,NE
3.57,38.0,NE
0.89,47.0,cv
1.78,50.0,cv
0.89,54.0,NW
2.68,53.0,NW
4.47,56.0,NW
6.26,81.0,NW
0.89,48.0,cv
1.78,44.0,cv
1.79,27.0,SE
1.79,31.0,cv
3.13,45.0,SE
7.15,33.0,SE
12.07,17.0,SE
16.99,15.0,SE
21.01,27.0,SE
25.93,35.0,SE
29.06,31.0,SE
29.95,38.0,SE
0.89,60.0,cv
1.79,49.0,SE
4.92,52.0,SE
8.05,60.0,SE
11.18,61.0,SE
0.89,64.0,cv
0.89,74.0,NE
0.89,80.0,cv
1.79,76.0,NE
3.58,70.0,NE
4.47,73.0,NE
6.26,86.0,NE
0.89,93.0,cv
3.13,96.0,SE
6.26,109.0,SE
9.39,109.0,SE
11.18,114.0,SE
14.31,90.0,SE
17.44,74.0,SE
20.57,75.0,SE
24.59,68.0,SE
27.72,70.0,SE
30.85,88.0,SE
33.98,143.0,SE
37.11,155.0,SE
38.9,147.0,SE
42.03,143.0,SE
0.89,148.0,NE
0.89,157.0,cv
1.79,152.0,SE
3.58,152.0,SE
5.37,147.0,SE
6.26,143.0,SE
8.05,139.0,SE
0.89,142.0,cv
0.89,139.0,NE
0.89,133.0,cv
1.79,137.0,SE
0.89,138.0,cv
1.79,138.0,SE
3.58,132.0,SE
6.71,135.0,SE
9.84,127.0,SE
13.86,109.0,SE
15.65,94.0,SE
17.44,100.0,SE
20.57,110.0,SE
23.7,123.0,SE
27.72,132.0,SE
30.85,138.0,SE
33.98,151.0,SE
35.77,162.0,SE
37.56,155.0,SE
39.35,143.0,SE
40.24,145.0,SE
42.03,147.0,SE
43.82,154.0,SE
0.89,163.0,cv
1.78,170.0,cv
1.79,174.0,SE
0.89,196.0,cv
1.79,207.0,SE
3.58,198.0,SE
5.37,176.0,SE
8.5,111.0,SE
12.52,85.0,SE
16.54,79.0,SE
19.67,100.0,SE
22.8,105.0,SE
25.93,110.0,SE
27.72,123.0,SE
0.89,124.0,cv
1.79,129.0,NW
2.68,140.0,NW
5.81,156.0,NW
8.94,104.0,NW
13.86,2.0,NW
16.99,2.0,NW
20.12,6.0,NW
0.89,5.0,cv
3.13,5.0,NW
6.26,6.0,NW
9.39,3.0,NW
13.41,3.0,NW
17.43,7.0,NW
1.79,7.0,NE
4.02,3.0,NW
7.15,3.0,NW
1.79,4.0,cv
1.79,6.0,NW
1.79,6.0,cv
1.79,4.0,SE
3.58,10.0,SE
6.71,15.0,SE
10.73,12.0,SE
13.86,14.0,SE
0.89,20.0,cv
1.78,19.0,cv
2.67,22.0,cv
3.56,30.0,cv
1.79,37.0,NE
2.68,39.0,NE
0.89,45.0,NW
1.78,42.0,NW
0.89,39.0,cv
1.79,25.0,NW
3.58,23.0,NW
5.37,17.0,NW
7.16,27.0,NW
1.79,19.0,SE
0.89,22.0,cv
1.79,31.0,SE
3.58,43.0,SE
1.79,54.0,cv
3.13,45.0,SE
6.26,44.0,SE
9.39,35.0,SE
11.18,41.0,SE
14.31,46.0,SE
15.2,47.0,SE
18.33,61.0,SE
21.46,80.0,SE
24.59,52.0,SE
26.38,41.0,SE
1.79,46.0,NE
3.58,44.0,NE
0.89,54.0,cv
1.79,59.0,SE
3.58,79.0,SE
0.89,115.0,NE
0.89,96.0,cv
1.78,108.0,cv
2.67,112.0,cv
3.56,118.0,cv
1.79,92.0,SE
3.58,74.0,SE
6.71,50.0,SE
10.73,36.0,SE
14.75,30.0,SE
18.77,38.0,SE
21.9,36.0,SE
25.03,43.0,SE
26.82,48.0,SE
28.61,57.0,SE
30.4,65.0,SE
0.89,83.0,cv
1.79,95.0,SE
3.58,82.0,SE
5.37,61.0,SE
0.89,73.0,cv
1.78,77.0,cv
2.67,86.0,cv
3.56,81.0,cv
4.01,81.0,cv
4.9,89.0,cv
5.79,91.0,cv
1.79,94.0,SE
3.58,108.0,SE
5.37,101.0,SE
0.89,93.0,cv
1.79,88.0,NE
3.58,84.0,NE
5.37,91.0,NE
0.89,92.0,cv
1.78,88.0,cv
1.79,116.0,SE
3.13,120.0,NW
8.05,124.0,NW
0.89,113.0,cv
3.13,104.0,NW
4.92,106.0,NW
6.71,121.0,NW
0.89,124.0,cv
1.78,135.0,cv
2.67,147.0,cv
1.79,82.0,NW
0.89,60.0,cv
1.78,60.0,cv
2.67,52.0,cv
0.89,54.0,SE
2.68,59.0,SE
3.57,59.0,SE
0.89,74.0,cv
2.68,68.0,cv
3.57,65.0,cv
4.46,68.0,cv
1.79,45.0,SE
4.92,36.0,SE
6.71,63.0,SE
8.5,54.0,SE
10.29,48.0,SE
12.08,57.0,SE
13.87,58.0,SE
15.66,63.0,SE
0.89,51.0,cv
0.89,52.0,SE
1.78,50.0,SE
0.89,54.0,NE
1.78,62.0,NE
0.89,64.0,cv
1.34,108.0,cv
0.89,95.0,NE
1.78,93.0,NE
0.89,94.0,cv
1.79,96.0,SE
3.58,51.0,SE
6.71,60.0,SE
9.84,50.0,SE
13.86,46.0,SE
17.88,39.0,SE
22.8,38.0,SE
27.72,47.0,SE
31.74,46.0,SE
34.87,48.0,SE
38.0,53.0,SE
41.13,67.0,SE
42.92,61.0,SE
0.89,73.0,cv
1.78,79.0,cv
2.67,74.0,cv
0.89,71.0,SE
0.89,76.0,cv
0.89,75.0,SE
1.79,78.0,NE
2.68,86.0,NE
0.89,95.0,cv
4.02,106.0,NW
8.04,79.0,NW
4.92,63.0,NE
8.94,49.0,NE
12.96,27.0,NE
17.88,11.0,NE
21.01,10.0,NE
24.14,6.0,NE
3.13,11.0,NW
6.26,12.0,NW
0.89,13.0,cv
1.78,10.0,cv
0.89,15.0,SE
0.89,23.0,NE
0.89,34.0,SE
0.45,36.0,cv
0.89,42.0,NE
0.89,42.0,NW
0.89,47.0,cv
0.89,47.0,NW
4.02,28.0,NW
8.04,20.0,NW
11.17,23.0,NW
14.3,16.0,NW
18.32,16.0,NW
22.34,15.0,NW
1.79,11.0,NE
3.13,11.0,NW
7.15,7.0,NW
11.17,4.0,NW
1.79,3.0,cv
3.13,6.0,NW
7.15,8.0,NW
10.28,6.0,NW
4.02,11.0,SE
8.04,16.0,SE
12.96,18.0,SE
17.88,20.0,SE
21.9,25.0,SE
25.03,20.0,SE
0.89,26.0,cv
1.79,30.0,SE
0.89,34.0,cv
0.89,30.0,NE
0.89,53.0,cv
1.79,49.0,NW
5.81,33.0,NW
8.94,18.0,NW
4.02,15.0,NW
1.79,20.0,NE
3.58,25.0,NE
5.37,19.0,NE
1.79,22.0,SE
0.89,30.0,cv
1.78,45.0,cv
0.89,69.0,SE
0.89,90.0,cv
0.89,98.0,NE
0.89,93.0,cv
1.79,64.0,SE
6.71,56.0,SE
9.84,56.0,SE
11.63,68.0,SE
13.42,56.0,SE
15.21,30.0,SE
0.89,25.0,cv
0.89,16.0,NE
0.45,10.0,cv
1.79,13.0,SE
4.92,19.0,SE
8.05,25.0,SE
0.89,22.0,cv
2.68,18.0,cv
1.79,19.0,NE
0.89,29.0,cv
1.78,44.0,cv
2.67,75.0,cv
4.46,60.0,cv
3.13,60.0,SE
4.92,60.0,SE
8.05,38.0,SE
9.84,35.0,SE
11.63,32.0,SE
14.76,41.0,SE
0.89,49.0,cv
1.79,49.0,SE
0.89,55.0,cv
0.89,56.0,NE
1.78,62.0,NE
0.45,80.0,cv
1.34,99.0,cv
3.13,104.0,NW
7.15,99.0,NW
10.28,97.0,NW
13.41,108.0,NW
16.54,99.0,NW
19.67,119.0,NW
21.46,93.0,NW
0.89,78.0,cv
1.79,67.0,NW
0.89,69.0,cv
3.13,51.0,SE
6.26,41.0,SE
8.05,34.0,SE
9.84,21.0,SE
11.63,27.0,SE
13.42,34.0,SE
15.21,37.0,SE
17.0,51.0,SE
20.13,61.0,SE
23.26,63.0,SE
25.05,59.0,SE
25.94,70.0,SE
0.89,78.0,NE
0.89,84.0,cv
1.79,97.0,NE
2.68,110.0,NE
3.57,106.0,NE
4.46,92.0,NE
1.79,110.0,SE
3.58,121.0,SE
5.37,136.0,SE
1.79,150.0,cv
4.92,118.0,cv
3.13,91.0,SE
6.26,86.0,SE
10.28,67.0,SE
14.3,60.0,SE
16.09,53.0,SE
3.13,53.0,NE
1.79,97.0,NE
0.89,105.0,cv
1.78,119.0,cv
1.79,140.0,NE
0.89,144.0,cv
0.89,141.0,NE
0.89,145.0,cv
1.78,142.0,cv
2.23,141.0,cv
2.68,136.0,cv
3.13,128.0,NW
0.45,110.0,cv
1.79,116.0,NW
3.58,123.0,NW
0.89,127.0,cv
2.68,124.0,cv
3.57,115.0,cv
4.46,117.0,cv
1.79,113.0,SE
1.79,89.0,cv
2.68,95.0,cv
1.79,78.0,SE
0.89,140.0,cv
1.79,153.0,SE
0.89,159.0,cv
1.79,180.0,SE
3.58,200.0,SE
5.37,228.0,SE
10.29,229.0,SE
15.21,200.0,SE
18.34,146.0,SE
0.89,133.0,cv
1.78,125.0,cv
2.67,79.0,cv
0.89,80.0,SE
0.89,72.0,cv
1.79,59.0,SE
0.89,63.0,cv
1.78,64.0,cv
1.79,52.0,SE
3.58,67.0,SE
5.37,78.0,SE
7.16,89.0,SE
8.95,88.0,SE
12.08,96.0,SE
15.21,100.0,SE
18.34,93.0,SE
20.13,85.0,SE
21.92,88.0,SE
25.05,82.0,SE
28.18,80.0,SE
29.97,59.0,SE
33.1,75.0,SE
0.89,77.0,cv
1.78,70.0,cv
1.79,80.0,SE
3.58,81.0,SE
5.37,79.0,SE
0.89,89.0,cv
1.78,106.0,cv
2.67,112.0,cv
1.79,118.0,SE
1.79,120.0,NE
3.58,119.0,NE
5.37,127.0,NE
7.16,128.0,NE
8.95,135.0,NE
10.74,133.0,NE
11.63,124.0,NE
1.79,112.0,NW
3.58,107.0,NW
1.79,109.0,NE
4.02,108.0,NW
7.15,119.0,NW
10.28,117.0,NW
0.89,120.0,cv
1.79,123.0,NE
3.58,114.0,NE
0.89,109.0,NW
4.02,96.0,NW
7.15,102.0,NW
8.94,95.0,NW
10.73,81.0,NW
12.52,73.0,NW
15.65,63.0,NW
18.78,45.0,NW
21.91,51.0,NW
4.02,40.0,NE
4.02,36.0,NW
3.13,34.0,NE
0.89,24.0,cv
1.78,27.0,cv
1.79,38.0,SE
0.89,42.0,cv
1.79,56.0,SE
2.68,75.0,SE
4.47,68.0,SE
1.79,88.0,NE
0.89,50.0,cv
1.79,38.0,NE
3.58,38.0,NE
5.37,46.0,NE
7.16,35.0,NE
0.89,20.0,NW
0.89,9.0,cv
1.79,11.0,NW
4.92,17.0,NW
8.05,22.0,NW
1.79,13.0,NE
1.79,17.0,SE
1.79,14.0,cv
2.68,16.0,cv
3.57,14.0,cv
1.79,11.0,SE
1.79,10.0,cv
4.02,10.0,SE
8.04,31.0,SE
11.17,39.0,SE
12.96,56.0,SE
14.75,61.0,SE
15.64,64.0,SE
0.89,101.0,cv
1.79,111.0,SE
3.58,82.0,SE
4.47,84.0,SE
0.89,89.0,cv
1.34,91.0,cv
0.89,81.0,NE
0.45,103.0,cv
1.34,99.0,cv
0.89,105.0,NE
2.68,121.0,NE
0.89,139.0,cv
1.79,141.0,SE
3.58,148.0,SE
6.71,168.0,SE
9.84,157.0,SE
1.79,159.0,cv
1.79,151.0,SE
3.58,137.0,SE
4.47,128.0,SE
6.26,144.0,SE
0.89,147.0,NE
1.79,157.0,SE
4.92,145.0,SE
8.05,74.0,SE
9.84,60.0,SE
11.63,75.0,SE
15.65,86.0,SE
0.89,87.0,cv
1.79,99.0,SE
3.58,96.0,SE
7.6,107.0,SE
9.39,111.0,SE
12.52,120.0,SE
14.31,121.0,SE
16.1,126.0,SE
19.23,130.0,SE
21.02,123.0,SE
24.15,129.0,SE
1.79,146.0,cv
2.68,155.0,cv
3.13,193.0,NE
0.89,194.0,cv
4.02,203.0,NW
7.15,217.0,NW
8.94,219.0,NW
0.89,196.0,cv
1.79,166.0,NW
4.92,149.0,NW
1.79,119.0,NE
3.58,132.0,NE
3.13,61.0,NW
4.92,9.0,NW
0.89,9.0,cv
1.79,42.0,NW
4.92,43.0,NW
6.71,51.0,NW
8.5,28.0,NW
3.13,26.0,NE
7.15,14.0,NE
10.28,15.0,NE
1.79,10.0,cv
3.58,6.0,cv
1.79,10.0,SE
0.89,10.0,cv
1.79,17.0,SE
3.58,16.0,SE
0.89,22.0,cv
1.78,32.0,cv
2.23,54.0,cv
0.89,52.0,NE
2.68,59.0,NE
3.57,59.0,NE
0.89,77.0,SE
1.78,83.0,SE
0.89,83.0,cv
1.78,66.0,cv
0.89,59.0,NE
1.78,49.0,NE
0.89,58.0,cv
1.78,61.0,cv
0.89,63.0,NW
0.89,71.0,cv
1.78,82.0,cv
1.79,87.0,SE
3.58,98.0,SE
5.37,101.0,SE
8.5,69.0,SE
12.52,62.0,SE
15.65,45.0,SE
18.78,53.0,SE
20.57,46.0,SE
22.36,57.0,SE
23.25,53.0,SE
0.89,51.0,cv
1.78,58.0,cv
2.67,75.0,cv
1.79,75.0,NE
2.68,79.0,NE
0.89,97.0,cv
1.78,105.0,cv
2.67,105.0,cv
0.89,107.0,NW
0.89,103.0,cv
1.79,102.0,NW
1.79,97.0,NE
3.13,99.0,NW
7.15,85.0,NE
14.3,77.0,NE
21.45,17.0,NE
27.26,13.0,NE
32.18,10.0,NE
4.02,10.0,SE
4.92,12.0,NE
8.05,13.0,NE
12.07,12.0,NE
3.13,12.0,SE
4.92,14.0,SE
8.05,21.0,SE
12.97,17.0,SE
16.1,23.0,SE
17.89,26.0,SE
19.68,20.0,SE
22.81,24.0,SE
24.6,22.0,SE
26.39,17.0,SE
28.18,17.0,SE
29.97,20.0,SE
33.1,13.0,SE
0.89,18.0,cv
1.78,15.0,cv
2.67,17.0,cv
1.79,23.0,SE
3.58,22.0,SE
1.79,16.0,cv
3.13,22.0,SE
1.79,21.0,cv
3.13,23.0,SE
4.92,20.0,SE
6.71,26.0,SE
9.84,31.0,SE
10.73,44.0,SE
0.89,53.0,cv
1.78,57.0,cv
1.79,60.0,SE
3.58,78.0,SE
0.89,85.0,cv
1.79,83.0,NE
1.79,89.0,SE
2.68,80.0,SE
0.89,80.0,cv
1.78,69.0,cv
2.67,58.0,cv
3.56,62.0,cv
4.45,73.0,cv
1.79,77.0,SE
3.13,90.0,NW
1.79,91.0,NE
4.92,96.0,NW
8.05,71.0,NW
9.84,77.0,NW
12.97,76.0,NW
16.1,100.0,NW
17.89,100.0,NW
0.89,97.0,cv
3.13,93.0,NW
4.92,88.0,NW
0.89,82.0,cv
1.79,86.0,NW
4.92,82.0,NW
6.71,69.0,NW
8.5,66.0,NW
11.63,59.0,NW
13.42,62.0,NW
15.21,73.0,NW
17.0,80.0,NW
18.79,74.0,NW
21.92,79.0,NW
0.89,64.0,cv
1.79,61.0,NW
0.89,75.0,cv
1.79,64.0,NW
0.89,39.0,cv
1.79,31.0,SE
0.89,27.0,cv
1.79,21.0,SE
3.58,27.0,SE
5.37,33.0,SE
7.16,60.0,SE
0.89,79.0,cv
1.79,93.0,SE
3.58,129.0,SE
5.37,132.0,SE
0.89,121.0,cv
1.78,115.0,cv
1.79,113.0,NE
0.89,135.0,cv
1.78,115.0,cv
2.23,149.0,cv
0.89,109.0,NW
2.68,73.0,NW
4.47,57.0,NW
0.89,53.0,cv
1.79,59.0,NW
0.89,57.0,cv
1.78,84.0,cv
2.67,91.0,cv
1.79,133.0,SE
3.58,172.0,SE
5.37,182.0,SE
7.16,201.0,SE
1.79,207.0,NE
0.89,199.0,cv
1.78,177.0,cv
2.67,161.0,cv
3.12,156.0,cv
1.79,152.0,SE
4.92,130.0,SE
8.05,94.0,SE
9.84,81.0,SE
12.97,81.0,SE
17.89,78.0,SE
21.91,69.0,SE
23.7,59.0,SE
25.49,55.0,SE
26.38,54.0,SE
27.27,58.0,SE
1.79,61.0,NE
2.68,75.0,NE
0.89,78.0,SE
0.89,97.0,cv
1.79,105.0,SE
1.79,103.0,NE
0.89,100.0,cv
1.78,107.0,cv
2.67,109.0,cv
3.13,116.0,SE
6.26,112.0,SE
9.39,101.0,SE
11.18,80.0,SE
12.97,77.0,SE
0.89,79.0,cv
1.79,86.0,SE
0.89,72.0,cv
0.89,70.0,SE
1.78,64.0,SE
0.89,67.0,NE
0.89,63.0,NW
3.13,54.0,NE
4.92,50.0,NW
9.84,21.0,NW
16.99,11.0,NW
24.14,10.0,NW
29.95,8.0,NW
35.76,7.0,NW
39.78,10.0,NW
4.02,12.0,NE
9.83,8.0,NE
13.85,6.0,NE
15.64,11.0,NE
17.43,17.0,NE
1.79,22.0,NW
1.79,27.0,NE
1.79,43.0,NW
0.89,34.0,cv
1.78,39.0,cv
1.79,32.0,NW
0.45,28.0,cv
3.13,28.0,NW
0.89,22.0,cv
1.79,27.0,NW
3.58,22.0,NW
6.71,22.0,NW
9.84,25.0,NW
11.63,21.0,NW
3.13,22.0,NE
0.89,18.0,cv
1.78,18.0,cv
3.13,22.0,SE
6.26,20.0,SE
10.28,25.0,SE
14.3,22.0,SE
16.09,25.0,SE
17.88,33.0,SE
18.77,50.0,SE
19.66,61.0,SE
0.89,74.0,cv
1.78,79.0,cv
0.89,77.0,SE
2.68,91.0,SE
4.47,94.0,SE
0.89,107.0,NE
0.89,114.0,cv
0.89,104.0,NW
1.78,93.0,NW
2.67,85.0,NW
0.89,75.0,cv
1.79,75.0,NW
1.79,66.0,NE
3.58,66.0,NE
1.79,82.0,cv
2.68,104.0,cv
3.57,118.0,cv
4.46,140.0,cv
1.79,158.0,SE
4.92,179.0,SE
5.81,182.0,SE
0.89,189.0,cv
1.34,220.0,cv
0.89,245.0,SE
0.89,255.0,NE
0.89,284.0,cv
1.78,326.0,cv
2.23,301.0,cv
3.12,289.0,cv
3.57,269.0,cv
1.79,249.0,NW
2.68,232.0,NW
3.57,222.0,NW
0.89,217.0,NE
0.89,215.0,NW
2.68,243.0,NW
5.81,224.0,NW
0.89,236.0,cv
1.79,256.0,SE
1.79,272.0,NE
0.89,266.0,cv
1.79,280.0,SE
4.92,320.0,SE
0.89,364.0,cv
0.89,383.0,NE
1.78,402.0,NE
2.67,396.0,NE
0.89,419.0,cv
0.89,432.0,NE
0.89,432.0,cv
1.34,406.0,cv
1.79,388.0,NE
0.45,368.0,cv
1.79,355.0,NE
2.68,349.0,NE
0.89,353.0,SE
0.89,345.0,NE
0.89,341.0,NW
0.45,337.0,cv
0.89,342.0,NW
0.89,342.0,NE
0.89,334.0,cv
1.79,337.0,NE
0.89,343.0,cv
1.78,350.0,cv
2.67,364.0,cv
1.79,373.0,SE
0.89,385.0,cv
1.78,398.0,cv
2.23,430.0,cv
3.12,442.0,cv
0.89,443.0,NW
1.78,438.0,NW
0.45,420.0,cv
1.34,454.0,cv
2.23,430.0,cv
1.79,396.0,NW
0.89,386.0,SE
0.89,375.0,cv
0.89,344.0,NE
0.45,348.0,cv
0.89,338.0,NW
0.89,319.0,NE
0.89,324.0,cv
1.78,323.0,cv
1.79,331.0,SE
4.92,332.0,SE
0.89,328.0,cv
3.13,310.0,SE
4.92,298.0,SE
8.05,267.0,SE
9.84,261.0,SE
11.63,243.0,SE
0.89,263.0,NE
1.79,302.0,SE
3.58,331.0,SE
5.37,330.0,SE
0.89,308.0,cv
1.78,322.0,cv
0.89,328.0,SE
2.68,303.0,SE
0.89,290.0,cv
1.78,317.0,cv
1.79,314.0,SE
2.68,269.0,SE
0.89,204.0,cv
1.79,217.0,SE
3.58,202.0,SE
5.37,196.0,SE
6.26,230.0,SE
8.05,256.0,SE
9.84,246.0,SE
0.89,243.0,cv
1.78,237.0,cv
1.79,233.0,NW
4.92,239.0,NW
8.05,253.0,NW
15.2,108.0,NW
22.35,21.0,NW
28.16,18.0,NW
35.31,5.0,NW
42.46,6.0,NW
49.61,7.0,NW
55.42,8.0,NW
60.34,5.0,NW
64.36,7.0,NW
3.13,9.0,NE
3.13,9.0,NW
4.92,9.0,NW
8.05,8.0,NW
16.1,7.0,NW
20.12,4.0,NW
3.13,3.0,NE
7.15,4.0,NE
10.28,6.0,NE
15.2,3.0,NE
3.13,5.0,NW
8.05,6.0,NW
12.07,6.0,NW
13.86,4.0,NW
18.78,7.0,NW
23.7,6.0,NW
26.83,7.0,NW
29.96,13.0,NW
33.09,8.0,NW
37.11,10.0,NW
40.24,10.0,NW
42.03,7.0,NW
45.16,5.0,NW
48.29,3.0,NW
50.08,3.0,NW
51.87,7.0,NW
53.66,9.0,NW
1.79,7.0,NE
4.02,5.0,NW
5.81,5.0,NW
9.83,7.0,NW
13.85,9.0,NW
17.87,8.0,NW
21.0,9.0,NW
22.79,9.0,NW
1.79,8.0,cv
2.68,10.0,cv
1.79,10.0,SE
3.58,8.0,SE
4.47,13.0,SE
6.26,24.0,SE
0.89,35.0,cv
1.78,35.0,cv
2.67,51.0,cv
3.56,59.0,cv
4.01,61.0,cv
0.89,47.0,NE
0.89,42.0,cv
3.13,45.0,NW
4.92,47.0,NW
6.71,33.0,NW
0.89,20.0,cv
1.79,25.0,NW
4.92,22.0,NW
6.71,17.0,NW
0.89,26.0,cv
1.78,28.0,cv
3.57,31.0,cv
4.02,46.0,SE
7.15,49.0,SE
11.17,37.0,SE
15.19,31.0,SE
18.32,31.0,SE
21.45,54.0,SE
26.37,67.0,SE
30.39,75.0,SE
3.13,88.0,cv
4.02,114.0,cv
4.91,128.0,cv
5.8,141.0,cv
6.69,149.0,cv
0.89,149.0,NW
0.89,125.0,cv
1.78,92.0,cv
2.67,110.0,cv
1.79,89.0,NW
0.89,84.0,cv
1.79,95.0,NW
1.79,62.0,NE
9.83,23.0,NW
18.77,11.0,NW
28.6,13.0,NW
37.54,9.0,NW
48.72,12.0,NW
58.55,9.0,NW
67.49,8.0,NW
76.43,9.0,NW
85.37,8.0,NW
94.31,7.0,NW
100.12,16.0,NW
103.25,20.0,NW
1.79,17.0,NE
0.89,20.0,cv
1.78,40.0,cv
1.79,27.0,SE
0.89,27.0,cv
1.78,29.0,cv
2.67,31.0,cv
3.56,37.0,cv
4.01,36.0,cv
4.9,43.0,cv
5.79,44.0,cv
6.68,44.0,cv
7.57,25.0,cv
4.92,17.0,SE
9.84,17.0,SE
16.99,27.0,SE
24.14,29.0,SE
31.29,29.0,SE
38.44,36.0,SE
44.25,59.0,SE
47.38,59.0,SE
50.51,57.0,SE
53.64,55.0,SE
55.43,60.0,SE
0.89,70.0,cv
1.79,80.0,SE
0.89,85.0,cv
1.78,88.0,cv
0.89,91.0,NW
0.45,98.0,cv
0.89,103.0,NW
2.68,101.0,NW
3.57,98.0,NW
0.89,99.0,cv
0.89,95.0,NW
2.68,76.0,NW
4.47,80.0,NW
0.89,87.0,cv
2.68,87.0,cv
4.47,82.0,cv
3.13,105.0,SE
6.26,116.0,SE
10.28,103.0,SE
14.3,109.0,SE
0.89,118.0,cv
1.79,127.0,SE
3.58,144.0,SE
4.47,189.0,SE
0.89,190.0,cv
1.78,225.0,cv
0.89,211.0,NW
2.68,197.0,NW
1.79,200.0,NE
1.79,197.0,NW
0.89,193.0,cv
1.79,180.0,NW
3.58,117.0,NW
5.37,110.0,NW
8.5,111.0,NW
1.79,94.0,NE
0.89,112.0,cv
1.78,110.0,cv
2.67,155.0,cv
4.46,186.0,cv
5.35,194.0,cv
3.13,210.0,SE
6.26,215.0,SE
8.05,230.0,SE
0.89,239.0,NE
1.78,272.0,NE
0.89,296.0,SE
1.78,315.0,SE
0.89,357.0,cv
1.34,382.0,cv
2.23,406.0,cv
4.02,405.0,cv
0.89,389.0,NE
0.89,397.0,SE
0.89,413.0,cv
0.89,373.0,NE
0.89,362.0,cv
1.78,356.0,cv
1.79,344.0,SE
0.89,352.0,cv
1.79,357.0,SE
3.58,353.0,SE
6.71,292.0,SE
10.73,213.0,SE
13.86,210.0,SE
16.99,183.0,SE
20.12,161.0,SE
21.91,153.0,SE
0.89,169.0,NE
0.89,196.0,cv
0.89,200.0,SE
2.68,197.0,SE
5.81,178.0,SE
7.6,161.0,SE
9.39,161.0,SE
10.28,166.0,SE
12.07,171.0,SE
0.89,177.0,NE
1.78,177.0,NE
0.89,189.0,cv
1.78,187.0,cv
0.89,192.0,SE
0.89,203.0,cv
1.78,234.0,cv
4.02,261.0,NE
4.92,265.0,SE
8.94,268.0,SE
12.96,285.0,SE
14.75,264.0,SE
16.54,253.0,SE
20.12,239.0,SE
0.45,256.0,cv
0.89,253.0,SE
2.68,262.0,SE
4.47,239.0,SE
7.6,143.0,SE
9.39,71.0,SE
12.52,61.0,SE
14.31,34.0,SE
15.2,36.0,SE
16.09,33.0,SE
19.22,31.0,SE
20.11,24.0,SE
21.9,31.0,SE
25.03,38.0,SE
28.16,38.0,SE
31.29,38.0,SE
34.42,38.0,SE
37.55,36.0,SE
40.68,38.0,SE
42.47,37.0,SE
1.79,36.0,cv
4.02,35.0,SE
7.15,33.0,SE
8.94,41.0,SE
0.89,38.0,cv
1.78,51.0,cv
0.89,67.0,SE
2.68,84.0,SE
4.47,91.0,SE
0.89,97.0,NE
0.89,60.0,cv
1.78,50.0,cv
2.67,47.0,cv
0.89,52.0,NE
0.89,73.0,cv
1.78,111.0,cv
2.67,104.0,cv
3.12,90.0,cv
4.01,84.0,cv
4.9,79.0,cv
5.79,83.0,cv
6.68,92.0,cv
1.79,104.0,SE
3.58,100.0,SE
6.71,101.0,SE
9.84,86.0,SE
11.63,85.0,SE
13.42,83.0,SE
1.79,97.0,NE
3.58,117.0,NE
0.89,124.0,cv
1.78,127.0,cv
2.23,132.0,cv
2.68,130.0,cv
0.89,126.0,NE
0.89,119.0,cv
0.89,108.0,SE
0.89,108.0,cv
0.89,102.0,NW
1.78,110.0,NW
0.89,113.0,cv
1.78,108.0,cv
1.79,116.0,NE
3.13,130.0,NW
1.79,134.0,NE
0.89,136.0,cv
1.78,145.0,cv
2.67,149.0,cv
3.56,133.0,cv
1.79,143.0,SE
3.58,149.0,SE
5.37,164.0,SE
0.45,170.0,cv
1.34,174.0,cv
2.23,191.0,cv
0.89,196.0,SE
1.78,195.0,SE
0.89,214.0,NE
0.89,227.0,NW
0.89,217.0,cv
1.79,195.0,NW
3.58,183.0,NW
5.37,179.0,NW
7.16,191.0,NW
8.95,178.0,NW
10.74,183.0,NW
12.53,185.0,NW
15.66,192.0,NW
18.79,199.0,NW
0.89,231.0,cv
1.78,253.0,cv
2.67,281.0,cv
1.79,294.0,SE
3.58,317.0,SE
5.37,318.0,SE
6.26,323.0,SE
0.89,339.0,NE
0.45,341.0,cv
0.89,346.0,NE
0.89,356.0,cv
0.89,383.0,NE
0.45,363.0,cv
0.9,381.0,cv
1.79,352.0,NW
3.58,319.0,NW
0.89,310.0,NE
1.79,331.0,NW
3.58,332.0,NW
5.37,315.0,NW
7.16,312.0,NW
10.29,310.0,NW
12.08,324.0,NW
13.87,330.0,NW
0.89,324.0,cv
1.78,331.0,cv
1.79,346.0,SE
3.58,352.0,SE
5.37,376.0,SE
7.16,402.0,SE
8.05,423.0,SE
0.89,440.0,cv
0.89,449.0,SE
2.68,472.0,SE
0.89,453.0,cv
1.78,413.0,cv
2.67,396.0,cv
1.79,395.0,NW
3.58,379.0,NW
6.71,341.0,NW
10.73,312.0,NW
1.79,257.0,NE
4.02,183.0,NW
9.83,39.0,NW
7.15,16.0,NE
12.96,14.0,NE
20.11,16.0,NE
28.16,10.0,NE
35.31,10.0,NE
43.36,9.0,NE
49.17,7.0,NE
54.09,9.0,NE
58.11,9.0,NE
62.13,10.0,NE
65.26,8.0,NE
68.39,9.0,NE
72.41,17.0,NE
4.92,15.0,NW
4.02,15.0,NE
7.15,12.0,NE
11.17,9.0,NE
15.19,10.0,NE
19.21,9.0,NE
22.34,12.0,NE
25.47,9.0,NE
27.26,13.0,NE
0.89,14.0,cv
1.34,12.0,cv
2.23,24.0,cv
3.12,23.0,cv
4.01,31.0,cv
5.8,57.0,cv
7.59,43.0,cv
3.13,35.0,SE
7.15,31.0,SE
10.28,30.0,SE
14.3,25.0,SE
17.43,33.0,SE
20.56,39.0,SE
23.69,40.0,SE
27.71,60.0,SE
30.84,68.0,SE
33.97,57.0,SE
35.76,51.0,SE
0.89,26.0,NE
1.79,50.0,SE
0.89,42.0,cv
0.89,43.0,NE
0.89,74.0,cv
0.89,87.0,SE
1.78,78.0,SE
0.89,77.0,NE
1.78,91.0,NE
2.67,99.0,NE
0.89,92.0,cv
1.78,83.0,cv
2.67,94.0,cv
4.46,90.0,cv
6.25,68.0,cv
3.13,60.0,SE
3.13,53.0,cv
1.79,51.0,SE
4.92,52.0,SE
8.05,51.0,SE
11.18,47.0,SE
0.89,47.0,cv
0.89,59.0,SE
1.78,59.0,SE
2.67,74.0,SE
0.89,93.0,NE
0.89,101.0,cv
1.34,111.0,cv
2.23,139.0,cv
0.89,129.0,NW
1.78,127.0,NW
3.57,114.0,NW
5.36,98.0,NW
7.15,102.0,NW
8.94,106.0,NW
10.73,111.0,NW
0.89,106.0,cv
1.78,105.0,cv
2.67,108.0,cv
4.46,107.0,cv
5.35,113.0,cv
1.79,126.0,SE
0.89,141.0,NE
0.89,158.0,SE
1.78,170.0,SE
2.67,176.0,SE
3.56,183.0,SE
0.45,193.0,cv
0.89,215.0,SE
1.78,215.0,SE
2.67,210.0,SE
3.56,214.0,SE
0.89,214.0,cv
1.79,272.0,NE
1.79,198.0,NW
0.45,176.0,cv
0.9,159.0,cv
1.35,158.0,cv
1.79,137.0,NE
2.68,156.0,NE
0.89,161.0,cv
1.78,163.0,cv
0.89,178.0,NE
0.89,180.0,cv
1.79,179.0,SE
0.89,182.0,cv
1.34,192.0,cv
1.79,199.0,cv
2.68,208.0,cv
1.79,212.0,NW
0.89,193.0,cv
1.78,205.0,cv
2.67,206.0,cv
0.89,212.0,NE
0.89,216.0,cv
0.89,232.0,NE
0.89,223.0,NW
0.89,229.0,SE
0.89,206.0,NW
0.89,194.0,cv
0.89,211.0,NE
1.78,225.0,NE
0.89,169.0,cv
2.68,144.0,cv
3.57,150.0,cv
1.79,144.0,SE
3.58,143.0,SE
5.37,143.0,SE
7.16,145.0,SE
8.95,152.0,SE
0.89,165.0,cv
1.78,176.0,cv
2.67,209.0,cv
3.56,224.0,cv
1.79,200.0,SE
4.92,188.0,SE
6.71,184.0,SE
1.79,180.0,NW
0.89,189.0,cv
1.34,215.0,cv
1.79,180.0,NW
0.89,81.0,cv
1.79,78.0,NW
0.89,24.0,NE
0.89,26.0,cv
1.78,29.0,cv
2.67,22.0,cv
4.92,14.0,NW
12.97,11.0,NW
20.12,12.0,NW
25.93,11.0,NW
31.74,13.0,NW
37.55,12.0,NW
44.7,9.0,NW
50.51,10.0,NW
56.32,10.0,NW
61.24,15.0,NW
65.26,18.0,NW
69.28,18.0,NW
77.33,14.0,NW
88.51,16.0,NW
98.34,10.0,NW
106.39,9.0,NW
113.54,6.0,NW
120.69,8.0,NW
130.52,6.0,NW
138.57,3.0,NW
147.51,2.0,NW
153.32,8.0,NW
159.13,8.0,NW
164.05,7.0,NW
171.2,6.0,NW
177.01,8.0,NW
184.16,6.0,NW
193.99,9.0,NW
202.93,8.0,NW
210.08,7.0,NW
218.13,10.0,NW
223.94,10.0,NW
229.75,11.0,NW
234.67,10.0,NW
238.69,7.0,NW
240.48,8.0,NW
0.89,7.0,cv
1.78,10.0,cv
2.67,17.0,cv
3.12,22.0,cv
4.91,28.0,cv
0.89,28.0,NE
0.45,26.0,cv
3.13,25.0,NW
0.89,20.0,cv
1.78,11.0,cv
1.79,28.0,SE
0.89,39.0,cv
1.79,38.0,NW
1.79,14.0,cv
3.58,11.0,cv
3.13,18.0,SE
6.26,8.0,SE
9.39,10.0,SE
12.52,10.0,SE
15.65,11.0,SE
18.78,23.0,SE
0.89,34.0,cv
1.78,40.0,cv
2.67,43.0,cv
3.56,48.0,cv
4.45,57.0,cv
5.34,61.0,cv
6.23,60.0,cv
1.79,68.0,NE
2.68,76.0,NE
0.45,72.0,cv
0.9,80.0,cv
1.79,80.0,cv
2.68,66.0,cv
0.89,64.0,NE
0.89,85.0,cv
1.79,96.0,SE
3.58,109.0,SE
5.37,118.0,SE
8.5,141.0,SE
12.52,159.0,SE
3.13,153.0,cv
4.02,153.0,SE
0.45,152.0,cv
1.34,157.0,cv
2.23,159.0,cv
0.89,196.0,NE
0.89,208.0,cv
1.78,215.0,cv
2.67,255.0,cv
3.13,239.0,NW
0.89,232.0,cv
1.79,210.0,NE
4.02,184.0,NW
0.89,174.0,cv
1.79,164.0,NW
4.92,147.0,NW
6.71,98.0,NW
8.5,136.0,NW
10.29,137.0,NW
0.89,90.0,cv
1.79,14.0,NW
7.6,8.0,NW
14.75,8.0,NW
22.8,11.0,NW
29.95,9.0,NW
37.1,6.0,NW
41.12,6.0,NW
46.93,10.0,NW
50.95,10.0,NW
4.02,7.0,NE
4.92,6.0,NW
8.05,5.0,NW
1.79,6.0,NE
4.02,4.0,NW
8.04,5.0,NW
9.83,4.0,NW
11.62,3.0,NW
3.13,8.0,NE
4.92,9.0,NE
8.94,7.0,NE
13.86,7.0,NE
18.78,9.0,NE
24.59,11.0,NE
35.32,9.0,NE
41.13,7.0,NE
46.05,4.0,NE
51.86,3.0,NE
55.88,4.0,NE
59.01,7.0,NE
59.9,6.0,NE
0.89,6.0,cv
1.78,33.0,cv
2.67,40.0,cv
0.89,40.0,SE
0.89,48.0,cv
0.89,44.0,SE
1.78,41.0,SE
0.89,44.0,cv
1.78,45.0,cv
2.67,79.0,cv
3.56,76.0,cv
0.89,79.0,SE
0.89,90.0,NW
1.78,73.0,NW
0.89,70.0,NE
0.89,66.0,cv
1.78,59.0,cv
2.67,62.0,cv
3.56,60.0,cv
4.45,41.0,cv
5.34,38.0,cv
1.79,33.0,NE
0.89,18.0,cv
1.78,28.0,cv
2.67,46.0,cv
3.13,51.0,SE
4.92,57.0,SE
1.79,37.0,cv
2.68,35.0,cv
0.89,41.0,SE
0.89,46.0,cv
1.79,56.0,NW
3.58,69.0,NW
0.89,79.0,cv
0.89,76.0,NW
2.68,65.0,NW
5.81,69.0,NW
7.6,74.0,NW
10.73,79.0,NW
13.86,78.0,NW
15.65,87.0,NW
17.44,82.0,NW
1.79,74.0,cv
2.68,77.0,cv
1.79,84.0,SE
3.58,87.0,SE
7.6,91.0,SE
10.73,77.0,SE
1.79,74.0,cv
2.68,84.0,cv
3.57,89.0,cv
0.89,94.0,NE
0.89,92.0,SE
0.45,97.0,cv
1.79,92.0,NW
3.58,98.0,NW
0.89,116.0,cv
1.79,113.0,NW
3.58,101.0,NW
7.6,87.0,NW
9.39,54.0,NW
12.52,50.0,NW
16.54,42.0,NW
19.67,38.0,NW
22.8,38.0,NW
24.59,39.0,NW
1.79,33.0,cv
1.79,34.0,NW
3.13,40.0,SE
6.26,48.0,SE
9.39,45.0,SE
11.18,39.0,SE
12.97,44.0,SE
0.89,57.0,cv
1.78,77.0,cv
2.67,76.0,cv
3.12,98.0,cv
0.89,101.0,NE
1.78,104.0,NE
0.89,106.0,cv
1.79,108.0,NW
3.58,98.0,NW
5.37,79.0,NW
7.16,44.0,NW
8.95,33.0,NW
10.74,45.0,NW
12.53,53.0,NW
14.32,47.0,NW
16.11,42.0,NW
0.89,34.0,cv
1.78,38.0,cv
1.79,41.0,SE
4.92,56.0,SE
8.05,59.0,SE
11.18,68.0,SE
0.45,79.0,cv
1.34,79.0,cv
4.02,111.0,SE
5.81,147.0,SE
0.89,153.0,cv
1.78,145.0,cv
2.67,143.0,cv
3.12,144.0,cv
4.01,200.0,cv
4.9,239.0,cv
5.79,185.0,cv
6.68,163.0,cv
3.13,28.0,NW
4.92,12.0,NW
12.97,9.0,NW
18.78,9.0,NW
25.93,11.0,NW
33.98,15.0,NW
42.03,13.0,NW
53.21,14.0,NW
63.04,17.0,NW
71.98,18.0,NW
80.92,16.0,NW
90.75,11.0,NW
98.8,7.0,NW
103.72,9.0,NW
106.85,13.0,NW
108.64,16.0,NW
116.69,8.0,NW
124.74,19.0,NW
133.68,8.0,NW
140.83,9.0,NW
148.88,5.0,NW
156.03,2.0,NW
161.84,2.0,NW
165.86,3.0,NW
173.91,3.0,NW
181.96,6.0,NW
191.79,4.0,NW
202.97,4.0,NW
215.04,5.0,NW
227.11,6.0,NW
240.07,6.0,NW
252.14,5.0,NW
261.97,4.0,NW
271.8,6.0,NW
279.85,5.0,NW
284.77,3.0,NW
288.79,5.0,NW
293.71,7.0,NW
299.52,9.0,NW
306.67,11.0,NW
313.82,12.0,NW
1.79,15.0,NE
4.02,17.0,NW
8.04,12.0,NW
12.06,11.0,NW
1.79,12.0,cv
2.68,12.0,cv
1.79,11.0,NW
0.89,13.0,cv
1.78,15.0,cv
0.89,21.0,NE
1.78,21.0,NE
3.13,40.0,SE
4.92,40.0,SE
4.92,20.0,NW
9.84,16.0,NW
17.89,26.0,NW
25.04,25.0,NW
32.19,25.0,NW
39.34,35.0,NW
4.02,31.0,SE
8.94,30.0,SE
12.96,33.0,SE
16.98,45.0,SE
20.11,53.0,SE
1.79,44.0,NW
4.92,43.0,NW
6.71,52.0,NW
8.5,52.0,NW
9.39,52.0,NW
11.18,54.0,NW
12.97,52.0,NW
14.76,49.0,NW
17.89,49.0,NW
21.02,40.0,NW
1.79,41.0,NE
1.79,24.0,cv
3.58,30.0,cv
5.37,21.0,cv
7.16,22.0,cv
8.05,20.0,cv
1.79,21.0,NE
3.13,21.0,SE
4.92,25.0,SE
8.05,32.0,SE
0.89,35.0,cv
1.79,50.0,SE
2.68,74.0,SE
4.47,64.0,SE
5.36,90.0,SE
1.79,138.0,NE
0.45,182.0,cv
0.89,210.0,NW
0.89,208.0,NE
0.89,152.0,NW
1.78,122.0,NW
3.57,87.0,NW
0.89,62.0,NE
1.79,52.0,NW
0.45,52.0,cv
1.34,59.0,cv
2.23,96.0,cv
3.12,128.0,cv
1.79,141.0,SE
0.89,167.0,cv
0.89,206.0,SE
1.79,227.0,NW
2.68,246.0,NW
4.47,230.0,NW
7.6,239.0,NW
8.49,238.0,NW
10.28,250.0,NW
12.07,261.0,NW
0.89,283.0,cv
1.78,273.0,cv
2.67,281.0,cv
3.56,218.0,cv
1.79,222.0,NW
0.89,206.0,cv
1.78,304.0,cv
0.89,299.0,NE
0.89,284.0,cv
0.89,266.0,NW
2.68,256.0,NW
5.81,79.0,NW
8.94,38.0,NW
14.75,22.0,NW
21.9,15.0,NW
29.95,21.0,NW
38.0,18.0,NW
46.05,19.0,NW
51.86,16.0,NW
59.01,17.0,NW
66.16,15.0,NW
73.31,24.0,NW
79.12,12.0,NW
84.04,19.0,NW
91.19,13.0,NW
97.0,12.0,NW
101.92,13.0,NW
107.73,12.0,NW
114.88,13.0,NW
120.69,11.0,NW
0.89,11.0,cv
1.78,9.0,cv
1.79,11.0,NE
3.58,17.0,NE
3.13,19.0,NW
7.15,19.0,NW
8.94,16.0,NW
13.86,14.0,NW
18.78,15.0,NW
23.7,15.0,NW
28.62,8.0,NW
33.54,13.0,NW
36.67,16.0,NW
0.89,27.0,cv
1.78,47.0,cv
2.67,54.0,cv
3.56,62.0,cv
0.89,66.0,SE
0.89,72.0,cv
0.89,81.0,NW
1.78,138.0,NW
3.57,121.0,NW
5.36,78.0,NW
7.15,78.0,NW
10.28,63.0,NW
12.07,45.0,NW
13.86,39.0,NW
15.65,40.0,NW
18.78,42.0,NW
21.91,41.0,NW
0.89,53.0,cv
2.68,52.0,cv
4.47,61.0,cv
6.26,59.0,cv
1.79,53.0,SE
4.92,59.0,SE
0.89,63.0,cv
0.89,86.0,SE
0.89,106.0,cv
1.78,136.0,cv
0.89,158.0,SE
0.89,189.0,cv
1.79,203.0,SE
0.89,221.0,NE
0.89,257.0,cv
1.34,333.0,cv
1.79,371.0,cv
1.79,354.0,NW
0.89,273.0,cv
1.78,255.0,cv
0.89,165.0,NW
0.89,198.0,cv
1.79,275.0,SE
0.89,320.0,cv
1.34,284.0,cv
2.23,346.0,cv
1.79,311.0,SE
3.58,372.0,SE
1.79,399.0,cv
0.89,370.0,SE
0.89,327.0,cv
1.78,346.0,cv
2.23,351.0,cv
1.79,362.0,NE
0.89,394.0,cv
1.34,409.0,cv
1.79,384.0,cv
0.89,393.0,NW
4.02,380.0,NW
5.81,330.0,NW
0.89,324.0,cv
0.89,334.0,NW
0.89,334.0,cv
0.89,368.0,NW
0.89,360.0,cv
1.78,324.0,cv
2.67,299.0,cv
1.79,305.0,NW
0.89,290.0,cv
1.79,314.0,SE
1.79,315.0,cv
3.13,306.0,SE
7.15,292.0,SE
8.94,315.0,SE
9.83,332.0,SE
0.89,342.0,cv
0.89,338.0,SE
0.89,375.0,cv
1.78,287.0,cv
1.79,177.0,NW
0.89,133.0,cv
2.68,93.0,cv
3.57,82.0,cv
5.36,86.0,cv
4.92,88.0,NW
10.73,33.0,NW
15.65,16.0,NW
20.57,19.0,NW
3.13,22.0,NE
1.79,31.0,NW
4.92,37.0,NW
6.71,38.0,NW
8.5,30.0,NW
12.52,17.0,NW
15.65,9.0,NW
1.79,9.0,NE
3.13,12.0,NW
4.92,8.0,NW
6.71,10.0,NW
9.84,13.0,NW
11.63,15.0,NW
14.76,29.0,NW
18.78,31.0,NW
21.91,37.0,NW
25.04,36.0,NW
26.83,31.0,NW
1.79,26.0,cv
3.58,28.0,cv
3.13,26.0,SE
6.26,38.0,SE
8.05,48.0,SE
9.84,65.0,SE
11.63,79.0,SE
14.76,101.0,SE
17.89,123.0,SE
19.68,146.0,SE
21.47,127.0,SE
23.26,107.0,SE
24.15,106.0,SE
0.45,116.0,cv
0.89,100.0,NW
0.45,91.0,cv
0.9,91.0,cv
1.79,99.0,cv
3.13,110.0,NW
4.92,111.0,NW
6.71,113.0,NW
10.73,101.0,NW
0.89,101.0,SE
2.68,111.0,SE
0.89,114.0,cv
1.78,119.0,cv
1.79,141.0,SE
3.58,149.0,SE
0.89,134.0,cv
1.78,143.0,cv
2.23,174.0,cv
1.79,182.0,SE
2.68,181.0,SE
1.79,186.0,NE
0.45,193.0,cv
1.79,240.0,NW
6.71,289.0,NW
8.5,282.0,NW
10.29,188.0,NW
13.42,175.0,NW
16.55,150.0,NW
19.68,116.0,NW
23.7,100.0,NW
3.13,42.0,NE
3.13,41.0,NW
4.92,30.0,NE
8.94,28.0,NE
10.73,19.0,NE
0.89,22.0,cv
1.78,22.0,cv
3.13,22.0,SE
7.15,31.0,SE
10.28,31.0,SE
13.41,44.0,SE
15.2,46.0,SE
16.09,62.0,SE
0.89,80.0,cv
1.78,129.0,cv
2.67,118.0,cv
0.89,90.0,NE
0.89,78.0,SE
1.79,86.0,NE
0.89,111.0,cv
1.78,144.0,cv
2.67,121.0,cv
0.89,112.0,NE
1.78,111.0,NE
2.67,146.0,NE
0.89,159.0,cv
1.78,151.0,cv
3.57,143.0,cv
4.46,157.0,cv
6.25,174.0,cv
7.14,199.0,cv
4.02,192.0,SE
8.94,189.0,SE
12.96,159.0,SE
14.75,205.0,SE
0.45,230.0,cv
1.79,280.0,SE
3.58,266.0,SE
5.37,311.0,SE
7.16,342.0,SE
8.95,323.0,SE
0.89,299.0,cv
1.78,283.0,cv
1.79,258.0,SE
0.45,239.0,cv
1.34,236.0,cv
2.23,241.0,cv
0.89,226.0,SE
1.78,215.0,SE
0.89,201.0,cv
1.78,201.0,cv
2.67,234.0,cv
3.56,241.0,cv
1.79,250.0,SE
0.89,259.0,cv
1.78,289.0,cv
1.79,330.0,SE
2.68,350.0,SE
3.57,350.0,SE
4.46,388.0,SE
5.35,379.0,SE
0.45,436.0,cv
1.34,502.0,cv
2.23,522.0,cv
3.12,470.0,cv
3.13,439.0,NW
7.15,362.0,NW
4.92,176.0,NE
8.05,98.0,NE
13.86,24.0,NE
18.78,20.0,NE
4.92,11.0,NW
12.07,11.0,NW
7.15,14.0,NE
12.07,14.0,NE
17.88,16.0,NE
5.81,13.0,NW
5.81,13.0,NE
10.73,14.0,NE
14.75,18.0,NE
17.88,17.0,NE
21.9,16.0,NE
23.69,20.0,NE
1.79,30.0,NW
3.58,24.0,NW
5.37,34.0,NW
0.89,37.0,cv
3.13,39.0,NW
4.02,34.0,NW
5.81,39.0,NW
7.6,49.0,NW
8.49,51.0,NW
10.28,52.0,NW
12.07,70.0,NW
15.2,83.0,NW
16.99,92.0,NW
20.12,95.0,NW
23.25,83.0,NW
26.38,66.0,NW
0.89,66.0,cv
1.78,77.0,cv
3.57,74.0,cv
3.13,70.0,SE
6.26,86.0,SE
9.39,90.0,SE
13.41,91.0,SE
17.43,99.0,SE
20.56,129.0,SE
22.35,168.0,SE
24.14,200.0,SE
25.93,214.0,SE
27.72,211.0,SE
28.61,219.0,SE
0.89,237.0,cv
1.79,248.0,SE
0.89,254.0,NE
2.68,254.0,NE
3.57,252.0,NE
4.46,277.0,NE
0.89,291.0,cv
1.78,287.0,cv
1.79,295.0,NE
0.89,287.0,cv
1.34,325.0,cv
2.23,301.0,cv
3.12,311.0,cv
0.89,369.0,SE
0.89,380.0,cv
0.89,393.0,NE
3.13,344.0,NW
0.89,343.0,NE
1.79,343.0,NW
3.58,323.0,NW
5.37,328.0,NW
6.26,312.0,NW
8.05,264.0,NW
0.89,242.0,cv
0.89,254.0,NE
1.79,204.0,NW
3.58,194.0,NW
6.71,227.0,NW
9.84,242.0,NW
11.63,235.0,NW
14.76,168.0,NW
21.91,20.0,NW
29.96,18.0,NW
38.01,16.0,NW
47.84,24.0,NW
57.67,23.0,NW
67.5,36.0,NW
78.68,43.0,NW
89.86,30.0,NW
101.04,19.0,NW
112.22,14.0,NW
120.27,18.0,NW
129.21,27.0,NW
142.17,31.0,NW
152.0,44.0,NW
164.07,32.0,NW
179.27,33.0,NW
190.45,48.0,NW
200.28,36.0,NW
207.43,25.0,NW
215.48,21.0,NW
220.4,13.0,NW
230.23,13.0,NW
243.19,12.0,NW
255.26,13.0,NW
269.12,12.0,NW
278.95,11.0,NW
290.13,10.0,NW
302.2,12.0,NW
313.38,14.0,NW
323.21,11.0,NW
332.15,10.0,NW
343.33,9.0,NW
351.38,9.0,NW
359.43,8.0,NW
365.24,9.0,NW
372.39,15.0,NW
376.41,19.0,NW
380.43,8.0,NW
385.35,15.0,NW
388.48,8.0,NW
390.27,15.0,NW
394.29,11.0,NW
3.13,13.0,NE
7.15,11.0,NE
11.17,13.0,NE
14.3,11.0,NE
16.09,12.0,NE
1.79,13.0,NW
4.92,11.0,NW
8.05,26.0,NW
9.84,23.0,NW
0.89,43.0,cv
2.68,52.0,cv
4.47,76.0,cv
6.26,66.0,cv
1.79,40.0,SE
5.81,67.0,SE
9.83,81.0,SE
11.62,96.0,SE
0.89,108.0,cv
1.78,99.0,cv
2.67,111.0,cv
0.89,120.0,NE
3.13,125.0,NW
4.92,123.0,NW
8.05,126.0,NW
9.84,111.0,NW
0.89,26.0,cv
4.02,11.0,NW
8.04,13.0,NW
15.19,9.0,NW
20.11,9.0,NW
25.92,13.0,NW
29.94,17.0,NW
37.99,16.0,NW
46.04,11.0,NW
51.85,11.0,NW
57.66,17.0,NW
64.81,9.0,NW
73.75,9.0,NW
82.69,11.0,NW
90.74,8.0,NW
95.66,15.0,NW
100.58,14.0,NW
105.5,9.0,NW
108.63,7.0,NW
112.65,6.0,NW
118.46,8.0,NW
125.61,11.0,NW
130.53,9.0,NW
135.45,11.0,NW
138.58,9.0,NW
141.71,8.0,NW
145.73,5.0,NW
1.79,6.0,NE
4.02,9.0,NW
8.94,6.0,NW
14.75,7.0,NW
20.56,7.0,NW
29.5,6.0,NW
37.55,9.0,NW
46.49,11.0,NW
56.32,10.0,NW
64.37,10.0,NW
70.18,8.0,NW
75.1,7.0,NW
80.02,10.0,NW
84.94,8.0,NW
4.02,17.0,NE
5.81,9.0,NW
15.64,18.0,NW
24.58,10.0,NW
33.52,6.0,NW
38.44,6.0,NW
41.57,9.0,NW
44.7,8.0,NW
3.13,7.0,NE
0.89,8.0,cv
3.13,14.0,NW
3.13,12.0,NE
5.81,25.0,NW
12.96,11.0,NW
16.98,16.0,NW
21.9,17.0,NW
29.05,13.0,NW
36.2,9.0,NW
1.79,11.0,SE
1.79,11.0,NE
0.89,32.0,SE
2.68,97.0,SE
0.89,115.0,cv
1.79,130.0,SE
1.79,138.0,NW
3.58,158.0,NW
0.45,140.0,cv
1.79,150.0,NW
0.89,149.0,cv
1.79,109.0,NW
0.45,84.0,cv
0.89,60.0,NW
2.68,38.0,NW
4.47,32.0,NW
6.26,44.0,NW
4.02,31.0,NE
8.04,31.0,NE
9.83,30.0,NE
1.79,16.0,cv
3.58,17.0,cv
1.79,19.0,SE
3.58,33.0,SE
5.37,71.0,SE
7.16,66.0,SE
8.95,61.0,SE
10.74,83.0,SE
13.87,122.0,SE
0.89,119.0,cv
0.89,95.0,NE
0.89,93.0,cv
1.78,102.0,cv
2.67,174.0,cv
3.56,137.0,cv
0.89,80.0,SE
0.89,63.0,cv
0.89,72.0,SE
0.89,59.0,cv
1.79,59.0,SE
3.58,72.0,SE
5.37,79.0,SE
1.79,77.0,cv
4.92,96.0,NW
12.97,54.0,NW
21.91,34.0,NW
29.06,18.0,NW
36.21,22.0,NW
43.36,21.0,NW
49.17,15.0,NW
54.09,13.0,NW
59.01,11.0,NW
63.03,17.0,NW
71.08,18.0,NW
76.0,16.0,NW
80.02,17.0,NW
83.15,18.0,NW
1.79,16.0,NE
1.79,15.0,NW
4.92,17.0,NW
8.05,19.0,NW
11.18,15.0,NW
12.97,22.0,NW
16.1,20.0,NW
0.89,21.0,cv
1.79,32.0,NW
3.58,20.0,NW
0.89,31.0,cv
2.68,40.0,cv
4.47,102.0,cv
6.26,117.0,cv
3.13,100.0,SE
2.68,136.0,cv
0.89,145.0,cv
1.79,180.0,SE
0.89,339.0,cv
1.78,355.0,cv
1.79,388.0,SE
0.89,390.0,cv
1.78,375.0,cv
0.89,367.0,NE
1.79,352.0,NW
4.92,351.0,NW
6.71,356.0,NW
8.5,367.0,NW
0.89,361.0,NE
0.89,350.0,NW
0.89,311.0,cv
0.89,319.0,SE
1.78,331.0,SE
2.67,303.0,SE
0.89,301.0,NW
0.89,306.0,cv
1.78,311.0,cv
2.67,318.0,cv
3.13,325.0,NW
1.79,152.0,NE
4.02,65.0,NW
13.85,57.0,NW
23.68,63.0,NW
32.62,62.0,NW
43.8,45.0,NW
53.63,19.0,NW
61.68,21.0,NW
70.62,13.0,NW
76.43,31.0,NW
82.24,17.0,NW
90.29,14.0,NW
99.23,13.0,NW
108.17,16.0,NW
116.22,18.0,NW
124.27,18.0,NW
134.1,20.0,NW
142.15,17.0,NW
146.17,9.0,NW
151.09,16.0,NW
156.01,14.0,NW
163.16,7.0,NW
168.97,15.0,NW
173.89,11.0,NW
3.13,13.0,NE
4.92,16.0,NE
3.13,14.0,NW
8.05,14.0,NW
12.97,14.0,NW
18.78,14.0,NW
22.8,12.0,NW
4.02,29.0,SE
3.13,40.0,cv
5.81,92.0,SE
10.73,76.0,SE
4.92,81.0,NW
16.1,32.0,NW
23.25,9.0,NW
29.06,12.0,NW
34.87,8.0,NW
42.02,8.0,NW
49.17,8.0,NW
52.3,9.0,NW
56.32,12.0,NW
59.45,14.0,NW
63.47,9.0,NW
68.39,7.0,NW
74.2,8.0,NW
78.22,12.0,NW
85.37,13.0,NW
95.2,9.0,NW
103.25,17.0,NW
112.19,18.0,NW
120.24,14.0,NW
126.05,10.0,NW
131.86,12.0,NW
136.78,9.0,NW
0.89,14.0,cv
1.78,17.0,cv
2.67,21.0,cv
0.89,47.0,SE
0.89,18.0,cv
1.78,15.0,cv
2.67,12.0,cv
3.56,16.0,cv
0.89,15.0,SE
0.89,13.0,cv
0.89,16.0,SE
0.89,16.0,cv
1.34,10.0,cv
1.79,13.0,NW
3.13,33.0,NE
0.89,37.0,cv
1.79,36.0,NW
1.79,53.0,SE
0.89,58.0,cv
3.13,46.0,SE
0.89,43.0,cv
4.02,41.0,SE
8.04,44.0,SE
9.83,72.0,SE
11.62,80.0,SE
13.41,86.0,SE
0.89,82.0,cv
0.89,86.0,NE
0.89,98.0,cv
1.78,112.0,cv
2.67,126.0,cv
3.12,192.0,cv
0.89,212.0,NE
1.79,144.0,NW
3.58,107.0,NW
5.37,86.0,NW
7.16,90.0,NW
10.29,95.0,NW
15.21,71.0,NW
1.79,76.0,NE
1.79,75.0,NW
4.92,58.0,NW
1.79,53.0,cv
2.68,59.0,cv
3.57,49.0,cv
1.79,44.0,SE
3.58,50.0,SE
5.37,68.0,SE
7.16,110.0,SE
8.95,129.0,SE
0.45,123.0,cv
0.89,109.0,SE
2.68,132.0,SE
4.47,160.0,SE
0.89,167.0,cv
1.78,257.0,cv
0.89,291.0,NE
1.79,305.0,NW
0.89,307.0,cv
0.89,293.0,NW
0.89,269.0,cv
9.83,47.0,NW
18.77,24.0,NW
28.6,17.0,NW
38.43,12.0,NW
49.61,9.0,NW
57.66,10.0,NW
69.73,9.0,NW
82.69,11.0,NW
94.76,8.0,NW
105.94,13.0,NW
118.01,12.0,NW
129.19,10.0,NW
141.26,9.0,NW
152.44,18.0,NW
160.49,10.0,NW
168.54,11.0,NW
175.69,11.0,NW
179.71,6.0,NW
185.52,6.0,NW
189.54,6.0,NW
194.46,5.0,NW
197.59,10.0,NW
201.61,9.0,NW
205.63,11.0,NW
211.44,11.0,NW
215.46,8.0,NW
222.61,12.0,NW
231.55,15.0,NW
240.49,11.0,NW
250.32,9.0,NW
261.5,25.0,NW
271.33,23.0,NW
280.27,13.0,NW
286.08,8.0,NW
290.1,10.0,NW
294.12,11.0,NW
298.14,12.0,NW
303.06,14.0,NW
307.08,14.0,NW
310.21,10.0,NW
313.34,8.0,NW
318.26,9.0,NW
321.39,9.0,NW
0.89,8.0,SE
1.78,17.0,SE
5.8,30.0,SE
9.82,43.0,SE
11.61,57.0,SE
0.89,65.0,cv
1.78,80.0,cv
2.67,88.0,cv
1.79,96.0,NE
3.58,121.0,NE
0.89,152.0,cv
1.79,172.0,SE
3.58,128.0,SE
7.6,77.0,SE
9.39,65.0,SE
0.89,79.0,cv
1.79,93.0,NE
3.58,104.0,NE
0.89,202.0,cv
1.78,245.0,cv
2.67,225.0,cv
1.79,180.0,NW
1.79,180.0,NE
0.89,170.0,NW
2.68,160.0,NW
4.47,146.0,NW
7.6,125.0,NW
8.49,130.0,NW
10.28,138.0,NW
12.07,147.0,NW
13.86,135.0,NW
16.99,136.0,NW
1.79,124.0,NE
1.79,135.0,NW
1.79,132.0,NE
1.79,133.0,SE
3.58,142.0,SE
5.37,163.0,SE
7.16,166.0,SE
0.89,189.0,cv
1.78,202.0,cv
2.67,228.0,cv
3.12,240.0,cv
0.89,235.0,NE
1.79,252.0,NW
0.89,254.0,cv
0.89,274.0,NW
2.68,253.0,NW
5.81,248.0,NW
7.6,219.0,NW
9.39,199.0,NW
10.28,198.0,NW
15.2,204.0,NW
22.35,66.0,NW
30.4,22.0,NW
39.34,19.0,NW
46.49,16.0,NW
55.43,11.0,NW
64.37,17.0,NW
75.55,15.0,NW
86.73,14.0,NW
98.8,12.0,NW
110.87,7.0,NW
120.7,7.0,NW
129.64,15.0,NW
140.82,7.0,NW
150.65,10.0,NW
159.59,8.0,NW
169.42,12.0,NW
176.57,11.0,NW
183.72,9.0,NW
189.53,14.0,NW
194.45,8.0,NW
200.26,12.0,NW
207.41,11.0,NW
212.33,12.0,NW
215.46,15.0,NW
220.38,12.0,NW
274.92,12.0,NW
278.94,14.0,NW
282.96,10.0,NW
286.98,7.0,NW
294.13,8.0,NW
302.18,6.0,NW
312.01,4.0,NW
321.84,4.0,NW
329.89,7.0,NW
339.72,6.0,NW
349.55,8.0,NW
355.36,7.0,NW
360.28,6.0,NW
365.2,9.0,NW
369.22,9.0,NW
372.35,9.0,NW
375.48,8.0,NW
381.29,11.0,NW
388.44,17.0,NW
396.49,21.0,NW
406.32,12.0,NW
416.15,20.0,NW
425.09,15.0,NW
433.14,13.0,NW
437.16,14.0,NW
441.18,20.0,NW
4.92,32.0,SE
8.05,33.0,SE
9.84,46.0,SE
11.63,53.0,SE
0.89,64.0,cv
1.78,53.0,cv
2.67,72.0,cv
3.56,85.0,cv
4.45,95.0,cv
5.34,98.0,cv
3.13,105.0,NW
3.13,117.0,SE
1.79,117.0,NE
3.58,126.0,NE
5.37,145.0,NE
3.13,136.0,NW
0.89,95.0,cv
1.78,80.0,cv
3.57,51.0,cv
3.13,67.0,SE
7.15,71.0,SE
10.28,63.0,SE
13.41,80.0,SE
17.43,75.0,SE
0.89,87.0,cv
1.79,105.0,SE
0.89,125.0,cv
1.78,115.0,cv
2.67,123.0,cv
0.89,142.0,NE
1.78,178.0,NE
3.57,163.0,NE
3.13,162.0,NW
4.92,145.0,NW
6.71,114.0,NW
7.6,84.0,NW
9.39,102.0,NW
12.52,82.0,NW
14.31,88.0,NW
16.1,90.0,NW
19.23,88.0,NW
21.02,95.0,NW
24.15,81.0,NW
25.94,89.0,NW
29.96,95.0,NW
31.75,57.0,NW
0.89,62.0,SE
0.89,234.0,cv
1.79,118.0,NW
5.81,108.0,NW
7.6,33.0,NW
11.62,21.0,NW
1.79,14.0,NE
0.89,13.0,cv
3.13,9.0,NW
7.15,10.0,NW
11.17,11.0,NW
15.19,9.0,NW
20.11,15.0,NW
24.13,13.0,NW
27.26,12.0,NW
29.05,11.0,NW
1.79,18.0,NE
6.71,17.0,NE
11.63,11.0,NE
4.92,12.0,NW
12.07,14.0,NW
17.88,14.0,NW
25.03,12.0,NW
30.84,16.0,NW
37.99,16.0,NW
45.14,12.0,NW
50.06,20.0,NW
54.98,23.0,NW
59.9,16.0,NW
65.71,17.0,NW
70.63,18.0,NW
75.55,20.0,NW
79.57,22.0,NW
84.49,22.0,NW
88.51,10.0,NW
91.64,14.0,NW
94.77,14.0,NW
1.79,18.0,NE
3.58,13.0,NE
6.71,18.0,NE
10.73,27.0,NE
13.86,38.0,NE
4.02,25.0,NW
7.15,16.0,NW
10.28,16.0,NW
1.79,9.0,NE
3.58,8.0,NE
1.79,18.0,SE
0.89,31.0,cv
1.78,38.0,cv
2.67,49.0,cv
1.79,52.0,SE
0.89,50.0,cv
0.89,51.0,SE
2.68,69.0,SE
4.47,93.0,SE
0.89,94.0,cv
1.78,147.0,cv
0.89,226.0,SE
0.89,179.0,NW
1.78,153.0,NW
2.67,133.0,NW
4.46,127.0,NW
0.45,119.0,cv
0.89,111.0,NE
1.78,118.0,NE
1.79,116.0,SE
0.89,131.0,cv
1.78,152.0,cv
2.67,163.0,cv
3.56,171.0,cv
4.45,198.0,cv
4.9,234.0,cv
0.89,260.0,NE
0.89,271.0,cv
1.79,244.0,NW
0.89,242.0,cv
1.34,210.0,cv
2.23,194.0,cv
1.79,163.0,NW
3.58,194.0,NW
5.37,187.0,NW
7.16,216.0,NW
8.95,225.0,NW
10.74,199.0,NW
12.53,207.0,NW
13.42,227.0,NW
16.55,259.0,NW
19.68,182.0,NW
22.81,185.0,NW
25.94,191.0,NW
27.73,194.0,NW
0.89,194.0,cv
1.78,192.0,cv
3.13,208.0,SE
6.26,224.0,SE
10.28,249.0,SE
1.79,317.0,cv
2.68,328.0,cv
3.57,349.0,cv
4.46,327.0,cv
5.35,348.0,cv
6.24,363.0,cv
6.69,385.0,cv
1.79,393.0,NE
3.13,388.0,NW
6.26,444.0,NW
9.39,334.0,NW
11.18,284.0,NW
14.31,264.0,NW
17.44,221.0,NW
1.79,160.0,NE
3.58,160.0,NE
3.13,92.0,NW
7.15,59.0,NW
1.79,69.0,NE
5.81,48.0,NW
12.96,32.0,NW
20.11,33.0,NW
25.92,45.0,NW
29.94,42.0,NW
33.96,41.0,NW
37.98,110.0,NW
0.89,175.0,cv
1.78,293.0,cv
2.67,324.0,cv
3.12,341.0,cv
4.01,362.0,cv
4.9,372.0,cv
5.79,373.0,cv
6.68,372.0,cv
7.57,318.0,cv
8.46,188.0,cv
1.79,171.0,NW
4.92,136.0,NW
0.89,124.0,cv
1.78,141.0,cv
2.67,132.0,cv
3.56,134.0,cv
3.13,56.0,NW
10.28,48.0,NW
17.43,27.0,NW
25.48,28.0,NW
32.63,20.0,NW
36.65,22.0,NW
0.89,120.0,cv
1.78,109.0,cv
2.67,112.0,cv
3.12,128.0,cv
3.13,164.0,NE
1.79,159.0,NW
0.89,189.0,cv
1.79,97.0,NW
5.81,81.0,NW
10.73,28.0,NW
15.65,25.0,NW
19.67,9.0,NW
22.8,9.0,NW
0.89,13.0,cv
1.78,17.0,cv
1.79,16.0,NW
1.79,25.0,NE
1.79,48.0,SE
3.58,49.0,SE
6.71,73.0,SE
9.84,65.0,SE
11.63,55.0,SE
0.89,60.0,cv
1.79,63.0,NE
3.58,79.0,NE
5.81,35.0,NW
12.96,26.0,NW
21.9,20.0,NW
31.73,8.0,NW
38.88,16.0,NW
51.84,10.0,NW
61.67,11.0,NW
70.61,20.0,NW
81.79,9.0,NW
94.75,8.0,NW
109.95,9.0,NW
130.07,8.0,NW
143.03,8.0,NW
150.18,8.0,NW
155.99,8.0,NW
163.14,7.0,NW
170.29,12.0,NW
177.44,17.0,NW
186.38,11.0,NW
196.21,9.0,NW
205.15,11.0,NW
214.09,8.0,NW
221.24,9.0,NW
226.16,10.0,NW
231.97,8.0,NW
237.78,10.0,NW
242.7,10.0,NW
246.72,8.0,NW
249.85,12.0,NW
